gis/input_ras/sw_ww/Hydro Model_ 06 - Upper Clay_younger.asc
ncols        266
nrows        300
xllcorner    2364495.809716653544
yllcorner    243038.907031175506
cellsize     500.000000000000
NODATA_value -99999
[rows 147 to 167 of 300, columns 144 to 191 of 266]
-99999 -99999 -99999 -99999 -99999 -99999 -99999 -99999 -99999 -99999 -99999 -99999 -99999 -99999 -99999 -99999 -99999 -99999 -99999 1424.88330078125 1425.385009765625 1425.9510498046875 1426.6290283203125 1427.4510498046875 1428.4544677734375 1429.723388671875 1431.2724609375 1433.0584716796875 1435.04296875 1437.17919921875 1439.47119140625 1441.510009765625 1443.0255126953125 1443.8428955078125 1443.833251953125 1443.251708984375 1442.6583251953125 1442.169677734375 1441.864990234375 1441.7989501953125 1442.0201416015625 1442.5389404296875 1443.2589111328125 1444.12939453125 1445.078369140625 1445.9505615234375 1446.561767578125 1446.9132080078125
-99999 -99999 -99999 -99999 -99999 -99999 -99999 -99999 -99999 -99999 -99999 -99999 -99999 -99999 -99999 -99999 -99999 -99999 -99999 1421.9649658203125 1422.542724609375 1423.147705078125 1423.8299560546875 1424.65087890625 1425.664306640625 1426.8719482421875 1428.2752685546875 1429.921875 1431.76025390625 1433.638916015625 1435.4715576171875 1437.151123046875 1438.48046875 1439.164794921875 1439.2239990234375 1438.9625244140625 1438.566650390625 1438.204833984375 1438.0511474609375 1438.18310546875 1438.557373046875 1439.1617431640625 1439.96435546875 1440.922607421875 1441.919921875 1442.8509521484375 1443.6175537109375 1444.1083984375
-99999 -99999 -99999 -99999 -99999 -99999 -99999 -99999 -99999 -99999 -99999 -99999 -99999 -99999 -99999 -99999 -99999 -99999 -99999 1419.1513671875 1419.7635498046875 1420.3935546875 1421.0850830078125 1421.8701171875 1422.8033447265625 1423.9327392578125 1425.23974609375 1426.6749267578125 1428.193359375 1429.787841796875 1431.3638916015625 1432.739013671875 1433.763427734375 1434.4080810546875 1434.5198974609375 1434.3221435546875 1434.05419921875 1433.9197998046875 1433.9705810546875 1434.2445068359375 1434.7559814453125 1435.534423828125 1436.4942626953125 1437.5531005859375 1438.62158203125 1439.6290283203125 1440.5062255859375 -99999
-99999 -99999 -99999 -99999 -99999 -99999 -99999 -99999 -99999 -99999 -99999 -99999 -99999 -99999 -99999 -99999 -99999 -99999 -99999 -99999 1417.17333984375 1417.8016357421875 1418.4608154296875 1419.2010498046875 1420.053955078125 1421.0341796875 1422.1505126953125 1423.404052734375 1424.7181396484375 1425.99658203125 1427.1480712890625 1428.211181640625 1429.122314453125 1429.6895751953125 1429.71337890625 1429.5419921875 1429.4158935546875 1429.418701171875 1429.6187744140625 1430.1243896484375 1430.881103515625 1431.8177490234375 1432.892333984375 1434.0555419921875 1435.260986328125 1436.4190673828125 1437.4239501953125 -99999
1410.5445556640625 -99999 -99999 -99999 -99999 -99999 -99999 -99999 -99999 -99999 -99999 -99999 -99999 -99999 -99999 -99999 -99999 -99999 -99999 1414.203369140625 1414.873046875 1415.4932861328125 1416.0880126953125 1416.708251953125 1417.463623046875 1418.3349609375 1419.31103515625 1420.3294677734375 1421.3140869140625 1422.2772216796875 1423.146484375 1423.8974609375 1424.453125 1424.81494140625 1424.825927734375 1424.7235107421875 1424.6898193359375 1424.885498046875 1425.3302001953125 1426.025146484375 1426.9453125 1428.0572509765625 1429.3375244140625 1430.6474609375 1431.9486083984375 1433.203125 -99999 -99999
1410.333984375 1410.2384033203125 1410.0147705078125 1409.7799072265625 -99999 -99999 -99999 -99999 -99999 -99999 -99999 -99999 -99999 -99999 -99999 -99999 -99999 -99999 -99999 1412.3385009765625 1413.01904296875 1413.5625 1414.06591796875 1414.5931396484375 1415.1962890625 1415.918212890625 1416.7567138671875 1417.59375 1418.368408203125 1419.030029296875 1419.4359130859375 1419.7470703125 1419.958251953125 1420.0609130859375 1420.0443115234375 1420.069580078125 1420.206298828125 1420.5399169921875 1421.12060546875 1422.00439453125 1423.2147216796875 1424.5404052734375 1425.935791015625 1427.3614501953125 1428.7958984375 1430.192626953125 -99999 -99999
1410.268310546875 1410.319091796875 1410.1990966796875 1409.9664306640625 1409.630126953125 1409.2215576171875 1408.743408203125 1408.200439453125 -99999 -99999 -99999 -99999 -99999 -99999 -99999 -99999 -99999 1409.1680908203125 1410.203369140625 1411.035400390625 1411.687744140625 1412.1785888671875 1412.543212890625 1412.873291015625 1413.3629150390625 1414.003662109375 1414.7396240234375 1415.4708251953125 1415.98193359375 1416.2686767578125 1416.3353271484375 1416.21533203125 1415.954345703125 1415.765869140625 1415.7347412109375 1415.841552734375 1416.0858154296875 1416.489501953125 1417.2728271484375 1418.41650390625 1419.813232421875 1421.345703125 1422.886474609375 1424.399658203125 1425.9161376953125 1427.406494140625 1428.8321533203125 -99999
1410.869873046875 1410.90771484375 1410.775390625 1410.521240234375 1410.1536865234375 1409.6802978515625 1409.0916748046875 1408.3992919921875 1407.6304931640625 1406.7998046875 1405.9246826171875 -99999 -99999 -99999 -99999 1405.7852783203125 1407.20849609375 1408.510986328125 1409.628173828125 1410.52490234375 1411.1708984375 1411.5150146484375 1411.6849365234375 1411.807861328125 1412.07568359375 1412.709228515625 1413.5072021484375 1414.1300048828125 1414.4820556640625 1414.5078125 1414.180419921875 1413.508056640625 1412.7689208984375 1412.2235107421875 1412.1263427734375 1412.41015625 1412.777587890625 1413.2191162109375 1413.9688720703125 1415.32763671875 1417.0936279296875 1418.822265625 1420.4097900390625 1421.910888671875 1423.46728515625 1425.0589599609375 1426.5355224609375 1427.8670654296875
1412.0594482421875 1411.993896484375 1411.836669921875 1411.5589599609375 1411.1378173828125 1410.5931396484375 1409.940673828125 1409.18701171875 1408.3359375 1407.3914794921875 1406.3818359375 1405.317138671875 1404.2125244140625 1403.3419189453125 1404.202880859375 1405.7835693359375 1407.40380859375 1408.8399658203125 1410.0023193359375 1410.8619384765625 1411.445556640625 1411.747802734375 1411.757568359375 1411.560546875 1411.57763671875 1412.3809814453125 1413.32177734375 1413.977783203125 1414.1788330078125 1413.87158203125 1413.128173828125 1411.9921875 1410.6163330078125 1409.581787109375 1409.670654296875 1410.282470703125 1410.8031005859375 1411.0286865234375 1411.5732421875 1413.3319091796875 1415.4354248046875 1417.3160400390625 1418.840087890625 1420.123291015625 1421.6461181640625 1423.2696533203125 1424.749755859375 1426.0498046875
1413.7825927734375 1413.6214599609375 1413.3642578125 1413.0135498046875 1412.5654296875 1412.0050048828125 1411.3277587890625 1410.5411376953125 1409.677001953125 1408.75 1407.753173828125 1406.6822509765625 1405.633544921875 1405.1077880859375 1405.4918212890625 1407.1915283203125 1408.763916015625 1410.111328125 1411.246337890625 1412.1416015625 1412.723876953125 1412.9949951171875 1412.9517822265625 1412.6529541015625 1412.3631591796875 1413.493896484375 1414.476318359375 1415.0101318359375 1415.0633544921875 1414.596923828125 1413.60791015625 1412.0859375 1410.2225341796875 1408.7857666015625 1408.96435546875 1409.97265625 1410.621826171875 1410.8953857421875 1411.366943359375 1413.1529541015625 1415.35302734375 1417.023193359375 1418.3477783203125 1419.470703125 1420.7999267578125 1422.31005859375 1423.528076171875 1424.5745849609375
1415.9964599609375 1415.65625 1415.3157958984375 1414.9229736328125 1414.4429931640625 1413.8631591796875 1413.21044921875 1412.4801025390625 1411.6680908203125 1410.8104248046875 1409.97021484375 1409.1807861328125 1408.5009765625 1408.1805419921875 1408.7645263671875 1409.8499755859375 1411.124755859375 1412.3778076171875 1413.4515380859375 1414.2890625 1414.89697265625 1415.298583984375 1415.429443359375 1415.363525390625 1415.618896484375 1416.2532958984375 1416.9986572265625 1417.4229736328125 1417.363525390625 1416.6983642578125 1415.5089111328125 1413.91064453125 1412.171142578125 1410.803466796875 1410.9190673828125 1411.6954345703125 1412.519287109375 1413.079833984375 1413.8284912109375 1415.14599609375 1416.58642578125 1417.96875 1419.1075439453125 1420.0672607421875 1421.0203857421875 1421.95361328125 1422.849853515625 1423.6219482421875
1418.568115234375 1418.1180419921875 1417.6767578125 1417.2078857421875 1416.7138671875 1416.1611328125 1415.5504150390625 1414.89697265625 1414.2432861328125 1413.592529296875 1412.9422607421875 1412.369140625 1412.0267333984375 1412.0692138671875 1412.5059814453125 1413.388427734375 1414.4498291015625 1415.48974609375 1416.4432373046875 1417.27734375 1417.9381103515625 1418.4273681640625 1418.81103515625 1419.18701171875 1419.59228515625 1420.1768798828125 1420.76171875 1421.0169677734375 1420.8543701171875 1420.1392822265625 1418.9244384765625 1417.31640625 1415.8277587890625 1414.8443603515625 1414.6585693359375 1415.2142333984375 1415.9166259765625 1416.6551513671875 1417.3480224609375 1418.2003173828125 1419.157958984375 1419.9853515625 1420.64453125 1421.234619140625 1421.830810546875 1422.3851318359375 1422.768310546875 1422.98046875
1421.4599609375 1420.8502197265625 1420.328125 1419.8270263671875 1419.322509765625 1418.812744140625 1418.3154296875 1417.7969970703125 1417.2872314453125 1416.807861328125 1416.4371337890625 1416.21240234375 1416.130615234375 1416.303466796875 1416.7735595703125 1417.4906005859375 1418.3404541015625 1419.2572021484375 1420.13427734375 1420.9381103515625 1421.666259765625 1422.333251953125 1422.9237060546875 1423.5030517578125 1424.135498046875 1424.81201171875 1425.3472900390625 1425.582763671875 1425.4158935546875 1424.7659912109375 1423.6314697265625 1422.1883544921875 1420.8504638671875 1419.9373779296875 1419.587890625 1419.7540283203125 1420.376708984375 1421.0667724609375 1421.6881103515625 1421.994384765625 1422.1817626953125 1422.5318603515625 1422.8297119140625 1423.0623779296875 1423.14013671875 1423.0869140625 1423.004638671875 1422.81689453125
1424.543212890625 1423.8427734375 1423.2276611328125 1422.68310546875 1422.2073974609375 1421.767822265625 1421.3602294921875 1420.98876953125 1420.7115478515625 1420.4962158203125 1420.3687744140625 1420.3597412109375 1420.4969482421875 1420.8499755859375 1421.3594970703125 1422.0091552734375 1422.7515869140625 1423.5362548828125 1424.318603515625 1425.1123046875 1425.8931884765625 1426.666259765625 1427.455322265625 1428.304443359375 1429.1336669921875 1429.9208984375 1430.57568359375 1430.9644775390625 1430.861083984375 1430.2244873046875 1429.18994140625 1427.896484375 1426.5963134765625 1425.5850830078125 1425.0433349609375 1424.95361328125 1425.2587890625 1425.91943359375 1426.1739501953125 1425.9820556640625 1425.7130126953125 1425.548583984375 1425.3326416015625 1425.106201171875 1424.7764892578125 1424.3223876953125 1423.7353515625 1422.891357421875
1427.7208251953125 1426.9241943359375 1426.2706298828125 1425.720458984375 1425.2645263671875 1424.8951416015625 1424.637451171875 1424.463134765625 1424.3773193359375 1424.38818359375 1424.5068359375 1424.787109375 1425.1591796875 1425.6251220703125 1426.1712646484375 1426.77734375 1427.4305419921875 1428.120849609375 1428.84521484375 1429.60791015625 1430.4261474609375 1431.322265625 1432.281494140625 1433.29443359375 1434.340576171875 1435.3861083984375 1436.229736328125 1436.7392578125 1436.8004150390625 1436.3428955078125 1435.328369140625 1434.002685546875 1432.657470703125 1431.4578857421875 1430.5411376953125 1430.058349609375 1430.0333251953125 1430.2032470703125 1430.1993408203125 1429.6861572265625 1429.1031494140625 1428.6019287109375 1428.086181640625 1427.4932861328125 1426.7525634765625 1425.764404296875 1424.6278076171875 1423.357421875
1430.9222412109375 1430.0616455078125 1429.3502197265625 1428.789306640625 1428.4083251953125 1428.1578369140625 1428.032470703125 1428.029052734375 1428.1441650390625 1428.42578125 1428.8243408203125 1429.323974609375 1429.900390625 1430.509033203125 1431.1141357421875 1431.69384765625 1432.2647705078125 1432.8516845703125 1433.5057373046875 1434.2491455078125 1435.097412109375 1436.0592041015625 1437.136962890625 1438.3331298828125 1439.598388671875 1440.853515625 1442.00634765625 1442.9261474609375 1443.121826171875 1442.6068115234375 1441.57861328125 1440.202392578125 1438.639892578125 1437.1624755859375 1435.9385986328125 1435.0184326171875 1434.4014892578125 1434.0628662109375 1433.6094970703125 1433.0123291015625 1432.3448486328125 1431.6553955078125 1430.9273681640625 1430.008056640625 1428.86181640625 1427.47705078125 1425.8673095703125 1424.083984375
1433.97119140625 1433.0821533203125 1432.3900146484375 1431.8773193359375 1431.5445556640625 1431.38623046875 1431.396240234375 1431.6019287109375 1431.95751953125 1432.45703125 1433.081787109375 1433.815673828125 1434.6336669921875 1435.4111328125 1436.0731201171875 1436.608154296875 1437.0794677734375 1437.5650634765625 1438.1328125 1438.8162841796875 1439.656005859375 1440.6798095703125 1441.8697509765625 1443.1973876953125 1444.63232421875 1446.10009765625 1447.5379638671875 1448.749267578125 1449.32373046875 1448.802490234375 1447.6409912109375 1446.126220703125 1444.322998046875 1442.5159912109375 1440.84326171875 1439.5543212890625 1438.5015869140625 1437.6348876953125 1436.8712158203125 1436.131103515625 1435.3800048828125 1434.591796875 1433.703125 1432.610595703125 1431.2052001953125 1429.425048828125 1427.29833984375 1424.9898681640625
1436.876220703125 1435.9873046875 1435.2896728515625 1434.8138427734375 1434.563720703125 1434.5521240234375 1434.73095703125 1435.0882568359375 1435.602294921875 1436.3094482421875 1437.1939697265625 1438.2003173828125 1439.2735595703125 1440.21484375 1440.9461669921875 1441.3665771484375 1441.6859130859375 1442.048828125 1442.540283203125 1443.1865234375 1444.0174560546875 1445.040771484375 1446.2691650390625 1447.6715087890625 1449.2252197265625 1450.8221435546875 1452.3997802734375 1453.8699951171875 1454.7135009765625 1453.92822265625 1452.7774658203125 1451.344482421875 1449.310546875 1447.313720703125 1445.376953125 1443.591796875 1442.084228515625 1440.936767578125 1439.9259033203125 1439.0006103515625 1438.1497802734375 1437.3345947265625 1436.4310302734375 1435.257080078125 1433.573974609375 1431.3575439453125 1428.812744140625 1426.1285400390625
1439.5076904296875 1438.6490478515625 1438.012939453125 1437.6201171875 1437.4766845703125 1437.5634765625 1437.852294921875 1438.3692626953125 1439.084716796875 1439.971435546875 1441.014404296875 1442.19482421875 1443.5186767578125 1444.833740234375 1445.563720703125 1445.81884765625 1445.9674072265625 1446.20556640625 1446.6038818359375 1447.18408203125 1447.991455078125 1449.00634765625 1450.252197265625 1451.681884765625 1453.24609375 1454.8250732421875 1456.330078125 1457.501953125 1457.91748046875 1457.434814453125 1456.4219970703125 1454.9775390625 1453.1468505859375 1451.20166015625 1449.0679931640625 1447.0479736328125 1445.295654296875 1443.80859375 1442.548828125 1441.5111083984375 1440.591552734375 1439.739501953125 1438.891357421875 1437.8909912109375 1435.97705078125 1433.419677734375 1430.3634033203125 1427.224365234375
1441.846923828125 1441.09716796875 1440.54248046875 1440.2230224609375 1440.1597900390625 1440.3843994140625 1440.8189697265625 1441.447509765625 1442.2578125 1443.2398681640625 1444.4290771484375 1445.7667236328125 1447.2396240234375 1448.70263671875 1449.5701904296875 1449.6124267578125 1449.6566162109375 1449.8541259765625 1450.2174072265625 1450.7652587890625 1451.523681640625 1452.484375 1453.693359375 1455.08740234375 1456.60888671875 1458.0457763671875 1459.1455078125 1459.98583984375 1460.1492919921875 1459.6668701171875 1458.7578125 1457.421630859375 1455.702880859375 1453.87890625 1451.8648681640625 1449.71337890625 1447.800048828125 1446.1824951171875 1444.7928466796875 1443.5946044921875 1442.5556640625 1441.670166015625 1440.85986328125 1439.9442138671875 1438.022216796875 1434.9271240234375 1431.6561279296875 1428.34375
1443.9029541015625 1443.2611083984375 1442.805419921875 1442.6309814453125 1442.7022705078125 1443.0108642578125 1443.51513671875 1444.208740234375 1445.111328125 1446.1727294921875 1447.38427734375 1448.720947265625 1450.1558837890625 1451.447509765625 1452.3153076171875 1452.54150390625 1452.7020263671875 1452.937744140625 1453.3055419921875 1453.8426513671875 1454.5650634765625 1455.47314453125 1456.5635986328125 1457.787841796875 1459.1322021484375 1460.34326171875 1461.223388671875 1461.66845703125 1461.6463623046875 1461.1651611328125 1460.2838134765625 1459.008544921875 1457.3656005859375 1455.5242919921875 1453.619384765625 1451.5943603515625 1449.695556640625 1447.992431640625 1446.48779296875 1445.1951904296875 1444.0538330078125 1443.03173828125 1442.0125732421875 1440.7978515625 1438.8060302734375 1435.8516845703125 1432.6239013671875 1429.31396484375
