gis/input_ras/sw_ww/Hydro Model_ 06 - Upper Clay_younger.asc
ncols        266
nrows        300
xllcorner    2364495.809716653544
yllcorner    243038.907031175506
cellsize     500.000000000000
NODATA_value -99999
[rows 189 to 209 of 300, columns 96 to 143 of 266]
-99999 -99999 -99999 -99999 -99999 -99999 -99999 -99999 -99999 -99999 -99999 -99999 -99999 1444.3060302734375 1444.4815673828125 1444.3719482421875 1443.998291015625 1443.3331298828125 1442.4676513671875 1441.4351806640625 1440.27587890625 1439.017333984375 1437.67919921875 1436.325927734375 1434.9962158203125 1433.70751953125 1432.48388671875 1431.3568115234375 1430.3548583984375 1429.489013671875 1428.7476806640625 1428.1346435546875 1427.6429443359375 1427.278076171875 1427.0299072265625 -99999 -99999 -99999 -99999 1427.608154296875 1428.2095947265625 1429.041015625 1430.1190185546875 1431.3995361328125 1432.796875 1434.2655029296875 1435.7821044921875 1437.2618408203125
-99999 -99999 -99999 -99999 -99999 -99999 -99999 -99999 -99999 -99999 -99999 -99999 -99999 -99999 1442.6309814453125 1443.8271484375 1443.531982421875 1442.990966796875 1442.245849609375 1441.2894287109375 1440.1939697265625 1438.18896484375 1437.75634765625 1436.4805908203125 1435.196044921875 1433.94970703125 1432.7818603515625 1431.711669921875 1430.7470703125 1429.9111328125 1429.2001953125 1428.637939453125 1428.2037353515625 1427.887451171875 1427.685791015625 1427.5926513671875 -99999 -99999 -99999 -99999 -99999 -99999 1422.680419921875 1432.244384765625 1433.5335693359375 1434.8743896484375 1436.1868896484375 1437.46044921875
1410.0498046875 -99999 -99999 -99999 -99999 -99999 -99999 -99999 -99999 -99999 -99999 -99999 -99999 -99999 -99999 -99999 1440.695068359375 1442.678955078125 1442.013916015625 1441.17138671875 1440.191650390625 1439.0845947265625 1437.9058837890625 1436.6961669921875 1435.5006103515625 1434.3411865234375 1433.234130859375 1432.21142578125 1431.2904052734375 1430.514404296875 1429.8653564453125 1429.35205078125 1428.9608154296875 1428.6888427734375 1428.5645751953125 1428.5545654296875 1428.66259765625 1424.0875244140625 -99999 -99999 -99999 -99999 -99999 -99999 -99999 1423.2705078125 1422.6871337890625 1417.3729248046875
1408.873291015625 1412.5321044921875 1416.1663818359375 1413.882080078125 -99999 -99999 -99999 -99999 -99999 -99999 -99999 -99999 -99999 -99999 -99999 -99999 -99999 -99999 -99999 -99999 -99999 -99999 -99999 -99999 -99999 -99999 -99999 1430.5286865234375 1432.0374755859375 -99999 1430.7130126953125 1430.2415771484375 1429.923828125 1429.732421875 1429.656982421875 1429.6947021484375 1429.855712890625 1430.149658203125 -99999 -99999 -99999 -99999 -99999 -99999 -99999 -99999 -99999 -99999
1407.870361328125 1411.5037841796875 1415.1119384765625 1418.6514892578125 1422.0845947265625 1409.093994140625 -99999 -99999 -99999 -99999 -99999 -99999 -99999 -99999 -99999 -99999 -99999 -99999 -99999 -99999 -99999 -99999 -99999 -99999 -99999 -99999 -99999 -99999 -99999 -99999 -99999 -99999 -99999 -99999 -99999 -99999 -99999 -99999 -99999 -99999 -99999 -99999 -99999 -99999 -99999 -99999 -99999 -99999
1407.072509765625 1410.6600341796875 1414.246337890625 1417.76953125 1421.16943359375 1424.4183349609375 1426.381591796875 1424.9420166015625 1422.5924072265625 1417.509765625 -99999 -99999 -99999 -99999 -99999 -99999 -99999 -99999 -99999 -99999 -99999 -99999 -99999 -99999 -99999 -99999 -99999 -99999 -99999 -99999 -99999 -99999 -99999 -99999 -99999 -99999 -99999 -99999 -99999 -99999 -99999 -99999 -99999 -99999 -99999 -99999 -99999 -99999
1406.4918212890625 1410.043212890625 1413.579833984375 1417.065185546875 1420.463134765625 1423.7255859375 1426.7640380859375 1418.761474609375 1432.171142578125 1434.500244140625 1436.517822265625 1438.183837890625 1439.559814453125 1427.837890625 -99999 -99999 -99999 -99999 -99999 -99999 -99999 -99999 -99999 -99999 -99999 -99999 -99999 -99999 -99999 -99999 -99999 -99999 -99999 -99999 -99999 -99999 -99999 -99999 -99999 -99999 -99999 -99999 -99999 -99999 -99999 -99999 -99999 -99999
1406.158203125 1409.641357421875 1413.137939453125 1416.5980224609375 1419.9447021484375 1423.161376953125 1426.2178955078125 1429.0740966796875 1431.66650390625 1433.976318359375 1436.021728515625 1437.7945556640625 1439.2608642578125 1440.398681640625 1441.2496337890625 1441.847412109375 -99999 1424.2200927734375 1429.352294921875 1441.9150390625 1441.5079345703125 1440.9945068359375 1440.373046875 1439.7144775390625 -99999 1420.72119140625 1421.9200439453125 1431.9141845703125 1416.6680908203125 -99999 -99999 -99999 -99999 -99999 -99999 -99999 -99999 -99999 -99999 1414.2310791015625 1432.9639892578125 1429.5692138671875 1427.749267578125 1439.873779296875 1440.41259765625 1429.9556884765625 1412.1953125 -99999
1406.05859375 1409.4945068359375 1412.9254150390625 1416.3204345703125 1419.6456298828125 1422.8448486328125 1425.87548828125 1428.6947021484375 1431.3028564453125 1433.6728515625 1435.748046875 1437.5379638671875 1439.0435791015625 1440.286376953125 1441.2508544921875 1441.92236328125 1442.3511962890625 1442.5701904296875 1442.60546875 1442.4541015625 1442.1431884765625 1441.7406005859375 1441.2713623046875 1440.7554931640625 1434.6077880859375 1428.7623291015625 1439.1339111328125 1438.6783447265625 1438.281005859375 1437.949462890625 1437.70556640625 1437.578125 1437.537841796875 1437.5838623046875 1437.7232666015625 1437.95068359375 1438.2586669921875 1438.624267578125 1439.03955078125 1439.5079345703125 1440.0025634765625 1440.501220703125 1440.994140625 1441.4716796875 1441.9281005859375 1442.3118896484375 1442.603271484375 1442.8048095703125
1406.220703125 1409.571533203125 1412.9517822265625 1416.304443359375 1419.575927734375 1422.724609375 1425.7353515625 1428.551513671875 1431.1588134765625 1433.5177001953125 1435.625 1437.4849853515625 1439.0369873046875 1440.3310546875 1441.355224609375 1442.141357421875 1442.6966552734375 1443.0020751953125 1443.1263427734375 1443.0970458984375 1442.943359375 1442.6728515625 1442.302001953125 1441.8861083984375 1433.9112548828125 1439.3201904296875 1440.651611328125 1440.277099609375 1439.965087890625 1439.7413330078125 1439.586669921875 1439.5057373046875 1439.505859375 1439.5947265625 1439.76708984375 1440.003173828125 1440.305908203125 1440.6634521484375 1441.06396484375 1441.4906005859375 1441.927490234375 1442.375 1442.811279296875 1443.1993408203125 1443.5247802734375 1443.7847900390625 1443.9775390625 1444.0780029296875
1406.649658203125 1409.94091796875 1413.244384765625 1416.519287109375 1419.736572265625 1422.850341796875 1425.8306884765625 1428.6226806640625 1431.2203369140625 1433.5830078125 1435.706298828125 1437.590087890625 1439.2022705078125 1440.5743408203125 1441.660400390625 1442.5140380859375 1443.1519775390625 1443.586181640625 1443.84765625 1443.9124755859375 1443.8543701171875 1443.6981201171875 1443.48095703125 1443.207763671875 1442.8861083984375 1442.5628662109375 1441.8753662109375 1442.016845703125 1441.80615234375 1441.6451416015625 1441.5484619140625 1441.5321044921875 1441.5909423828125 1441.71337890625 1441.900390625 1442.1458740234375 1442.44677734375 1442.7919921875 1443.1719970703125 1443.572509765625 1443.977783203125 1444.3575439453125 1444.6982421875 1444.9993896484375 1445.2425537109375 1445.413818359375 1445.4559326171875 1445.3963623046875
1407.3480224609375 1410.552978515625 1413.7908935546875 1417.008544921875 1420.1748046875 1423.229248046875 1426.1541748046875 1428.9150390625 1431.49658203125 1433.880126953125 1436.017822265625 1437.9080810546875 1439.5511474609375 1440.9635009765625 1442.144775390625 1443.094970703125 1443.8043212890625 1444.3184814453125 1444.6661376953125 1444.867431640625 1444.9512939453125 1444.9005126953125 1444.7777099609375 1444.605224609375 1444.4134521484375 1444.222412109375 1444.0218505859375 1443.8487548828125 1443.7132568359375 1443.6396484375 1443.62255859375 1443.656982421875 1443.74853515625 1443.895751953125 1444.1036376953125 1444.36083984375 1444.6651611328125 1445.0054931640625 1445.37060546875 1445.73583984375 1446.0875244140625 1446.41259765625 1446.69482421875 1446.9176025390625 1447.033203125 1447.0675048828125 1447.01025390625 1446.8509521484375
1408.340087890625 1411.4677734375 1414.6268310546875 1417.7606201171875 1420.8489990234375 1423.85009765625 1426.738525390625 1429.484619140625 1432.0306396484375 1434.3719482421875 1436.510986328125 1438.4395751953125 1440.1427001953125 1441.588134765625 1442.7984619140625 1443.8050537109375 1444.6181640625 1445.2470703125 1445.683837890625 1445.9698486328125 1446.140869140625 1446.215087890625 1446.2218017578125 1446.1580810546875 1446.0618896484375 1445.954833984375 1445.8507080078125 1445.7803955078125 1445.73095703125 1445.7197265625 1445.751220703125 1445.827880859375 1445.963134765625 1446.1416015625 1446.36376953125 1446.6282958984375 1446.9346923828125 1447.271240234375 1447.6175537109375 1447.95556640625 1448.2711181640625 1448.5439453125 1448.737548828125 1448.856689453125 1448.8895263671875 1448.828125 1448.6483154296875 1448.3375244140625
1409.5985107421875 1412.6519775390625 1415.72607421875 1418.789306640625 1421.813720703125 1424.762451171875 1427.5784912109375 1430.2579345703125 1432.7828369140625 1435.137451171875 1437.2850341796875 1439.1884765625 1440.8883056640625 1442.3846435546875 1443.6798095703125 1444.7509765625 1445.60595703125 1446.295654296875 1446.834228515625 1447.236572265625 1447.504150390625 1447.6668701171875 1447.7611083984375 1447.8028564453125 1447.8079833984375 1447.79638671875 1447.781982421875 1447.780029296875 1447.7984619140625 1447.8447265625 1447.9344482421875 1448.05810546875 1448.216552734375 1448.4105224609375 1448.643798828125 1448.927978515625 1449.2392578125 1449.5660400390625 1449.8955078125 1450.208740234375 1450.475830078125 1450.6837158203125 1450.8179931640625 1450.8660888671875 1450.795654296875 1450.599365234375 1450.293212890625 1449.8773193359375
1411.18310546875 1414.13818359375 1417.1280517578125 1420.1221923828125 1423.0609130859375 1425.9273681640625 1428.69921875 1431.35498046875 1433.8341064453125 1436.130615234375 1438.25146484375 1440.188720703125 1441.9334716796875 1443.43017578125 1444.730712890625 1445.8505859375 1446.7978515625 1447.5723876953125 1448.1627197265625 1448.6292724609375 1448.988525390625 1449.255859375 1449.4365234375 1449.5577392578125 1449.6470947265625 1449.7166748046875 1449.777587890625 1449.83740234375 1449.9197998046875 1450.0224609375 1450.1478271484375 1450.2978515625 1450.4775390625 1450.6943359375 1450.9464111328125 1451.2296142578125 1451.536865234375 1451.85791015625 1452.1671142578125 1452.447509765625 1452.6822509765625 1452.8533935546875 1452.918212890625 1452.8641357421875 1452.693603515625 1452.40283203125 1451.9930419921875 1451.43798828125
1413.037353515625 1415.922607421875 1418.8248291015625 1421.7220458984375 1424.5894775390625 1427.4024658203125 1430.101806640625 1432.674072265625 1435.11328125 1437.4052734375 1439.5162353515625 1441.4163818359375 1443.1329345703125 1444.6708984375 1446.03173828125 1447.182861328125 1448.1484375 1448.9656982421875 1449.6461181640625 1450.1981201171875 1450.6134033203125 1450.9425048828125 1451.2037353515625 1451.4105224609375 1451.57080078125 1451.6973876953125 1451.8221435546875 1451.94580078125 1452.0743408203125 1452.2113037109375 1452.3670654296875 1452.544677734375 1452.7418212890625 1452.9642333984375 1453.220703125 1453.5078125 1453.80908203125 1454.1114501953125 1454.402587890625 1454.66552734375 1454.8614501953125 1454.970703125 1454.978271484375 1454.8665771484375 1454.621826171875 1454.2020263671875 1453.6470947265625 1452.970703125
1415.17919921875 1417.95849609375 1420.77978515625 1423.6129150390625 1426.3929443359375 1429.107421875 1431.7412109375 1434.2708740234375 1436.6702880859375 1438.891357421875 1440.95849609375 1442.865966796875 1444.5887451171875 1446.126220703125 1447.4708251953125 1448.6556396484375 1449.6868896484375 1450.545166015625 1451.261474609375 1451.85498046875 1452.3485107421875 1452.754638671875 1453.0650634765625 1453.3228759765625 1453.544677734375 1453.7388916015625 1453.9129638671875 1454.0714111328125 1454.236328125 1454.408447265625 1454.5867919921875 1454.774169921875 1454.9774169921875 1455.2091064453125 1455.46435546875 1455.7371826171875 1456.023681640625 1456.31298828125 1456.5775146484375 1456.8031005859375 1456.9715576171875 1457.0538330078125 1457.0233154296875 1456.8240966796875 1456.4678955078125 1455.95458984375 1455.3001708984375 1454.5123291015625
1417.572509765625 1420.2845458984375 1423.00927734375 1425.7303466796875 1428.4295654296875 1431.0823974609375 1433.6533203125 1436.0941162109375 1438.4197998046875 1440.61181640625 1442.650146484375 1444.5247802734375 1446.217041015625 1447.7530517578125 1449.1173095703125 1450.3140869140625 1451.353759765625 1452.24658203125 1453.0157470703125 1453.6524658203125 1454.1827392578125 1454.625732421875 1454.9991455078125 1455.31640625 1455.576171875 1455.8045654296875 1456.01611328125 1456.2161865234375 1456.407958984375 1456.5938720703125 1456.783203125 1456.9779052734375 1457.1824951171875 1457.4039306640625 1457.6490478515625 1457.9093017578125 1458.1695556640625 1458.423095703125 1458.660400390625 1458.86376953125 1459.00634765625 1459.0460205078125 1458.968017578125 1458.7259521484375 1458.302490234375 1457.6912841796875 1456.8873291015625 1455.9534912109375
1420.2110595703125 1422.812255859375 1425.4642333984375 1428.114501953125 1430.73388671875 1433.28076171875 1435.757568359375 1438.14306640625 1440.416748046875 1442.5526123046875 1444.5325927734375 1446.3681640625 1448.0423583984375 1449.5643310546875 1450.9210205078125 1452.1221923828125 1453.17578125 1454.0849609375 1454.872802734375 1455.542724609375 1456.114990234375 1456.5931396484375 1456.9951171875 1457.340576171875 1457.640625 1457.9063720703125 1458.1402587890625 1458.3563232421875 1458.56201171875 1458.760009765625 1458.9512939453125 1459.141357421875 1459.3387451171875 1459.5489501953125 1459.7664794921875 1459.9898681640625 1460.2222900390625 1460.4468994140625 1460.6488037109375 1460.8065185546875 1460.9144287109375 1460.9371337890625 1460.842041015625 1460.576416015625 1460.0526123046875 1459.3062744140625 1458.406982421875 1457.3790283203125
1423.073974609375 1425.6044921875 1428.15673828125 1430.695068359375 1433.2210693359375 1435.6981201171875 1438.1068115234375 1440.4127197265625 1442.600341796875 1444.667236328125 1446.6048583984375 1448.406982421875 1450.0479736328125 1451.53662109375 1452.8695068359375 1454.064453125 1455.1263427734375 1456.046630859375 1456.8441162109375 1457.5244140625 1458.1126708984375 1458.619140625 1459.049072265625 1459.4158935546875 1459.7314453125 1460.011474609375 1460.2630615234375 1460.4908447265625 1460.69921875 1460.8946533203125 1461.0811767578125 1461.2601318359375 1461.4344482421875 1461.6173095703125 1461.807373046875 1461.9998779296875 1462.18505859375 1462.3509521484375 1462.503662109375 1462.6241455078125 1462.6981201171875 1462.69677734375 1462.605224609375 1462.3106689453125 1461.7235107421875 1460.869140625 1459.830322265625 1458.676513671875
1426.12353515625 1428.5615234375 1431.0281982421875 1433.4913330078125 1435.931884765625 1438.3111572265625 1440.61962890625 1442.84423828125 1444.970458984375 1446.9879150390625 1448.859375 1450.5894775390625 1452.1856689453125 1453.6480712890625 1454.9769287109375 1456.1495361328125 1457.1800537109375 1458.0933837890625 1458.896728515625 1459.5966796875 1460.1903076171875 1460.6944580078125 1461.1324462890625 1461.5128173828125 1461.843017578125 1462.1270751953125 1462.3770751953125 1462.603271484375 1462.80908203125 1462.9951171875 1463.1624755859375 1463.320068359375 1463.4725341796875 1463.623291015625 1463.766357421875 1463.9049072265625 1464.0379638671875 1464.1561279296875 1464.2530517578125 1464.3055419921875 1464.3157958984375 1464.2686767578125 1464.145751953125 1463.8929443359375 1463.206787109375 1462.21044921875 1461.100830078125 1459.89013671875
