gis/input_ras/sw_ww/Hydro Model_ 06 - Upper Clay_younger.asc
ncols        266
nrows        300
xllcorner    2364495.809716653544
yllcorner    243038.907031175506
cellsize     500.000000000000
NODATA_value -99999
[rows 0 to 20 of 300, columns 48 to 95 of 266]
1463.4356689453125 1463.802490234375 -99999 1462.8846435546875 -99999 1464.8084716796875 1464.8182373046875 1464.6583251953125 1464.3836669921875 1464.0738525390625 1463.762451171875 1463.4793701171875 1463.2607421875 1463.144775390625 1463.134521484375 1463.2362060546875 1463.45751953125 1463.8173828125 1464.33544921875 1464.967529296875 1465.701171875 1466.5255126953125 1467.43212890625 1468.412353515625 1469.433349609375 1470.4815673828125 1471.5443115234375 1472.6009521484375 1473.56396484375 1474.3995361328125 1475.1182861328125 1475.7596435546875 1476.39794921875 1477.0587158203125 1477.7330322265625 1478.419677734375 1479.1058349609375 1479.79638671875 1480.47998046875 1481.1424560546875 1481.7725830078125 1482.33837890625 1482.83984375 1481.8548583984375 -99999 -99999 -99999 -99999
1461.3468017578125 1461.6776123046875 1461.975341796875 1460.75048828125 1460.368896484375 1462.5157470703125 1462.504150390625 1462.374267578125 1462.16259765625 1461.8890380859375 1461.6033935546875 1461.35986328125 1461.17529296875 1461.0703125 1461.0748291015625 1461.2000732421875 1461.474365234375 1461.8795166015625 1462.416259765625 1463.08154296875 1463.8553466796875 1464.73095703125 1465.6744384765625 1466.6719970703125 1467.709228515625 1468.768310546875 1469.8216552734375 1470.8458251953125 1471.8201904296875 1472.6905517578125 1473.4764404296875 1474.22802734375 1474.9620361328125 1475.6881103515625 1476.41455078125 1477.1624755859375 1477.916015625 1478.6644287109375 1479.3935546875 1480.09619140625 1480.7696533203125 1481.395263671875 1481.9630126953125 1482.443603515625 1479.396240234375 -99999 -99999 -99999
1459.2265625 1459.5126953125 1459.776611328125 1459.9986572265625 1458.5377197265625 1460.215576171875 1460.2010498046875 1460.0875244140625 1459.8997802734375 1459.67333984375 1459.4388427734375 1459.2222900390625 1459.0601806640625 1458.9825439453125 1459.0244140625 1459.18505859375 1459.4837646484375 1459.9190673828125 1460.500244140625 1461.21484375 1462.0286865234375 1462.929443359375 1463.896484375 1464.91845703125 1465.9691162109375 1467.02783203125 1468.07666015625 1469.0963134765625 1470.064697265625 1470.9835205078125 1471.8555908203125 1472.6715087890625 1473.470458984375 1474.2818603515625 1475.097900390625 1475.912353515625 1476.7154541015625 1477.5118408203125 1478.3023681640625 1479.0675048828125 1479.792724609375 1480.46044921875 1481.0709228515625 1481.6119384765625 1482.07275390625 1477.891357421875 -99999 -99999
1457.12255859375 1457.367431640625 1457.572998046875 1457.7431640625 1457.8641357421875 1457.919677734375 1457.8994140625 1457.80712890625 1457.66015625 1457.46728515625 1457.2664794921875 1457.089111328125 1456.9683837890625 1456.924072265625 1456.989013671875 1457.174072265625 1457.507568359375 1457.995849609375 1458.6221923828125 1459.36865234375 1460.2132568359375 1461.1512451171875 1462.1485595703125 1463.1829833984375 1464.2376708984375 1465.2972412109375 1466.3424072265625 1467.364013671875 1468.349853515625 1469.2982177734375 1470.212646484375 1471.1180419921875 1472.0140380859375 1472.8876953125 1473.7613525390625 1474.637939453125 1475.522216796875 1476.3919677734375 1477.22607421875 1478.033203125 1478.807861328125 1479.5400390625 1480.2100830078125 1480.7947998046875 1481.300048828125 1478.7376708984375 -99999 -99999
1451.4405517578125 1455.224853515625 1455.3909912109375 1455.5250244140625 1454.1251220703125 1453.66259765625 1455.6280517578125 1455.5533447265625 1455.4345703125 1455.290771484375 1455.14453125 1455.009521484375 1454.919677734375 1454.8980712890625 1454.9847412109375 1455.2095947265625 1455.5919189453125 1456.1146240234375 1456.7706298828125 1457.5693359375 1458.4666748046875 1459.4327392578125 1460.44677734375 1461.4923095703125 1462.5516357421875 1463.6064453125 1464.6488037109375 1465.67236328125 1466.6739501953125 1467.6640625 1468.63720703125 1469.5953369140625 1470.5465087890625 1471.4991455078125 1472.4609375 1473.404541015625 1474.337890625 1475.2574462890625 1476.1590576171875 1477.0321044921875 1477.84912109375 1478.6202392578125 1479.3365478515625 1479.9884033203125 1480.560302734375 1481.022216796875 1474.47998046875 -99999
1448.98291015625 1453.14453125 1453.25537109375 1453.3424072265625 1453.401611328125 1453.426025390625 1452.056640625 1453.36474609375 1453.28173828125 1453.1806640625 1453.0770263671875 1452.98583984375 1452.9376220703125 1452.954833984375 1453.0693359375 1453.3095703125 1453.6986083984375 1454.2874755859375 1455.020751953125 1455.8621826171875 1456.7911376953125 1457.7869873046875 1458.8292236328125 1459.8839111328125 1460.9400634765625 1461.9896240234375 1463.0262451171875 1464.051513671875 1465.0706787109375 1466.0872802734375 1467.1036376953125 1468.1260986328125 1469.1495361328125 1470.1649169921875 1471.177001953125 1472.18359375 1473.1868896484375 1474.165283203125 1475.1124267578125 1476.0252685546875 1476.8984375 1477.7296142578125 1478.489501953125 1479.1815185546875 1479.7996826171875 1480.3359375 1480.77783203125 1473.858154296875
1448.98291015625 1448.98291015625 1451.1844482421875 1451.235595703125 1451.271240234375 1451.28466796875 1451.27685546875 1451.2509765625 1451.210693359375 1451.1607666015625 1451.1136474609375 1451.077880859375 1451.06982421875 1451.1064453125 1451.210205078125 1451.4765625 1451.933837890625 1452.5648193359375 1453.3458251953125 1454.2449951171875 1455.2359619140625 1456.2672119140625 1457.3212890625 1458.382568359375 1459.4359130859375 1460.470458984375 1461.4947509765625 1462.5179443359375 1463.5484619140625 1464.598876953125 1465.663330078125 1466.7342529296875 1467.80859375 1468.8831787109375 1469.9564208984375 1471.0172119140625 1472.0643310546875 1473.09228515625 1474.09521484375 1475.055908203125 1475.966552734375 1476.8314208984375 1477.6451416015625 1478.4005126953125 1479.067626953125 1479.6461181640625 1480.1341552734375 1480.5245361328125
1448.98291015625 1448.98291015625 1448.9979248046875 1449.227294921875 1449.2371826171875 1449.2452392578125 1449.2523193359375 1449.2550048828125 1449.2608642578125 1449.270263671875 1449.28515625 1449.3079833984375 1449.3409423828125 1449.4117431640625 1449.53466796875 1449.767333984375 1450.2099609375 1450.9339599609375 1451.8267822265625 1452.8021240234375 1453.8302001953125 1454.890380859375 1455.9625244140625 1457.024658203125 1458.0665283203125 1459.085693359375 1460.08447265625 1461.093017578125 1462.14013671875 1463.2235107421875 1464.3294677734375 1465.4453125 1466.5654296875 1467.6856689453125 1468.801025390625 1469.9080810546875 1470.9989013671875 1472.0657958984375 1473.102294921875 1474.1019287109375 1475.06005859375 1475.96728515625 1476.81640625 1477.60693359375 1478.3309326171875 1478.980224609375 1479.5262451171875 1479.9620361328125
1447.411376953125 1447.3817138671875 1447.3536376953125 1447.331787109375 1447.3214111328125 1447.32568359375 1447.3477783203125 1447.3902587890625 1447.4517822265625 1447.5247802734375 1447.602294921875 1447.7030029296875 1447.8123779296875 1447.93017578125 1448.0555419921875 1448.2181396484375 1448.7471923828125 1449.5264892578125 1450.4864501953125 1451.5262451171875 1452.604248046875 1453.68994140625 1454.7685546875 1455.8311767578125 1456.8651123046875 1457.8587646484375 1458.823486328125 1459.792724609375 1460.852294921875 1461.9765625 1463.12646484375 1464.278076171875 1465.4310302734375 1466.583251953125 1467.726318359375 1468.86279296875 1469.98388671875 1471.083740234375 1472.154296875 1473.179931640625 1474.1634521484375 1475.105712890625 1476.003173828125 1476.8428955078125 1477.6055908203125 1478.29296875 1478.8973388671875 1479.4111328125
1445.75537109375 1445.6812744140625 1445.6187744140625 1445.567138671875 1445.534912109375 1445.5357666015625 1445.57666015625 1445.653076171875 1445.767578125 1445.9237060546875 1446.1014404296875 1446.28857421875 1446.46484375 1446.6583251953125 1446.87841796875 1447.169677734375 1447.60498046875 1448.368408203125 1449.388671875 1450.4732666015625 1451.57177734375 1452.668212890625 1453.75 1454.803955078125 1455.823486328125 1456.8060302734375 1457.7469482421875 1458.661865234375 1459.7508544921875 1460.9066162109375 1462.0728759765625 1463.2388916015625 1464.4051513671875 1465.57177734375 1466.73486328125 1467.8896484375 1469.02685546875 1470.1409912109375 1471.2265625 1472.2802734375 1473.29736328125 1474.2646484375 1475.1893310546875 1476.064208984375 1476.881591796875 1477.6273193359375 1478.2750244140625 1478.831298828125
1444.2216796875 1444.1165771484375 1444.0128173828125 1443.9261474609375 1443.878173828125 1443.875 1443.930419921875 1444.0595703125 1444.25244140625 1444.4801025390625 1444.7315673828125 1445.0166015625 1445.31787109375 1445.6297607421875 1445.943115234375 1446.317626953125 1446.8541259765625 1447.602783203125 1448.5689697265625 1449.644775390625 1450.7342529296875 1451.820068359375 1452.8939208984375 1453.944091796875 1454.95947265625 1455.9373779296875 1456.885498046875 1457.85205078125 1458.8892822265625 1460.0260009765625 1461.1734619140625 1462.3282470703125 1463.4903564453125 1464.65673828125 1465.8214111328125 1466.9764404296875 1468.1170654296875 1469.24072265625 1470.337646484375 1471.4033203125 1472.4339599609375 1473.431884765625 1474.39453125 1475.2994384765625 1476.1480712890625 1476.9306640625 1477.6392822265625 1478.263427734375
1442.7967529296875 1442.6600341796875 1442.53369140625 1442.4254150390625 1442.3514404296875 1442.339111328125 1442.419189453125 1442.588134765625 1442.8330078125 1443.167724609375 1443.546875 1443.93017578125 1444.3193359375 1444.7220458984375 1445.1866455078125 1445.7069091796875 1446.3165283203125 1447.082763671875 1448.0076904296875 1449.0147705078125 1450.06494140625 1451.134521484375 1452.19482421875 1453.2337646484375 1454.2440185546875 1455.23046875 1456.1981201171875 1457.1787109375 1458.2120361328125 1459.2864990234375 1460.397705078125 1461.5330810546875 1462.6781005859375 1463.826171875 1464.973876953125 1466.119384765625 1467.2552490234375 1468.3758544921875 1469.4742431640625 1470.549560546875 1471.5943603515625 1472.6075439453125 1473.5877685546875 1474.5274658203125 1475.419921875 1476.239013671875 1476.9832763671875 1477.6478271484375
1441.5040283203125 1441.3446044921875 1441.185546875 1441.046142578125 1440.9542236328125 1440.9302978515625 1440.9970703125 1441.225341796875 1441.5833740234375 1442.0062255859375 1442.470703125 1442.9627685546875 1443.492919921875 1444.025634765625 1444.5804443359375 1445.1861572265625 1445.87841796875 1446.67919921875 1447.5782470703125 1448.5517578125 1449.5665283203125 1450.5977783203125 1451.6278076171875 1452.6505126953125 1453.654052734375 1454.6392822265625 1455.6146240234375 1456.5965576171875 1457.6092529296875 1458.656494140625 1459.73193359375 1460.8253173828125 1461.9354248046875 1463.06103515625 1464.1895751953125 1465.3167724609375 1466.4339599609375 1467.5426025390625 1468.6365966796875 1469.711181640625 1470.763427734375 1471.7926025390625 1472.7919921875 1473.750732421875 1474.6644287109375 1475.5245361328125 1476.31982421875 1477.0262451171875
1440.3406982421875 1440.1619873046875 1439.9884033203125 1439.82958984375 1439.6982421875 1439.6270751953125 1439.719482421875 1439.99658203125 1440.4322509765625 1440.9793701171875 1441.579345703125 1442.181640625 1442.79736328125 1443.428955078125 1444.094482421875 1444.802978515625 1445.559814453125 1446.3828125 1447.2706298828125 1448.2100830078125 1449.18896484375 1450.1878662109375 1451.1905517578125 1452.1881103515625 1453.1705322265625 1454.1434326171875 1455.1123046875 1456.0865478515625 1457.0758056640625 1458.083740234375 1459.125732421875 1460.1884765625 1461.2669677734375 1462.357177734375 1463.4493408203125 1464.5504150390625 1465.648681640625 1466.7410888671875 1467.8236083984375 1468.8902587890625 1469.9417724609375 1470.975341796875 1471.9866943359375 1472.9691162109375 1473.9083251953125 1474.7896728515625 1475.6109619140625 1474.6854248046875
1439.3197021484375 1439.1341552734375 1438.9500732421875 1438.779296875 1438.6297607421875 1438.524169921875 1438.535400390625 1438.86767578125 1439.4844970703125 1440.147705078125 1440.8348388671875 1441.5364990234375 1442.258056640625 1442.98876953125 1443.73876953125 1444.51416015625 1445.3212890625 1446.17431640625 1447.0673828125 1447.9898681640625 1448.934814453125 1449.8953857421875 1450.859375 1451.822509765625 1452.7796630859375 1453.7310791015625 1454.678955078125 1455.630126953125 1456.5955810546875 1457.578369140625 1458.58056640625 1459.6011962890625 1460.641845703125 1461.695556640625 1462.7574462890625 1463.82470703125 1464.892578125 1465.9609375 1467.02392578125 1468.0797119140625 1469.1268310546875 1470.1627197265625 1471.1776123046875 1472.166259765625 1473.1212158203125 1474.0347900390625 1474.1224365234375 1469.8497314453125
1438.444091796875 1438.26611328125 1438.0958251953125 1437.938232421875 1437.79931640625 1437.6846923828125 1437.696533203125 1438.0960693359375 1438.7864990234375 1439.5255126953125 1440.2874755859375 1441.0692138671875 1441.865234375 1442.6744384765625 1443.4957275390625 1444.3360595703125 1445.195556640625 1446.071533203125 1446.962646484375 1447.8680419921875 1448.7857666015625 1449.7080078125 1450.6317138671875 1451.554443359375 1452.4765625 1453.392578125 1454.31005859375 1455.2327880859375 1456.16455078125 1457.113525390625 1458.0806884765625 1459.064208984375 1460.06201171875 1461.0723876953125 1462.09716796875 1463.12744140625 1464.16259765625 1465.2005615234375 1466.239501953125 1467.278076171875 1468.312255859375 1469.33984375 1470.35595703125 1471.355224609375 1472.3182373046875 1473.2403564453125 1471.572021484375 1466.17431640625
1437.7122802734375 1437.5574951171875 1437.4127197265625 1437.294677734375 1437.2230224609375 1437.2249755859375 1437.3524169921875 1437.74560546875 1438.3963623046875 1439.1353759765625 1439.9306640625 1440.76171875 1441.609619140625 1442.48486328125 1443.37255859375 1444.267578125 1445.166015625 1446.06103515625 1446.957763671875 1447.84716796875 1448.7310791015625 1449.6123046875 1450.4981689453125 1451.3721923828125 1452.2447509765625 1453.117919921875 1453.9969482421875 1454.8870849609375 1455.783447265625 1456.692626953125 1457.615234375 1458.55810546875 1459.517578125 1460.484619140625 1461.4620361328125 1462.4488525390625 1463.4501953125 1464.455810546875 1465.4642333984375 1466.477294921875 1467.4937744140625 1468.5123291015625 1469.51953125 1470.5111083984375 1471.4805908203125 1472.420654296875 1472.4287109375 1464.6663818359375
1437.0972900390625 1436.97509765625 1436.88330078125 1436.830322265625 1436.827880859375 1436.9022216796875 1437.158203125 1437.5888671875 1438.1795654296875 1438.9091796875 1439.7174072265625 1440.584716796875 1441.48681640625 1442.4127197265625 1443.34521484375 1444.28173828125 1445.2193603515625 1446.14013671875 1447.036865234375 1447.91015625 1448.7664794921875 1449.6011962890625 1450.426025390625 1451.24609375 1452.078125 1452.9063720703125 1453.7366943359375 1454.5767822265625 1455.4300537109375 1456.306640625 1457.18994140625 1458.0830078125 1458.988525390625 1459.90966796875 1460.850830078125 1461.794677734375 1462.74755859375 1463.7109375 1464.6888427734375 1465.6800537109375 1466.671875 1467.6669921875 1468.6610107421875 1469.64794921875 1470.615478515625 1471.551025390625 1465.417236328125 1464.0732421875
1436.59814453125 1436.5191650390625 1436.4693603515625 1436.464599609375 1436.552490234375 1436.7340087890625 1437.030517578125 1437.4810791015625 1438.0826416015625 1438.8140869140625 1439.63330078125 1440.5216064453125 1441.452880859375 1442.41552734375 1443.400390625 1444.3863525390625 1445.353515625 1446.291748046875 1447.19384765625 1448.0465087890625 1448.857421875 1449.647216796875 1450.427490234375 1451.19189453125 1451.9534912109375 1452.7216796875 1453.5111083984375 1454.3133544921875 1455.1214599609375 1455.9404296875 1456.77099609375 1457.6256103515625 1458.4923095703125 1459.3609619140625 1460.2408447265625 1461.1351318359375 1462.0528564453125 1462.9818115234375 1463.91796875 1464.86767578125 1465.832275390625 1466.8089599609375 1467.78515625 1468.752685546875 1469.7093505859375 1470.6458740234375 1466.9576416015625 1465.205078125
1436.1798095703125 1436.13623046875 1436.15234375 1436.2259521484375 1436.3682861328125 1436.601318359375 1436.9547119140625 1437.4471435546875 1438.0609130859375 1438.799072265625 1439.627197265625 1440.5330810546875 1441.4990234375 1442.5009765625 1443.5166015625 1444.533203125 1445.539306640625 1446.5086669921875 1447.4110107421875 1448.2440185546875 1449.025634765625 1449.7503662109375 1450.4512939453125 1451.156005859375 1451.870849609375 1452.593505859375 1453.31884765625 1454.05810546875 1454.8216552734375 1455.6016845703125 1456.3919677734375 1457.1829833984375 1457.984619140625 1458.8104248046875 1459.6495361328125 1460.4990234375 1461.3563232421875 1462.2310791015625 1463.135498046875 1464.05517578125 1464.986572265625 1465.92626953125 1466.874755859375 1467.827392578125 1468.7711181640625 1469.6954345703125 1470.5931396484375 1471.4576416015625
1435.8394775390625 1435.8487548828125 1435.9075927734375 1436.0262451171875 1436.228515625 1436.5308837890625 1436.935546875 1437.4527587890625 1438.0833740234375 1438.8321533203125 1439.6785888671875 1440.6072998046875 1441.5899658203125 1442.6121826171875 1443.6658935546875 1444.72705078125 1445.7633056640625 1446.7562255859375 1447.6845703125 1448.496337890625 1449.2034912109375 1449.8701171875 1450.517822265625 1451.1605224609375 1451.7994384765625 1452.459228515625 1453.141845703125 1453.8392333984375 1454.549072265625 1455.2642822265625 1455.9984130859375 1456.7471923828125 1457.50634765625 1458.272705078125 1459.043701171875 1459.8402099609375 1460.65673828125 1461.490966796875 1462.3404541015625 1463.2078857421875 1464.106201171875 1465.0196533203125 1465.9429931640625 1466.867431640625 1467.7877197265625 1468.6978759765625 1469.5863037109375 1470.446533203125
