gis/input_ras/sw_ww/Hydro Model_ 02 - Basal Clay_younger.asc
ncols        266
nrows        300
xllcorner    2364495.809716653544
yllcorner    243038.907031175506
cellsize     500.000000000000
NODATA_value -99999
[rows 44 to 65 of 300, columns 150 to 199 of 266]
1449.2623291015625 1453.413330078125 1457.0821533203125 1460.3216552734375 1463.1160888671875 1465.5128173828125 1467.492919921875 1469.0565185546875 1470.240966796875 1471.069580078125 1471.591796875 1471.802734375 1471.74072265625 1471.4449462890625 1470.9639892578125 1470.3402099609375 1469.5931396484375 1468.7742919921875 1467.92236328125 1467.0665283203125 1466.2249755859375 1465.4248046875 1464.66357421875 1463.9073486328125 1463.151611328125 1462.4056396484375 1461.7076416015625 1461.1085205078125 1460.6376953125 1460.28271484375 1460.049560546875 1459.9656982421875 1459.9713134765625 1460.020751953125 1460.1025390625 1460.204833984375 1460.309814453125 1460.3377685546875 1460.2418212890625 1460.0283203125 1459.6724853515625 1459.131103515625 1458.337646484375 1457.2857666015625 -99999 -99999 -99999 -99999 -99999 -99999
1449.07568359375 1453.1204833984375 1456.7498779296875 1459.97216796875 1462.7557373046875 1465.1002197265625 1467.0125732421875 1468.5560302734375 1469.74560546875 1470.5596923828125 1471.0299072265625 1471.1953125 1471.1141357421875 1470.812744140625 1470.2960205078125 1469.625 1468.85205078125 1468.0166015625 1467.1468505859375 1466.2801513671875 1465.4561767578125 1464.684814453125 1463.9566650390625 1463.2574462890625 1462.512939453125 1461.72900390625 1461.0189208984375 1460.418212890625 1459.9669189453125 1459.7052001953125 1459.5977783203125 1459.61376953125 1459.7335205078125 1459.95556640625 1460.2530517578125 1460.528076171875 1460.7762451171875 1460.9696044921875 1461.08740234375 1461.062744140625 1460.821044921875 1460.3787841796875 1459.70654296875 1458.734375 1457.4300537109375 -99999 -99999 -99999 -99999 -99999
1448.633056640625 1452.6876220703125 1456.266357421875 1459.369384765625 1462.0826416015625 1464.4141845703125 1466.3685302734375 1467.8958740234375 1469.00830078125 1469.7952880859375 1470.276611328125 1470.473388671875 1470.36328125 1470.008544921875 1469.47802734375 1468.8043212890625 1468.019287109375 1467.1527099609375 1466.268310546875 1465.3994140625 1464.5704345703125 1463.8067626953125 1463.14990234375 1462.5263671875 1461.78173828125 1460.92919921875 1460.14013671875 1459.570068359375 1459.1923828125 1458.9935302734375 1458.965576171875 1459.1265869140625 1459.42919921875 1459.8128662109375 1460.251953125 1460.717529296875 1461.2020263671875 1461.580078125 1461.848876953125 1461.9779052734375 1461.936767578125 1461.674560546875 1461.0682373046875 1460.1263427734375 1458.859375 1457.2906494140625 -99999 -99999 -99999 -99999
1448.0155029296875 1451.91455078125 1455.409912109375 1458.515869140625 1461.246826171875 1463.5009765625 1465.3743896484375 1466.890869140625 1468.0615234375 1468.8973388671875 1469.3289794921875 1469.4849853515625 1469.3916015625 1469.07421875 1468.552001953125 1467.8427734375 1467.0374755859375 1466.1688232421875 1465.2686767578125 1464.373046875 1463.53369140625 1462.771240234375 1462.1031494140625 1461.5015869140625 1460.7611083984375 1459.84326171875 1459.0709228515625 1458.5069580078125 1458.1597900390625 1458.0753173828125 1458.2056884765625 1458.5020751953125 1458.9390869140625 1459.4888916015625 1460.1341552734375 1460.796875 1461.4410400390625 1462.029541015625 1462.524169921875 1462.82421875 1462.9112548828125 1462.761962890625 1462.3248291015625 1461.5177001953125 1460.233642578125 1458.6053466796875 1456.6336669921875 -99999 -99999 -99999
1447.02734375 1450.892333984375 1454.3468017578125 1457.32470703125 1459.948974609375 1462.224609375 1464.153076171875 1465.6787109375 1466.802001953125 1467.6087646484375 1468.1153564453125 1468.33935546875 1468.251220703125 1467.91455078125 1467.3927001953125 1466.717041015625 1465.9197998046875 1465.02978515625 1464.1080322265625 1463.1883544921875 1462.294921875 1461.4530029296875 1460.7012939453125 1459.95751953125 1459.15576171875 1458.324462890625 1457.5867919921875 1457.1220703125 1456.9091796875 1456.9296875 1457.168212890625 1457.5972900390625 1458.22900390625 1458.970458984375 1459.7880859375 1460.6483154296875 1461.4854736328125 1462.269775390625 1462.9346923828125 1463.437255859375 1463.7352294921875 1463.7181396484375 1463.3360595703125 1462.5804443359375 1461.437255859375 1459.900390625 1457.8828125 -99999 -99999 -99999
1445.7662353515625 1449.4400634765625 1452.7738037109375 1455.7655029296875 1458.3941650390625 1460.635009765625 1462.50439453125 1464.043701171875 1465.2564697265625 1466.1175537109375 1466.6326904296875 1466.855712890625 1466.826904296875 1466.566162109375 1466.0721435546875 1465.3968505859375 1464.5986328125 1463.71484375 1462.773681640625 1461.8160400390625 1460.8682861328125 1459.9405517578125 1459.0360107421875 1458.1566162109375 1457.3033447265625 1456.4942626953125 1455.8583984375 1455.45166015625 1455.31005859375 1455.4420166015625 1455.8681640625 1456.4866943359375 1457.26416015625 1458.1610107421875 1459.1405029296875 1460.1942138671875 1461.240478515625 1462.2364501953125 1463.10107421875 1463.763671875 1464.194091796875 1464.3345947265625 1464.1422119140625 1463.513916015625 1462.414794921875 1460.855712890625 1458.85693359375 1456.429443359375 -99999 -99999
1443.984375 1447.597900390625 1450.8697509765625 1453.78515625 1456.3509521484375 1458.6085205078125 1460.5396728515625 1462.1033935546875 1463.32177734375 1464.222412109375 1464.833984375 1465.142333984375 1465.1583251953125 1464.9256591796875 1464.485107421875 1463.868896484375 1463.093505859375 1462.2110595703125 1461.2530517578125 1460.2529296875 1459.2281494140625 1458.210693359375 1457.2110595703125 1456.205322265625 1455.24951171875 1454.4002685546875 -99999 -99999 -99999 -99999 -99999 -99999 1455.9437255859375 1457.023193359375 1458.1915283203125 1459.4132080078125 1460.6103515625 1461.7723388671875 1462.8314208984375 1463.716552734375 1464.3431396484375 1464.615966796875 1464.524169921875 1464.0208740234375 1463.0765380859375 1461.610595703125 1459.6259765625 1457.118408203125 1454.1600341796875 -99999
1441.7847900390625 1445.265625 1448.4422607421875 1451.3414306640625 1453.9033203125 1456.16650390625 1458.0999755859375 1459.724365234375 1461.040283203125 1461.999755859375 1462.673095703125 1463.052978515625 1463.1749267578125 1463.038818359375 1462.648681640625 1462.0770263671875 1461.3416748046875 1460.4814453125 1459.5157470703125 1458.48681640625 1457.41796875 1456.300048828125 1455.1641845703125 1454.0528564453125 1453.00927734375 -99999 -99999 -99999 -99999 -99999 -99999 -99999 -99999 1455.490478515625 1456.771484375 1458.1376953125 1459.531494140625 1460.8890380859375 1462.091552734375 1463.1202392578125 1463.9122314453125 1464.407470703125 1464.5299072265625 1464.1510009765625 1463.3201904296875 1461.9317626953125 1460.0029296875 1457.5155029296875 1454.5091552734375 1451.0823974609375
1438.9901123046875 1442.395263671875 1445.5284423828125 1448.39404296875 1450.95361328125 1453.252197265625 1455.2275390625 1456.9044189453125 1458.28955078125 1459.3651123046875 1460.1671142578125 1460.6282958984375 1460.833251953125 1460.79296875 1460.5145263671875 1460.0234375 1459.3255615234375 1458.4930419921875 1457.5438232421875 1456.4913330078125 1455.3607177734375 1454.1822509765625 1452.9781494140625 1451.7601318359375 -99999 -99999 -99999 -99999 -99999 -99999 -99999 -99999 -99999 -99999 1454.8885498046875 1456.3673095703125 1457.863037109375 1459.3309326171875 1460.722900390625 1461.967529296875 1462.9207763671875 1463.574951171875 1463.8831787109375 1463.7545166015625 1463.1231689453125 1461.8182373046875 1459.9515380859375 1457.5068359375 1454.4537353515625 1450.9215087890625
1435.6102294921875 1438.998779296875 1442.0792236328125 1444.902587890625 1447.47119140625 1449.796142578125 1451.8646240234375 1453.6463623046875 1455.107421875 1456.2764892578125 1457.17626953125 1457.8067626953125 1458.1669921875 1458.2125244140625 1458.018798828125 1457.6138916015625 1457.0135498046875 1456.234375 1455.2852783203125 1454.2303466796875 1453.0858154296875 1451.8551025390625 1450.5670166015625 1449.27197265625 -99999 -99999 -99999 -99999 -99999 -99999 -99999 -99999 -99999 -99999 1452.3870849609375 1453.9268798828125 1455.539794921875 1457.126953125 1458.62353515625 1459.9869384765625 1461.1695556640625 1462.1104736328125 1462.6241455078125 1462.678466796875 1462.23291015625 1461.1983642578125 1459.457763671875 1456.9410400390625 1453.8509521484375 1450.2650146484375
1431.6513671875 1434.953857421875 1438.0172119140625 1440.8560791015625 1443.4739990234375 1445.8448486328125 1447.9569091796875 1449.8197021484375 1451.426025390625 1452.7696533203125 1453.801025390625 1454.5384521484375 1455.015380859375 1455.236083984375 1455.2001953125 1454.874755859375 1454.33154296875 1453.607666015625 1452.7235107421875 1451.6873779296875 1450.5133056640625 1449.258056640625 1447.9488525390625 -99999 -99999 -99999 -99999 -99999 -99999 -99999 -99999 -99999 -99999 -99999 1449.2108154296875 1450.790771484375 1452.4254150390625 1454.0721435546875 1455.6934814453125 1457.22802734375 1458.578369140625 1459.7003173828125 1460.5250244140625 1460.967041015625 1460.7652587890625 1459.8480224609375 1458.218017578125 1455.85888671875 1452.7073974609375 1448.8759765625
1427.0526123046875 1430.3475341796875 1433.405029296875 1436.220947265625 1438.8531494140625 1441.2965087890625 1443.540283203125 1445.5357666015625 1447.240478515625 1448.7010498046875 1449.9117431640625 1450.8663330078125 1451.5111083984375 1451.8408203125 1451.9100341796875 1451.7303466796875 1451.3167724609375 1450.6439208984375 1449.7755126953125 1448.7579345703125 1447.6129150390625 1446.3623046875 1445.0306396484375 -99999 -99999 -99999 -99999 -99999 -99999 -99999 -99999 -99999 -99999 -99999 -99999 1446.8114013671875 1448.4407958984375 1450.1209716796875 1451.802978515625 1453.4490966796875 1455.0157470703125 1456.4281005859375 1457.5311279296875 1458.2401123046875 1458.425048828125 1457.9505615234375 1456.453125 1453.9427490234375 1450.6514892578125 1446.7099609375
1421.831787109375 1425.04443359375 1428.08544921875 1430.9635009765625 1433.68017578125 1436.1827392578125 1438.49951171875 1440.6162109375 1442.5213623046875 1444.189208984375 1445.552734375 1446.6591796875 1447.49365234375 1448.04638671875 1448.2835693359375 1448.17919921875 1447.8214111328125 1447.232421875 1446.435791015625 1445.443115234375 1444.2850341796875 1443.034912109375 1441.727783203125 -99999 -99999 -99999 -99999 -99999 -99999 -99999 -99999 -99999 -99999 -99999 -99999 1441.8961181640625 1443.44775390625 1445.0860595703125 1446.794677734375 1448.5335693359375 1450.2523193359375 1451.9005126953125 1453.4061279296875 1454.6156005859375 1455.20166015625 1454.970947265625 1453.712646484375 1451.3287353515625 1447.8614501953125 1443.4588623046875
1415.8912353515625 1419.115478515625 1422.1744384765625 1425.076416015625 1427.8436279296875 1430.4713134765625 1432.948974609375 1435.190673828125 1437.2406005859375 1439.08984375 1440.717529296875 1442.0909423828125 1443.091796875 1443.787353515625 1444.16552734375 1444.23046875 1443.9830322265625 1443.4259033203125 1442.623779296875 1441.642333984375 1440.521484375 1439.2921142578125 1437.9930419921875 -99999 -99999 -99999 -99999 -99999 -99999 -99999 -99999 -99999 -99999 -99999 -99999 -99999 1437.388916015625 1438.9427490234375 1440.6044921875 1442.3631591796875 1444.20947265625 1446.0631103515625 1447.89794921875 1449.557861328125 1450.845458984375 1451.373779296875 1450.3466796875 1447.619140625 1443.6400146484375 1438.910400390625
1409.2840576171875 1412.505126953125 1415.6142578125 1418.61572265625 1421.476318359375 1424.1937255859375 1426.7835693359375 1429.2335205078125 1431.5286865234375 1433.578857421875 1435.4014892578125 1436.9853515625 1438.2716064453125 1439.2230224609375 1439.7275390625 1439.87890625 1439.676513671875 1439.1741943359375 1438.4156494140625 1437.4365234375 1436.3135986328125 1435.1025390625 1433.83984375 -99999 -99999 -99999 -99999 -99999 -99999 -99999 -99999 -99999 -99999 -99999 -99999 -99999 1430.28369140625 1431.64013671875 1433.2022705078125 1434.9127197265625 1436.7772216796875 1438.795654296875 1440.94384765625 1443.0557861328125 1444.920654296875 1446.20068359375 1445.821044921875 1442.7412109375 1438.183837890625 1432.8609619140625
1401.9862060546875 1405.2884521484375 1408.4617919921875 1411.53759765625 1414.5203857421875 1417.4046630859375 1420.162109375 1422.7685546875 1425.24462890625 1427.5867919921875 1429.739013671875 1431.5726318359375 1433.06005859375 1434.190673828125 1434.9007568359375 1435.1868896484375 1435.0255126953125 1434.5364990234375 1433.7581787109375 1432.787841796875 1431.695556640625 1430.506591796875 -99999 -99999 -99999 -99999 -99999 -99999 -99999 -99999 -99999 -99999 -99999 -99999 -99999 -99999 -99999 1423.3179931640625 1424.6201171875 1426.12744140625 1427.9119873046875 1429.937255859375 1432.1572265625 1434.568603515625 1437.120849609375 1439.558349609375 1439.7857666015625 1435.9912109375 1430.43798828125 1424.7750244140625
1394.0338134765625 1397.4451904296875 1400.7686767578125 1403.9884033203125 1407.0762939453125 1410.0728759765625 1412.9959716796875 1415.8609619140625 1418.61474609375 1421.181396484375 1423.56640625 1425.7344970703125 1427.5810546875 1428.9327392578125 1429.7625732421875 1430.1363525390625 1430.01123046875 1429.5032958984375 1428.7108154296875 1427.740478515625 1426.6556396484375 1425.5137939453125 -99999 -99999 -99999 -99999 -99999 -99999 -99999 -99999 -99999 -99999 -99999 -99999 -99999 -99999 -99999 1413.835693359375 1414.8909912109375 1416.163818359375 1417.6727294921875 1419.4498291015625 1421.536865234375 1423.885009765625 1426.39013671875 1428.81591796875 1429.0960693359375 1425.4166259765625 1419.9930419921875 1414.4522705078125
1385.5897216796875 1389.1343994140625 1392.5819091796875 1395.9356689453125 1399.1956787109375 1402.3682861328125 1405.4473876953125 1408.477294921875 1411.4478759765625 1414.3812255859375 1417.164306640625 1419.61474609375 1421.714599609375 1423.3802490234375 1424.439697265625 1424.820556640625 1424.6573486328125 1424.1220703125 1423.307861328125 1422.3092041015625 1421.251220703125 1420.173095703125 -99999 -99999 -99999 -99999 -99999 -99999 -99999 -99999 -99999 -99999 -99999 -99999 -99999 -99999 -99999 -99999 1404.14794921875 1404.9271240234375 1406.102294921875 1407.552734375 1409.260498046875 1411.06689453125 1412.8157958984375 1414.1121826171875 1413.856201171875 1411.069580078125 1406.9503173828125 1402.1231689453125
1376.6395263671875 1380.3656005859375 1384.0467529296875 1387.571533203125 1390.9541015625 1394.2415771484375 1397.4715576171875 1400.7415771484375 1403.9873046875 1407.1854248046875 1410.273193359375 1413.177734375 1415.7740478515625 1417.6456298828125 1418.8138427734375 1419.285400390625 1419.1055908203125 1418.431396484375 1417.52978515625 1416.5233154296875 1415.484130859375 1414.48779296875 -99999 -99999 -99999 -99999 -99999 -99999 -99999 -99999 -99999 -99999 -99999 -99999 -99999 -99999 -99999 -99999 1392.608642578125 1392.9482421875 1393.5289306640625 1394.2823486328125 1395.3953857421875 1396.572021484375 1397.6083984375 1398.13232421875 1397.3787841796875 1395.1461181640625 1391.82470703125 1387.8836669921875
1367.3548583984375 1371.2598876953125 1375.1195068359375 1378.8729248046875 1382.4373779296875 1385.7984619140625 1389.1697998046875 1392.599853515625 1396.0950927734375 1399.6444091796875 1403.1370849609375 1406.433837890625 1409.3961181640625 1411.8140869140625 1413.32666015625 1413.5335693359375 1413.1702880859375 1412.42822265625 1411.4674072265625 1410.4071044921875 1409.3935546875 -99999 -99999 -99999 -99999 -99999 -99999 -99999 -99999 -99999 -99999 -99999 -99999 -99999 -99999 -99999 -99999 -99999 -99999 1380.183349609375 1380.1300048828125 1380.280029296875 1380.5985107421875 1380.9691162109375 1381.2008056640625 1380.9732666015625 1380.0518798828125 1378.3157958984375 1375.8057861328125 1372.6217041015625
1357.69873046875 1361.740234375 1365.8507080078125 1369.8956298828125 1373.533203125 1376.9610595703125 1380.4259033203125 1384.0528564453125 1387.8529052734375 1391.7122802734375 1395.5643310546875 1399.337646484375 1402.8583984375 1405.7847900390625 1407.3236083984375 1407.5458984375 1407.005615234375 1406.1082763671875 1405.0670166015625 1403.978271484375 1402.91552734375 -99999 -99999 -99999 -99999 -99999 -99999 -99999 -99999 -99999 -99999 -99999 -99999 -99999 -99999 -99999 -99999 -99999 -99999 -99999 1366.276611328125 1365.6590576171875 1365.158447265625 1364.718994140625 1364.2423095703125 1363.6131591796875 1362.556884765625 1360.976806640625 1358.9898681640625 1356.6646728515625
1347.6802978515625 1351.7564697265625 1356.0047607421875 1360.2486572265625 1364.0819091796875 1367.5040283203125 1371.22509765625 1375.153076171875 1379.248046875 1383.4149169921875 1387.5841064453125 1391.663330078125 1395.54052734375 1398.9388427734375 1400.97314453125 1400.8349609375 1400.2828369140625 1399.4462890625 1398.39697265625 1397.228515625 1396.03857421875 -99999 -99999 -99999 -99999 -99999 -99999 -99999 -99999 -99999 -99999 -99999 -99999 -99999 -99999 -99999 -99999 -99999 -99999 -99999 -99999 1350.9261474609375 1349.4610595703125 1348.2791748046875 1347.148193359375 1346.00537109375 1344.857666015625 1343.6400146484375 1342.1522216796875 1340.517333984375
