gis/input_ras/sw_ww/Hydro Model_ 03 - Lower Aquifer_younger.asc
ncols        266
nrows        300
xllcorner    2364495.809716653544
yllcorner    243038.907031175506
cellsize     500.000000000000
NODATA_value -99999
[rows 0 to 25 of 300, columns 118 to 176 of 266]
1431.559326171875 1428.58740234375 1426.5875244140625 1425.5074462890625 1425.2181396484375 1425.3277587890625 1425.595947265625 1426.0133056640625 1426.5723876953125 1427.275634765625 1428.1656494140625 1429.239501953125 1430.471435546875 1431.8504638671875 1433.3670654296875 1434.989990234375 1436.6417236328125 1438.2899169921875 1439.9132080078125 1441.4942626953125 1443.017333984375 1444.4913330078125 1445.9351806640625 1447.3538818359375 1448.7523193359375 1450.123046875 1451.454345703125 1452.7587890625 1454.0369873046875 1455.2872314453125 1456.4923095703125 1457.6468505859375 1458.751220703125 1459.8011474609375 1460.7864990234375 1461.704345703125 1462.56103515625 1463.3560791015625 1464.08642578125 1464.7431640625 1465.323486328125 1465.8232421875 1466.2322998046875 1466.544189453125 1466.796875 1467.019775390625 1467.2178955078125 1467.3919677734375 1467.5413818359375 1467.6632080078125 1467.752685546875 1467.8154296875 1467.85107421875 1467.859375 1467.837646484375 1467.7811279296875 1467.7000732421875 1467.597412109375 1467.482421875
1432.6173095703125 1430.2373046875 1428.3154296875 1427.2103271484375 1426.70263671875 1426.5345458984375 1426.62548828125 1426.952392578125 1427.446044921875 1428.1068115234375 1428.9395751953125 1429.9434814453125 1431.1439208984375 1432.4974365234375 1433.9771728515625 1435.5340576171875 1437.1351318359375 1438.751708984375 1440.337158203125 1441.875732421875 1443.37353515625 1444.831298828125 1446.2562255859375 1447.6463623046875 1449.002685546875 1450.328857421875 1451.6282958984375 1452.90478515625 1454.146728515625 1455.3558349609375 1456.5308837890625 1457.6658935546875 1458.7520751953125 1459.7723388671875 1460.7353515625 1461.6424560546875 1462.4910888671875 1463.2762451171875 1463.983154296875 1464.62353515625 1465.1951904296875 1465.686279296875 1466.0882568359375 1466.412353515625 1466.6859130859375 1466.9193115234375 1467.11669921875 1467.2857666015625 1467.421875 1467.5279541015625 1467.603515625 1467.6490478515625 1467.6597900390625 1467.632080078125 1467.5718994140625 1467.4814453125 1467.3668212890625 1467.2197265625 1467.0484619140625
1433.8902587890625 1431.8226318359375 1430.222412109375 1429.028076171875 1428.308349609375 1427.9981689453125 1427.9541015625 1428.126220703125 1428.493408203125 1429.0792236328125 1429.8614501953125 1430.8275146484375 1431.968017578125 1433.2548828125 1434.68505859375 1436.199462890625 1437.7490234375 1439.2987060546875 1440.83349609375 1442.341796875 1443.8111572265625 1445.231689453125 1446.6123046875 1447.959716796875 1449.281005859375 1450.5712890625 1451.82275390625 1453.0494384765625 1454.25390625 1455.4344482421875 1456.5821533203125 1457.677734375 1458.7308349609375 1459.7353515625 1460.6832275390625 1461.5740966796875 1462.3990478515625 1463.1671142578125 1463.868408203125 1464.4993896484375 1465.05712890625 1465.53515625 1465.9456787109375 1466.2838134765625 1466.566162109375 1466.804931640625 1467.004638671875 1467.169677734375 1467.298095703125 1467.39404296875 1467.451416015625 1467.4700927734375 1467.452392578125 1467.3994140625 1467.31201171875 1467.179931640625 1467.0123291015625 1466.8173828125 1466.6068115234375
1435.374755859375 1433.5897216796875 1432.0557861328125 1430.876220703125 1430.06640625 1429.57568359375 1429.3779296875 1429.453369140625 1429.732666015625 1430.2183837890625 1430.9127197265625 1431.8187255859375 1432.9136962890625 1434.1553955078125 1435.5164794921875 1436.950927734375 1438.4404296875 1439.9432373046875 1441.4332275390625 1442.8817138671875 1444.2930908203125 1445.6715087890625 1447.0146484375 1448.322998046875 1449.5809326171875 1450.8115234375 1452.02490234375 1453.216064453125 1454.38232421875 1455.51123046875 1456.6131591796875 1457.6837158203125 1458.7137451171875 1459.6949462890625 1460.61767578125 1461.4866943359375 1462.29833984375 1463.0540771484375 1463.743896484375 1464.3629150390625 1464.91259765625 1465.3900146484375 1465.8023681640625 1466.1505126953125 1466.4443359375 1466.68701171875 1466.886962890625 1467.050048828125 1467.1700439453125 1467.2491455078125 1467.287841796875 1467.28857421875 1467.2509765625 1467.160888671875 1467.0286865234375 1466.8603515625 1466.658935546875 1466.427001953125 1466.1556396484375
1436.925048828125 1435.29150390625 1433.85498046875 1432.6781005859375 1431.827392578125 1431.2559814453125 1430.9405517578125 1430.8709716796875 1431.045654296875 1431.47802734375 1432.1134033203125 1432.940673828125 1433.9560546875 1435.134521484375 1436.4403076171875 1437.8173828125 1439.2381591796875 1440.659423828125 1442.0780029296875 1443.475830078125 1444.8409423828125 1446.1678466796875 1447.4403076171875 1448.68408203125 1449.89990234375 1451.0892333984375 1452.2509765625 1453.3804931640625 1454.49609375 1455.5899658203125 1456.658203125 1457.6917724609375 1458.684326171875 1459.63671875 1460.542724609375 1461.39892578125 1462.1959228515625 1462.9329833984375 1463.607421875 1464.2205810546875 1464.7708740234375 1465.2509765625 1465.66552734375 1466.01611328125 1466.3153076171875 1466.5675048828125 1466.7689208984375 1466.9228515625 1467.032470703125 1467.101318359375 1467.129150390625 1467.1015625 1467.02783203125 1466.91015625 1466.750244140625 1466.546875 1466.29150390625 1466.00634765625 -99999
1438.5189208984375 1437.0078125 1435.6446533203125 1434.4835205078125 1433.5552978515625 1432.889892578125 1432.523681640625 1432.3951416015625 1432.4931640625 1432.8111572265625 1433.3642578125 1434.1572265625 1435.118896484375 1436.2237548828125 1437.44189453125 1438.7364501953125 1440.0849609375 1441.444091796875 1442.7974853515625 1444.1265869140625 1445.413818359375 1446.6719970703125 1447.8955078125 1449.08642578125 1450.2406005859375 1451.364501953125 1452.4713134765625 1453.55859375 1454.627197265625 1455.6693115234375 1456.6893310546875 1457.685546875 1458.6512451171875 1459.5823974609375 1460.4658203125 1461.297607421875 1462.0784912109375 1462.806640625 1463.480224609375 1464.087890625 1464.626220703125 1465.105224609375 1465.5263671875 1465.8917236328125 1466.1949462890625 1466.4410400390625 1466.6402587890625 1466.7939453125 1466.90087890625 1466.9508056640625 1466.9510498046875 1466.904296875 1466.8101806640625 1466.6636962890625 1466.4586181640625 1466.2100830078125 -99999 -99999 -99999
1440.0927734375 1438.65576171875 1437.3143310546875 1436.1826171875 1435.2744140625 1434.587890625 1434.128173828125 1433.899169921875 1433.962890625 1434.251220703125 1434.7470703125 1435.4381103515625 1436.309326171875 1437.3629150390625 1438.512451171875 1439.7303466796875 1440.9920654296875 1442.27001953125 1443.544189453125 1444.796630859375 1446.0216064453125 1447.2152099609375 1448.3681640625 1449.4884033203125 1450.58251953125 1451.6536865234375 1452.70458984375 1453.7325439453125 1454.74560546875 1455.742919921875 1456.7230224609375 1457.6837158203125 1458.6129150390625 1459.5103759765625 1460.371826171875 1461.1929931640625 1461.969970703125 1462.6826171875 1463.3399658203125 1463.9427490234375 1464.48974609375 1464.9793701171875 1465.3955078125 1465.75634765625 1466.064208984375 1466.320556640625 1466.5233154296875 1466.6622314453125 1466.751953125 1466.7918701171875 1466.7813720703125 1466.7125244140625 1466.5804443359375 1466.3973388671875 -99999 -99999 -99999 -99999 -99999
1441.5704345703125 1440.19921875 1438.940673828125 1437.828369140625 1436.8909912109375 1436.1802978515625 1435.7305908203125 1435.4976806640625 1435.480712890625 1435.676513671875 1436.12109375 1436.779296875 1437.5950927734375 1438.54345703125 1439.59814453125 1440.7470703125 1441.9285888671875 1443.1229248046875 1444.315185546875 1445.4930419921875 1446.644287109375 1447.7574462890625 1448.8411865234375 1449.8970947265625 1450.9298095703125 1451.937255859375 1452.92529296875 1453.89990234375 1454.8623046875 1455.8155517578125 1456.7491455078125 1457.6661376953125 1458.563720703125 1459.438232421875 1460.2830810546875 1461.0810546875 1461.837646484375 1462.5489501953125 1463.2120361328125 1463.8153076171875 1464.353759765625 1464.83740234375 1465.2659912109375 1465.6396484375 1465.9478759765625 1466.195068359375 1466.38916015625 1466.5302734375 1466.6180419921875 1466.6395263671875 1466.599609375 -99999 -99999 -99999 -99999 -99999 -99999 -99999 -99999
1442.927001953125 1441.634033203125 1440.4207763671875 1439.3543701171875 1438.482177734375 1437.791015625 1437.2921142578125 1437.0123291015625 1436.98046875 1437.166748046875 1437.545166015625 1438.10302734375 1438.8458251953125 1439.736328125 1440.718017578125 1441.7650146484375 1442.85498046875 1443.980224609375 1445.0921630859375 1446.1829833984375 1447.2513427734375 1448.293212890625 1449.3175048828125 1450.2977294921875 1451.2562255859375 1452.1990966796875 1453.1302490234375 1454.060546875 1454.96923828125 1455.86962890625 1456.760986328125 1457.6435546875 1458.51318359375 1459.3551025390625 1460.1727294921875 1460.9613037109375 1461.7138671875 1462.417236328125 1463.06884765625 -99999 -99999 -99999 -99999 -99999 -99999 -99999 -99999 -99999 -99999 -99999 -99999 -99999 -99999 -99999 -99999 -99999 -99999 -99999 -99999
1444.0816650390625 1442.906005859375 1441.81884765625 1440.8306884765625 1439.97314453125 1439.2960205078125 1438.822265625 1438.550048828125 1438.4669189453125 1438.585205078125 1438.9212646484375 1439.439208984375 1440.1036376953125 1440.8896484375 1441.7880859375 1442.770751953125 1443.780029296875 1444.8031005859375 1445.8282470703125 1446.8519287109375 1447.8590087890625 1448.818115234375 1449.7508544921875 1450.660888671875 1451.5628662109375 1452.4512939453125 1453.3204345703125 1454.1859130859375 1455.048095703125 1455.9130859375 1456.7679443359375 1457.6087646484375 1458.440673828125 1459.2603759765625 1460.0628662109375 -99999 -99999 -99999 -99999 -99999 -99999 -99999 -99999 -99999 -99999 -99999 -99999 -99999 -99999 -99999 -99999 -99999 -99999 -99999 -99999 -99999 -99999 -99999 -99999
1445.100830078125 1444.0927734375 1443.0899658203125 1442.170654296875 1441.392822265625 1440.7591552734375 1440.275634765625 1439.9920654296875 1439.890869140625 1439.9862060546875 1440.2518310546875 1440.682861328125 1441.2896728515625 1442.015625 1442.8291015625 1443.705078125 1444.631103515625 1445.5914306640625 1446.5518798828125 1447.4864501953125 1448.400146484375 1449.29345703125 1450.1676025390625 1451.0137939453125 1451.8349609375 1452.6510009765625 1453.4727783203125 1454.2977294921875 1455.116943359375 1455.9305419921875 1456.7421875 1457.555419921875 1458.36328125 1459.1566162109375 -99999 -99999 -99999 -99999 -99999 -99999 -99999 -99999 -99999 -99999 -99999 -99999 -99999 -99999 -99999 -99999 -99999 -99999 -99999 -99999 -99999 -99999 -99999 -99999 -99999
1445.9622802734375 1445.089599609375 1444.2403564453125 1443.4345703125 1442.70751953125 1442.1026611328125 1441.6370849609375 1441.34814453125 1441.2122802734375 1441.2694091796875 1441.4932861328125 1441.8721923828125 1442.3912353515625 1443.0225830078125 1443.773193359375 1444.58642578125 1445.4390869140625 1446.305908203125 1447.183349609375 1448.0626220703125 1448.920654296875 1449.7430419921875 1450.5267333984375 1451.296630859375 1452.0682373046875 1452.83740234375 1453.6016845703125 1454.3662109375 1455.1412353515625 1455.9241943359375 1456.7071533203125 1457.4833984375 1458.25732421875 -99999 -99999 -99999 -99999 -99999 -99999 -99999 -99999 -99999 -99999 -99999 -99999 -99999 -99999 -99999 -99999 -99999 -99999 -99999 -99999 -99999 -99999 -99999 -99999 -99999 -99999
1446.728515625 1446.0146484375 1445.260498046875 1444.5328369140625 1443.866943359375 1443.3084716796875 1442.8682861328125 1442.5716552734375 1442.42041015625 1442.4237060546875 1442.586181640625 1442.9161376953125 1443.3809814453125 1443.95458984375 1444.615966796875 1445.3402099609375 1446.1290283203125 1446.943359375 1447.7674560546875 1448.578369140625 1449.361083984375 1450.11962890625 1450.849365234375 1451.5589599609375 1452.255126953125 1452.9622802734375 1453.6844482421875 1454.4127197265625 1455.1474609375 1455.8829345703125 1456.628173828125 1457.3809814453125 1458.1351318359375 -99999 -99999 -99999 -99999 -99999 -99999 -99999 -99999 -99999 -99999 -99999 -99999 -99999 -99999 -99999 -99999 -99999 -99999 -99999 -99999 -99999 -99999 -99999 -99999 -99999 -99999
1447.3331298828125 1446.74658203125 1446.112060546875 1445.479248046875 1444.8782958984375 1444.3504638671875 1443.9168701171875 1443.6024169921875 1443.436279296875 1443.423583984375 1443.550537109375 1443.8118896484375 1444.2008056640625 1444.7149658203125 1445.322509765625 1445.9945068359375 1446.7154541015625 1447.46533203125 1448.238525390625 1449.00537109375 1449.7493896484375 1450.46044921875 1451.111083984375 1451.742431640625 1452.39501953125 1453.0628662109375 1453.736572265625 1454.4080810546875 1455.1021728515625 1455.8076171875 1456.523193359375 1457.2462158203125 1457.9757080078125 -99999 -99999 -99999 -99999 -99999 -99999 -99999 -99999 -99999 -99999 -99999 -99999 -99999 -99999 -99999 -99999 -99999 -99999 -99999 -99999 -99999 -99999 -99999 -99999 -99999 -99999
1447.81982421875 1447.32470703125 1446.7796630859375 1446.2164306640625 1445.6650390625 1445.1661376953125 1444.7601318359375 1444.4556884765625 1444.265869140625 1444.200927734375 1444.2867431640625 1444.5216064453125 1444.869873046875 1445.3193359375 1445.857177734375 1446.4764404296875 1447.15478515625 1447.868896484375 1448.6038818359375 1449.3427734375 1450.0528564453125 1450.718505859375 1451.33154296875 1451.9102783203125 1452.495849609375 1453.115234375 1453.7374267578125 1454.3690185546875 1455.015869140625 1455.67919921875 1456.3668212890625 1457.0682373046875 1457.781982421875 -99999 -99999 -99999 -99999 -99999 -99999 -99999 -99999 -99999 -99999 -99999 -99999 -99999 -99999 -99999 -99999 -99999 -99999 -99999 -99999 -99999 -99999 -99999 -99999 -99999 -99999
1448.0677490234375 1447.6800537109375 1447.217529296875 1446.70703125 1446.20849609375 1445.7454833984375 1445.340576171875 1445.0159912109375 1444.8280029296875 1444.7625732421875 1444.8177490234375 1444.99169921875 1445.2850341796875 1445.7059326171875 1446.208984375 1446.781982421875 1447.4144287109375 1448.1009521484375 1448.8201904296875 1449.542236328125 1450.24853515625 1450.919677734375 1451.5224609375 1452.0599365234375 1452.58984375 1453.1268310546875 1453.6778564453125 1454.25634765625 1454.862548828125 1455.4952392578125 1456.152099609375 1456.830810546875 1457.5340576171875 -99999 -99999 -99999 -99999 -99999 -99999 -99999 -99999 -99999 -99999 -99999 -99999 -99999 -99999 -99999 -99999 -99999 -99999 -99999 -99999 -99999 -99999 -99999 -99999 -99999 -99999
1448.09912109375 1447.76416015625 1447.3619384765625 1446.91650390625 1446.4539794921875 1446.00634765625 1445.6246337890625 1445.3221435546875 1445.113525390625 1445.0108642578125 1445.047119140625 1445.212646484375 1445.4825439453125 1445.849609375 1446.30712890625 1446.85693359375 1447.4735107421875 1448.1414794921875 1448.848388671875 1449.5792236328125 1450.304443359375 1450.99755859375 1451.6163330078125 1452.1298828125 1452.5860595703125 1453.0457763671875 1453.530029296875 1454.0523681640625 1454.6138916015625 1455.21875 1455.859375 1456.5283203125 1457.2236328125 -99999 -99999 -99999 -99999 -99999 -99999 -99999 -99999 -99999 -99999 -99999 -99999 -99999 -99999 -99999 -99999 -99999 -99999 -99999 -99999 -99999 -99999 -99999 -99999 -99999 -99999
1447.825927734375 1447.5670166015625 1447.2169189453125 1446.8057861328125 1446.3819580078125 1445.97119140625 1445.5977783203125 1445.2943115234375 1445.0885009765625 1444.99951171875 1445.017578125 1445.142822265625 1445.3897705078125 1445.7410888671875 1446.1837158203125 1446.7022705078125 1447.29150390625 1447.952392578125 1448.6607666015625 1449.4029541015625 1450.165771484375 1450.9384765625 1451.5943603515625 1452.0655517578125 1452.4237060546875 1452.804931640625 1453.23486328125 1453.7236328125 1454.2626953125 1454.8480224609375 1455.4739990234375 1456.1380615234375 1456.835205078125 -99999 -99999 -99999 -99999 -99999 -99999 -99999 -99999 -99999 -99999 -99999 -99999 -99999 -99999 -99999 -99999 -99999 -99999 -99999 -99999 -99999 -99999 -99999 -99999 -99999 -99999
1447.2330322265625 1447.0152587890625 1446.717529296875 1446.36181640625 1445.9703369140625 1445.579833984375 1445.2293701171875 1444.9500732421875 1444.7498779296875 1444.6514892578125 1444.6649169921875 1444.791259765625 1445.0242919921875 1445.350341796875 1445.7744140625 1446.28076171875 1446.8651123046875 1447.514892578125 1448.216796875 1448.96630859375 1449.7467041015625 1450.552734375 1451.2593994140625 1451.7108154296875 1452.0133056640625 1452.363037109375 1452.7752685546875 1453.2435302734375 1453.7686767578125 1454.35107421875 1454.97802734375 1455.65478515625 1456.368896484375 -99999 -99999 -99999 -99999 -99999 -99999 -99999 -99999 -99999 -99999 -99999 -99999 -99999 -99999 -99999 -99999 -99999 -99999 -99999 -99999 -99999 -99999 -99999 -99999 -99999 -99999
1446.267822265625 1446.1109619140625 1445.849609375 1445.5284423828125 1445.1766357421875 1444.8287353515625 1444.5072021484375 1444.2435302734375 1444.0565185546875 1443.970947265625 1443.989501953125 1444.11279296875 1444.342041015625 1444.6632080078125 1445.0791015625 1445.573974609375 1446.149658203125 1446.793701171875 1447.490478515625 1448.2315673828125 1448.9945068359375 1449.75830078125 1450.4559326171875 1450.9117431640625 1451.2977294921875 1451.6802978515625 1452.1031494140625 1452.5811767578125 1453.1170654296875 1453.7169189453125 1454.36669921875 1455.0623779296875 1455.796630859375 1456.568603515625 -99999 -99999 -99999 -99999 -99999 -99999 -99999 -99999 -99999 -99999 -99999 -99999 -99999 -99999 -99999 -99999 -99999 -99999 -99999 -99999 -99999 -99999 -99999 -99999 -99999
1444.886962890625 1444.7762451171875 1444.577880859375 1444.3128662109375 1443.997802734375 1443.6824951171875 1443.3905029296875 1443.1585693359375 1443.0008544921875 1442.9364013671875 1442.966064453125 1443.091552734375 1443.3262939453125 1443.654052734375 1444.0723876953125 1444.5654296875 1445.13037109375 1445.7679443359375 1446.4573974609375 1447.182861328125 1447.9227294921875 1448.6468505859375 1449.2889404296875 1449.830078125 1450.2838134765625 1450.7274169921875 1451.200439453125 1451.726318359375 1452.301513671875 1452.929443359375 1453.607421875 1454.3408203125 1455.124755859375 1455.9390869140625 -99999 -99999 -99999 -99999 -99999 -99999 -99999 -99999 -99999 -99999 -99999 -99999 -99999 -99999 -99999 -99999 -99999 -99999 -99999 -99999 -99999 -99999 -99999 -99999 -99999
1443.0953369140625 1443.0333251953125 1442.8775634765625 1442.6571044921875 1442.395751953125 1442.1324462890625 1441.8873291015625 1441.69140625 1441.56103515625 1441.509765625 1441.5673828125 1441.7265625 1441.9747314453125 1442.30810546875 1442.7244873046875 1443.225341796875 1443.800048828125 1444.4332275390625 1445.1131591796875 1445.825439453125 1446.54443359375 1447.2415771484375 1447.88916015625 1448.474365234375 1449.0164794921875 1449.5452880859375 1450.0853271484375 1450.662353515625 1451.2847900390625 1451.9718017578125 1452.7130126953125 1453.498291015625 1454.3250732421875 1455.187744140625 -99999 -99999 -99999 -99999 -99999 -99999 -99999 -99999 -99999 -99999 -99999 -99999 -99999 -99999 -99999 -99999 -99999 -99999 -99999 -99999 -99999 -99999 -99999 -99999 -99999
1440.8258056640625 1440.836181640625 1440.7509765625 1440.5836181640625 1440.37548828125 1440.1611328125 1439.9627685546875 1439.8040771484375 1439.724365234375 1439.7237548828125 1439.8076171875 1439.978759765625 1440.2427978515625 1440.609375 1441.0513916015625 1441.5606689453125 1442.1318359375 1442.7642822265625 1443.4512939453125 1444.160888671875 1444.876953125 1445.5826416015625 1446.260009765625 1446.8941650390625 1447.5054931640625 1448.111083984375 1448.7283935546875 1449.390380859375 1450.0960693359375 1450.8497314453125 1451.65087890625 1452.4981689453125 1453.4051513671875 1454.34228515625 -99999 -99999 -99999 -99999 -99999 -99999 -99999 -99999 -99999 -99999 -99999 -99999 -99999 -99999 -99999 -99999 -99999 -99999 -99999 -99999 -99999 -99999 -99999 -99999 -99999
1438.12255859375 1438.178955078125 1438.1474609375 1438.0501708984375 1437.9097900390625 1437.7493896484375 1437.6129150390625 1437.51806640625 1437.4794921875 1437.509521484375 1437.631591796875 1437.853759765625 1438.15771484375 1438.53955078125 1438.994873046875 1439.5303955078125 1440.1282958984375 1440.7744140625 1441.4615478515625 1442.1805419921875 1442.914306640625 1443.6429443359375 1444.3587646484375 1445.060302734375 1445.748779296875 1446.4400634765625 1447.1568603515625 1447.9066162109375 1448.696533203125 1449.529296875 1450.42626953125 1451.367919921875 1452.349609375 -99999 -99999 -99999 -99999 -99999 -99999 -99999 -99999 -99999 -99999 -99999 -99999 -99999 -99999 -99999 -99999 -99999 -99999 -99999 -99999 -99999 -99999 -99999 -99999 -99999 -99999
1434.9000244140625 1435.0477294921875 1435.09326171875 1435.04931640625 1434.9771728515625 1434.895263671875 1434.8232421875 1434.7783203125 1434.7960205078125 1434.8934326171875 1435.0657958984375 1435.316650390625 1435.649169921875 1436.075439453125 1436.576171875 1437.1387939453125 1437.7572021484375 1438.4228515625 1439.1383056640625 1439.88330078125 1440.647216796875 1441.421630859375 1442.1849365234375 1442.9580078125 1443.7379150390625 1444.5321044921875 1445.3489990234375 1446.18603515625 1447.0904541015625 1448.0391845703125 1449.0333251953125 1450.070556640625 1451.141357421875 -99999 -99999 -99999 -99999 -99999 -99999 -99999 -99999 -99999 -99999 -99999 -99999 -99999 -99999 -99999 -99999 -99999 -99999 -99999 -99999 -99999 -99999 -99999 -99999 -99999 -99999
1431.2554931640625 1431.4588623046875 1431.5775146484375 1431.63330078125 1431.645263671875 1431.620361328125 1431.620849609375 1431.6605224609375 1431.7464599609375 1431.89013671875 1432.103515625 1432.41455078125 1432.8043212890625 1433.2664794921875 1433.79736328125 1434.3905029296875 1435.05615234375 1435.767333984375 1436.517578125 1437.2965087890625 1438.096923828125 1438.92822265625 1439.7742919921875 1440.635498046875 1441.498779296875 1442.3836669921875 1443.32177734375 1444.29736328125 1445.3143310546875 1446.358642578125 1447.4615478515625 1448.6279296875 1449.83251953125 -99999 -99999 -99999 -99999 -99999 -99999 -99999 -99999 -99999 -99999 -99999 -99999 -99999 -99999 -99999 -99999 -99999 -99999 -99999 -99999 -99999 -99999 -99999 -99999 -99999 -99999
