gis/input_ras/sw_ww/Hydro Model_ 08 - Top Clay_younger.asc
ncols        266
nrows        300
xllcorner    2364495.809716653544
yllcorner    243038.907031175506
cellsize     500.000000000000
NODATA_value -99999
[rows 63 to 83 of 300, columns 48 to 95 of 266]
1449.234619140625 1458.68798828125 1438.60107421875 1438.615478515625 1438.615478515625 1438.615478515625 1454.1087646484375 1444.9781494140625 1438.615478515625 1449.0001220703125 1458.9991455078125 1438.615478515625 1438.615478515625 1438.615478515625 1438.615478515625 1438.615478515625 1438.615478515625 1438.615478515625 1438.615478515625 1438.615478515625 1438.615478515625 1438.615478515625 -99999 -99999 -99999 1440.18310546875 1449.5850830078125 1458.517822265625 1461.6279296875 1476.750732421875 1480.4798583984375 1484.9788818359375 1494.690673828125 1492.13720703125 1486.2528076171875 1481.13232421875 1480.0560302734375 1484.078125 1487.4544677734375 1483.35791015625 1482.91748046875 1483.5517578125 1495.2376708984375 1489.2655029296875 1484.63916015625 1480.748046875 1477.6673583984375 1474.0379638671875
1450.31982421875 1438.495361328125 1438.604736328125 1438.615478515625 1438.615478515625 1438.615478515625 1438.615478515625 1438.615478515625 1438.615478515625 1438.615478515625 1449.0372314453125 1438.615478515625 1438.615478515625 1438.615478515625 1438.615478515625 1438.615478515625 1438.615478515625 1438.615478515625 1438.615478515625 1438.615478515625 1438.615478515625 -99999 -99999 -99999 1454.058349609375 1473.7392578125 1465.613037109375 1461.2806396484375 1479.4039306640625 1487.0272216796875 1490.023681640625 1496.2020263671875 1496.7130126953125 1483.34423828125 1485.1068115234375 1489.6229248046875 1491.19921875 1490.2474365234375 1491.0115966796875 1487.1466064453125 1488.9468994140625 1486.62890625 1476.52734375 1476.5323486328125 1477.28662109375 1478.13916015625 1476.9359130859375 1477.3619384765625
1457.4100341796875 1438.577392578125 1438.615478515625 1438.615478515625 1438.615478515625 1438.615478515625 1438.615478515625 1438.615478515625 1438.615478515625 1438.615478515625 1438.615478515625 1438.615478515625 1438.615478515625 1438.615478515625 1438.615478515625 1438.615478515625 1438.615478515625 1438.615478515625 1438.615478515625 1438.615478515625 1438.615478515625 -99999 -99999 -99999 1463.1895751953125 1471.9090576171875 1466.5657958984375 1461.843994140625 1465.9962158203125 1474.3033447265625 1479.7744140625 1487.06591796875 1495.273193359375 1492.6688232421875 1482.272705078125 1478.6573486328125 1487.837646484375 1493.477783203125 1498.243896484375 1498.27685546875 1496.7860107421875 1490.6663818359375 1488.98291015625 1490.262939453125 1485.8355712890625 1488.3812255859375 1486.424072265625 1480.88037109375
1461.455078125 1438.9776611328125 1438.615478515625 1438.615478515625 1438.615478515625 1438.615478515625 1438.615478515625 1438.615478515625 1438.615478515625 1438.615478515625 1438.615478515625 1438.615478515625 1438.615478515625 1438.615478515625 1438.615478515625 1438.615478515625 1438.615478515625 1438.615478515625 1438.615478515625 1438.615478515625 1438.615478515625 -99999 -99999 -99999 1449.9537353515625 1457.8223876953125 1457.779296875 1462.603271484375 1474.953857421875 1482.540771484375 1486.695068359375 1483.1376953125 1483.8287353515625 1491.723876953125 1475.816650390625 1481.3204345703125 1480.0655517578125 1487.5697021484375 1497.429443359375 1504.55224609375 1503.618896484375 1497.6029052734375 1498.8612060546875 1500.3917236328125 1493.9093017578125 1495.9068603515625 1490.3746337890625 1481.3292236328125
1455.7789306640625 1438.527099609375 1438.615478515625 1438.615478515625 1438.615478515625 1438.615478515625 1438.615478515625 1438.615478515625 1438.615478515625 1438.615478515625 1438.615478515625 1438.615478515625 1438.615478515625 1438.615478515625 1438.615478515625 1438.615478515625 1438.615478515625 1438.615478515625 1438.615478515625 1438.615478515625 1438.615478515625 1438.615478515625 -99999 -99999 1456.1549072265625 1455.3271484375 1459.897705078125 1468.935546875 1482.445556640625 1486.7335205078125 1486.060791015625 1481.6873779296875 1480.774169921875 1483.0972900390625 1492.5089111328125 1486.9158935546875 1479.5184326171875 1496.4713134765625 1498.511962890625 1503.786376953125 1501.94580078125 1499.5074462890625 1491.7244873046875 1488.9752197265625 1487.3594970703125 1486.3616943359375 1482.949462890625 1473.7020263671875
1442.66162109375 1438.59716796875 1438.615478515625 1438.615478515625 1438.615478515625 1438.615478515625 1438.615478515625 1438.615478515625 1438.615478515625 1438.615478515625 1438.615478515625 1438.615478515625 1438.615478515625 1438.615478515625 1438.615478515625 1438.615478515625 1438.615478515625 1438.615478515625 1438.615478515625 1438.615478515625 1438.615478515625 1438.615478515625 1438.615478515625 1450.135009765625 1456.9599609375 1459.0394287109375 1462.0748291015625 1475.969970703125 1488.0159912109375 1486.604736328125 1488.0909423828125 1486.8089599609375 1482.3951416015625 1486.0677490234375 1502.40478515625 1492.838134765625 1483.0345458984375 1498.0106201171875 1504.932861328125 1505.8167724609375 1497.637939453125 1493.75830078125 1490.740478515625 1486.91552734375 1480.2864990234375 1477.27685546875 1486.2579345703125 1466.0399169921875
1438.615478515625 1438.6153564453125 1438.615478515625 1438.615478515625 1438.615478515625 1438.615478515625 1438.615478515625 1438.615478515625 1438.615478515625 1438.615478515625 1438.615478515625 1438.615478515625 1438.615478515625 1438.615478515625 1438.615478515625 1438.615478515625 1449.0438232421875 1452.277587890625 1438.615478515625 1438.615478515625 1443.621826171875 1447.8287353515625 1439.78662109375 1438.615478515625 1459.0794677734375 1465.6689453125 1464.7430419921875 1478.04541015625 1504.7437744140625 1500.126953125 1485.0517578125 1484.82861328125 1483.0113525390625 1497.1348876953125 1503.1650390625 1507.0638427734375 1492.18017578125 1499.9744873046875 1502.0399169921875 1506.4384765625 1495.5311279296875 1490.10888671875 1487.5572509765625 1485.397216796875 1470.8643798828125 1465.85595703125 1467.73876953125 1470.7752685546875
1438.615478515625 1438.6153564453125 1438.615478515625 1438.615478515625 1438.615478515625 1438.615478515625 1438.615478515625 1438.615478515625 1438.615478515625 1438.615478515625 1438.615478515625 1438.615478515625 1438.615478515625 1438.615478515625 1438.615478515625 1438.615478515625 1460.96875 1458.89208984375 1454.79541015625 1453.887939453125 1456.3314208984375 1459.032958984375 1456.8094482421875 1440.0762939453125 1449.152099609375 1462.0728759765625 1462.01806640625 1475.665771484375 1483.2174072265625 1486.8721923828125 1479.1951904296875 1482.111572265625 1488.58154296875 1493.602294921875 1505.336181640625 1502.856201171875 1488.44677734375 1491.2950439453125 1502.01806640625 1496.1461181640625 1490.09228515625 1490.697509765625 1488.1827392578125 1486.375244140625 1468.4381103515625 1469.0284423828125 1473.297119140625 1475.342041015625
1438.615478515625 1438.6153564453125 1438.615478515625 1438.615478515625 1438.615478515625 1438.615478515625 1438.615478515625 1438.615478515625 1438.615478515625 1449.9986572265625 1450.998046875 1456.1492919921875 1452.094970703125 1457.4827880859375 1457.448974609375 1459.811767578125 1464.882080078125 1463.56298828125 1459.311767578125 1462.202880859375 1468.74072265625 1465.8758544921875 1463.593505859375 1454.1103515625 1438.615478515625 1438.615478515625 1438.615478515625 1452.997802734375 1467.98486328125 1479.034423828125 1478.2835693359375 1477.349365234375 1490.750732421875 1489.9541015625 1501.58154296875 1506.3046875 1485.501708984375 1487.6849365234375 1494.6866455078125 1491.281005859375 1482.44140625 1482.5029296875 1487.9193115234375 1485.1812744140625 1468.27294921875 1477.0440673828125 1481.3358154296875 1477.4525146484375
1438.615478515625 1438.6153564453125 1438.615478515625 1438.615478515625 1438.615478515625 1438.615478515625 1438.615478515625 1443.7315673828125 1463.785400390625 1480.6534423828125 1469.0626220703125 1468.5352783203125 1459.358154296875 1464.8291015625 1467.9215087890625 1472.976806640625 1467.347900390625 1463.2147216796875 1458.051513671875 1462.2779541015625 1463.426025390625 1466.2532958984375 1464.779541015625 1454.1922607421875 1442.8424072265625 1438.615478515625 1442.08251953125 1447.954345703125 1467.6676025390625 1475.239990234375 1475.79150390625 1475.5245361328125 1486.3917236328125 1482.2139892578125 1489.2454833984375 1500.980224609375 1484.2596435546875 1489.0728759765625 1489.3890380859375 1489.281982421875 1484.3974609375 1484.426025390625 1489.2454833984375 1480.3826904296875 1475.90087890625 1480.3890380859375 1481.062255859375 1480.2960205078125
1438.615478515625 1438.6153564453125 1438.615478515625 1438.615478515625 1438.615478515625 1438.615478515625 1438.615478515625 1438.615478515625 1452.5970458984375 1485.908935546875 1472.255615234375 1457.90576171875 1465.50537109375 1463.3798828125 1468.1993408203125 1473.3968505859375 1465.476806640625 1459.7115478515625 1454.1339111328125 1459.7701416015625 1461.5814208984375 1462.552734375 1465.2928466796875 1456.182861328125 1449.604248046875 1446.4183349609375 1455.3587646484375 1474.5123291015625 1466.6468505859375 1471.390869140625 1473.0955810546875 1472.42529296875 1478.99169921875 1485.380859375 1488.553955078125 1497.321044921875 1491.415283203125 1491.0697021484375 1496.5633544921875 1488.9937744140625 1494.0211181640625 1490.2757568359375 1491.20263671875 1478.963623046875 1474.157958984375 1483.4622802734375 1482.59912109375 1477.3621826171875
1438.615478515625 1438.6153564453125 1438.615478515625 1438.615478515625 1438.615478515625 1438.615478515625 1438.5989990234375 1456.996337890625 1454.4554443359375 1478.2418212890625 1473.7374267578125 1462.9383544921875 1464.454833984375 1459.5738525390625 1466.43212890625 1467.4296875 1460.243408203125 1459.12158203125 1454.671875 1457.0126953125 1459.4359130859375 1461.1064453125 1463.2132568359375 1457.8101806640625 1450.667236328125 1446.803955078125 1459.5419921875 1482.7037353515625 1468.69384765625 1470.279541015625 1471.8121337890625 1472.175537109375 1477.632568359375 1482.938232421875 1490.1322021484375 1487.9068603515625 1499.37353515625 1499.5155029296875 1496.0938720703125 1496.646240234375 1489.6707763671875 1494.921875 1496.6484375 1486.1136474609375 1477.9844970703125 1485.8551025390625 1482.8145751953125 1482.014404296875
1438.615478515625 1438.6153564453125 1438.615478515625 1438.615478515625 1438.615478515625 1438.615478515625 1442.0416259765625 1463.33642578125 1471.4827880859375 1473.697021484375 1469.9444580078125 1464.4365234375 1463.5098876953125 1457.994140625 1466.6160888671875 1465.6468505859375 1454.9439697265625 1458.0894775390625 1456.517333984375 1457.7860107421875 1462.2423095703125 1461.084228515625 1459.942626953125 1450.4471435546875 1446.4566650390625 1447.4989013671875 1458.962158203125 1470.6419677734375 1466.746826171875 1470.4263916015625 1470.0233154296875 1470.7666015625 1478.2767333984375 1482.08203125 1492.5128173828125 1492.391845703125 1494.5479736328125 1503.63134765625 1498.0928955078125 1500.67919921875 1494.15673828125 1489.9638671875 1497.7940673828125 1499.188232421875 1485.96533203125 1484.6282958984375 1479.82470703125 1485.1507568359375
1438.615478515625 1438.6153564453125 1438.615478515625 1438.615478515625 1438.615478515625 1438.615478515625 1457.3404541015625 1469.09814453125 1476.970947265625 1481.67138671875 1463.596923828125 1465.0069580078125 1464.4029541015625 1457.8580322265625 1463.0816650390625 1456.9949951171875 1448.7821044921875 1450.5875244140625 1449.9932861328125 1452.7816162109375 1457.82958984375 1452.3787841796875 1448.7728271484375 1446.866943359375 1446.4566650390625 1449.5667724609375 1470.01953125 1478.5736083984375 1473.7388916015625 1470.22412109375 1471.213623046875 1474.5482177734375 1477.4212646484375 1480.8079833984375 1482.4371337890625 1490.34130859375 1494.6661376953125 1506.626708984375 1510.8238525390625 1513.870849609375 1514.4547119140625 1501.3594970703125 1495.1448974609375 1491.426513671875 1482.841552734375 1489.655517578125 1479.691650390625 1486.4315185546875
1438.615478515625 1438.6153564453125 1438.615478515625 1438.615478515625 1438.615478515625 1454.0767822265625 1472.798828125 1481.039306640625 1489.8780517578125 1483.437744140625 1469.1728515625 1477.995849609375 1463.9197998046875 1455.959228515625 1457.1025390625 1450.272705078125 1446.4566650390625 1446.4566650390625 1446.4566650390625 1446.4566650390625 1446.970458984375 1446.4566650390625 1446.4566650390625 1446.4566650390625 1446.789794921875 1455.324951171875 1470.0634765625 1473.372802734375 1487.0955810546875 1490.3326416015625 1471.521728515625 1471.9307861328125 1482.12451171875 1485.879638671875 1487.9609375 1490.422119140625 1488.6864013671875 1487.9891357421875 1497.5693359375 1522.3809814453125 1519.6683349609375 1504.319091796875 1492.9239501953125 1493.917724609375 1479.691650390625 1480.4066162109375 1485.0072021484375 1493.4742431640625
1438.615478515625 1438.6153564453125 1438.6142578125 1446.5284423828125 1474.80078125 1478.6534423828125 1478.1627197265625 1481.352783203125 1485.662109375 1478.8612060546875 1471.0057373046875 1451.6260986328125 1464.653564453125 1454.0916748046875 1449.7236328125 1447.4195556640625 1446.4566650390625 1446.4566650390625 1446.4566650390625 1446.4566650390625 1446.4566650390625 1446.4566650390625 1446.4566650390625 1446.4566650390625 1450.0546875 1467.4697265625 1470.7542724609375 1467.69384765625 1467.7703857421875 1467.9117431640625 1481.142578125 1477.180908203125 1479.905029296875 1485.85302734375 1500.62060546875 1493.3299560546875 1487.609375 1488.721923828125 1494.2523193359375 1513.44287109375 1509.2813720703125 1501.6015625 1499.55908203125 1496.096923828125 1488.775390625 1479.78271484375 1487.4893798828125 1495.218505859375
1438.615478515625 1438.617431640625 1438.6156005859375 1446.790771484375 1473.2786865234375 1469.632568359375 1462.6669921875 1467.572509765625 1464.2130126953125 1463.9072265625 1453.2823486328125 1448.1876220703125 1447.795166015625 1451.32958984375 1449.42724609375 1446.58251953125 1446.4566650390625 1446.4566650390625 1446.4566650390625 1446.4566650390625 1446.4566650390625 1446.4566650390625 1446.4566650390625 1446.4566650390625 1453.331787109375 1466.96728515625 1464.81298828125 1463.556884765625 1465.8880615234375 1462.6905517578125 1480.7220458984375 1474.7471923828125 1468.52978515625 1472.5567626953125 1488.385009765625 1490.8756103515625 1492.1688232421875 1487.7288818359375 1498.9315185546875 1516.907958984375 1496.3040771484375 1483.4639892578125 1490.9598388671875 1493.4970703125 1491.656982421875 1484.3837890625 1492.5782470703125 1499.275634765625
1438.615966796875 1438.6175537109375 1438.576416015625 1438.615478515625 1460.560302734375 1458.580810546875 1450.4180908203125 1449.947021484375 1447.9832763671875 1444.0616455078125 1444.0616455078125 1444.0616455078125 1444.0616455078125 1444.0616455078125 1448.1287841796875 1446.5985107421875 1446.7696533203125 1446.6519775390625 1446.4566650390625 1446.4566650390625 1446.4566650390625 1446.4566650390625 1446.4566650390625 1447.3814697265625 1455.2296142578125 1458.95654296875 1457.294677734375 1461.9696044921875 1460.4522705078125 1461.533203125 1462.9306640625 1466.001708984375 1463.828857421875 1470.1094970703125 1492.0311279296875 1493.2091064453125 1493.458251953125 1494.18505859375 1504.2415771484375 1521.3973388671875 1496.240478515625 1482.6663818359375 1486.614501953125 1483.3924560546875 1492.579833984375 1484.541259765625 1493.297607421875 1497.5830078125
1450.0833740234375 1468.5545654296875 1458.616943359375 1457.38916015625 1463.6226806640625 1456.25732421875 1448.6915283203125 1447.7215576171875 1445.024658203125 1444.0616455078125 1444.0616455078125 1444.0616455078125 1444.0616455078125 1444.0616455078125 1448.3280029296875 1464.881103515625 1467.283203125 1462.1649169921875 1461.1177978515625 1459.03466796875 1446.4566650390625 1446.4566650390625 1446.4556884765625 1456.9495849609375 1459.436767578125 1458.2037353515625 1454.7764892578125 1459.743408203125 1462.290283203125 1458.61962890625 1459.3912353515625 1464.5323486328125 1471.1849365234375 1467.4847412109375 1488.01123046875 1497.115234375 1494.3609619140625 1501.61962890625 1509.2647705078125 1496.9666748046875 1480.7608642578125 1485.0677490234375 1500.9075927734375 1487.748779296875 1491.3897705078125 1496.1083984375 1493.760009765625 1482.7801513671875
1454.4127197265625 1483.54052734375 1464.5650634765625 1459.4775390625 1469.9073486328125 1465.0897216796875 1449.6591796875 1459.5281982421875 1455.9310302734375 1444.0616455078125 1444.0616455078125 1444.0616455078125 1444.0616455078125 1444.0616455078125 1461.62109375 1472.2646484375 1475.75146484375 1472.7454833984375 1471.3404541015625 1466.1192626953125 1451.513671875 1450.4210205078125 1456.98486328125 1460.70556640625 1459.0487060546875 1455.6861572265625 1455.8465576171875 1455.78515625 1455.965576171875 1456.07080078125 1461.6385498046875 1464.272216796875 1468.906982421875 1467.945068359375 1480.1307373046875 1497.146240234375 1497.85498046875 1500.7999267578125 1515.7105712890625 1520.589599609375 1484.706787109375 1480.8365478515625 1488.105712890625 1484.1048583984375 1486.6553955078125 1492.583984375 1485.849609375 1479.8226318359375
1481.1053466796875 1482.325927734375 1472.3773193359375 1473.8404541015625 1477.0618896484375 1465.0067138671875 1467.599609375 1485.8585205078125 1488.908203125 1487.17236328125 1486.7264404296875 1449.1142578125 1444.0616455078125 1444.0712890625 1475.478271484375 1481.580322265625 1482.45458984375 1485.8677978515625 1484.5 1481.0025634765625 1468.7900390625 1467.1190185546875 1470.8251953125 1465.989990234375 1461.33154296875 1456.2471923828125 1454.2943115234375 1454.8157958984375 1453.988037109375 1456.4488525390625 1463.97802734375 1464.105224609375 1474.0257568359375 1471.47900390625 1469.8092041015625 1486.82421875 1498.208740234375 1502.8795166015625 1512.8631591796875 1512.0267333984375 1504.2669677734375 1490.7200927734375 1485.8516845703125 1487.1317138671875 1486.9002685546875 1495.1632080078125 1482.0230712890625 1482.569091796875
