gis/input_ras/sw_ww/Hydro Model_ 04 - Middle Clay_younger.asc
ncols        266
nrows        300
xllcorner    2364495.809716653544
yllcorner    243038.907031175506
cellsize     500.000000000000
NODATA_value -99999
[rows 42 to 62 of 300, columns 144 to 191 of 266]
1446.9378662109375 1448.0948486328125 1449.1810302734375 1450.209716796875 1451.193603515625 1452.1446533203125 1453.072021484375 1453.9686279296875 -99999 -99999 -99999 -99999 -99999 -99999 -99999 -99999 -99999 -99999 -99999 -99999 -99999 -99999 -99999 -99999 -99999 -99999 -99999 1467.509033203125 1467.7669677734375 1467.992919921875 1468.188232421875 1468.3736572265625 1468.553466796875 1468.7275390625 1468.8895263671875 1469.0357666015625 1469.184814453125 1469.327392578125 1469.4541015625 1469.5382080078125 1469.5726318359375 1469.5667724609375 1469.4951171875 1469.3433837890625 1469.067626953125 1468.6812744140625 1468.179931640625 1467.5560302734375
1445.628173828125 1446.7371826171875 1447.7828369140625 1448.7744140625 1449.7200927734375 1450.6107177734375 1451.4736328125 -99999 -99999 -99999 -99999 -99999 -99999 -99999 -99999 -99999 -99999 -99999 -99999 -99999 -99999 -99999 -99999 -99999 -99999 -99999 -99999 1466.1134033203125 1466.4132080078125 1466.6920166015625 1466.950439453125 1467.189208984375 1467.41015625 1467.6270751953125 1467.8548583984375 1468.0867919921875 1468.3123779296875 1468.51953125 1468.7137451171875 1468.9022216796875 1469.05712890625 1469.1473388671875 1469.155029296875 1469.0831298828125 1468.9169921875 1468.636474609375 1468.2039794921875 1467.62939453125
1444.2808837890625 1445.3572998046875 1446.3668212890625 1447.29638671875 1448.1751708984375 1449.0203857421875 1449.8389892578125 -99999 -99999 -99999 -99999 -99999 -99999 -99999 -99999 -99999 -99999 -99999 -99999 -99999 -99999 -99999 -99999 -99999 -99999 -99999 -99999 -99999 1465.1361083984375 1465.4598388671875 1465.756591796875 1466.0333251953125 1466.30712890625 1466.58251953125 1466.8560791015625 1467.13525390625 1467.4202880859375 1467.7198486328125 1468.01025390625 1468.267578125 1468.4932861328125 1468.6776123046875 1468.8060302734375 1468.8370361328125 1468.7418212890625 1468.52978515625 1468.185546875 1467.6917724609375
1442.909423828125 1443.9320068359375 1444.8809814453125 1445.7677001953125 1446.6007080078125 1447.3826904296875 -99999 -99999 -99999 -99999 -99999 -99999 -99999 -99999 -99999 -99999 -99999 -99999 -99999 -99999 -99999 -99999 -99999 -99999 -99999 -99999 -99999 -99999 -99999 1464.26318359375 1464.61767578125 1464.927978515625 1465.230224609375 1465.5361328125 1465.8563232421875 1466.2020263671875 1466.550537109375 1466.903076171875 1467.254150390625 1467.602294921875 1467.9332275390625 1468.197021484375 1468.39599609375 1468.513916015625 1468.532958984375 1468.4163818359375 1468.1263427734375 1467.6842041015625
1441.46728515625 1442.45654296875 1443.368408203125 1444.1932373046875 1444.9466552734375 1445.661865234375 -99999 -99999 -99999 -99999 -99999 -99999 -99999 -99999 -99999 -99999 -99999 -99999 -99999 -99999 -99999 -99999 -99999 -99999 -99999 -99999 -99999 -99999 -99999 1463.0936279296875 1463.484130859375 1463.82470703125 1464.153564453125 1464.4984130859375 1464.86083984375 1465.24267578125 1465.64208984375 1466.0645751953125 1466.488525390625 1466.902099609375 1467.2945556640625 1467.6517333984375 1467.9608154296875 1468.1553955078125 1468.2412109375 1468.200927734375 1468.0189208984375 1467.6591796875
1439.99267578125 1440.939697265625 1441.783935546875 1442.5455322265625 1443.2373046875 1443.8759765625 -99999 -99999 -99999 -99999 -99999 -99999 -99999 -99999 -99999 -99999 -99999 -99999 -99999 -99999 -99999 -99999 -99999 -99999 -99999 -99999 -99999 -99999 -99999 1461.8924560546875 1462.3280029296875 1462.688720703125 1463.0484619140625 1463.4239501953125 1463.8216552734375 1464.251708984375 1464.7061767578125 1465.1771240234375 1465.658203125 1466.14208984375 1466.6114501953125 1467.03955078125 1467.410400390625 1467.704345703125 1467.9013671875 1467.9312744140625 1467.7991943359375 1467.4971923828125
1438.421875 1439.338623046875 1440.1507568359375 1440.853271484375 1441.4427490234375 -99999 -99999 -99999 -99999 -99999 -99999 -99999 -99999 -99999 -99999 -99999 -99999 -99999 -99999 -99999 -99999 -99999 -99999 -99999 -99999 -99999 -99999 -99999 -99999 1460.5885009765625 1461.056884765625 1461.4759521484375 1461.8721923828125 1462.28564453125 1462.726806640625 1463.1961669921875 1463.693603515625 1464.2120361328125 1464.7509765625 1465.292236328125 1465.8238525390625 1466.3314208984375 1466.780029296875 1467.142822265625 1467.3990478515625 1467.5269775390625 1467.5050048828125 1467.2713623046875
1436.775634765625 1437.680419921875 1438.435791015625 1439.0416259765625 1439.533447265625 -99999 -99999 -99999 -99999 -99999 -99999 -99999 -99999 -99999 -99999 -99999 -99999 -99999 -99999 -99999 -99999 -99999 -99999 -99999 -99999 -99999 -99999 -99999 -99999 1459.23779296875 1459.7305908203125 1460.183837890625 1460.6268310546875 1461.0767822265625 1461.547607421875 1462.047607421875 1462.59033203125 1463.1585693359375 1463.7447509765625 1464.336181640625 1464.9178466796875 1465.4818115234375 1466.0003662109375 1466.4520263671875 1466.794677734375 1466.986328125 1467.013671875 1466.859130859375
1434.9686279296875 1435.87744140625 1436.6258544921875 1437.14208984375 1437.5093994140625 -99999 -99999 -99999 -99999 -99999 -99999 -99999 -99999 -99999 -99999 -99999 -99999 -99999 -99999 -99999 -99999 -99999 -99999 -99999 -99999 -99999 -99999 -99999 -99999 1457.801513671875 1458.3355712890625 1458.828125 1459.295166015625 1459.770751953125 1460.27783203125 1460.8153076171875 1461.385009765625 1461.9827880859375 1462.6036376953125 1463.2398681640625 1463.87548828125 1464.4970703125 1465.0672607421875 1465.5731201171875 1465.9830322265625 1466.2691650390625 1466.38916015625 1466.2947998046875
1432.96875 1433.897216796875 1434.672607421875 1435.013916015625 1435.2216796875 -99999 -99999 -99999 -99999 -99999 -99999 -99999 -99999 -99999 -99999 -99999 -99999 -99999 -99999 -99999 -99999 -99999 -99999 -99999 -99999 -99999 -99999 -99999 1455.6798095703125 1456.3037109375 1456.8602294921875 1457.373779296875 1457.870361328125 1458.37548828125 1458.9022216796875 1459.458740234375 1460.051513671875 1460.676025390625 1461.3248291015625 1461.987548828125 1462.65185546875 1463.3101806640625 1463.9415283203125 1464.519775390625 1464.984375 1465.326904296875 1465.510498046875 1465.512939453125
1430.6917724609375 1431.5345458984375 1432.2332763671875 1432.5262451171875 1432.6802978515625 -99999 -99999 -99999 -99999 -99999 -99999 -99999 -99999 -99999 -99999 -99999 -99999 -99999 -99999 -99999 -99999 -99999 -99999 -99999 -99999 -99999 -99999 -99999 1454.044189453125 1454.70849609375 1455.2987060546875 1455.82861328125 1456.3370361328125 1456.8546142578125 1457.405029296875 1457.9796142578125 1458.5804443359375 1459.2108154296875 1459.8658447265625 1460.5450439453125 1461.238037109375 1461.926513671875 1462.5887451171875 1463.2032470703125 1463.738037109375 1464.1663818359375 1464.415771484375 1464.4847412109375
1428.09619140625 1428.8040771484375 1429.3583984375 1429.6549072265625 1429.8052978515625 -99999 -99999 -99999 -99999 -99999 -99999 -99999 -99999 -99999 -99999 -99999 -99999 -99999 -99999 -99999 -99999 -99999 -99999 -99999 -99999 -99999 -99999 -99999 1452.3253173828125 1453.0126953125 1453.6248779296875 1454.1754150390625 1454.679443359375 1455.2198486328125 1455.778564453125 1456.353271484375 1456.9454345703125 1457.56298828125 1458.214111328125 1458.8944091796875 1459.5909423828125 1460.2945556640625 1460.9918212890625 1461.6441650390625 1462.218505859375 1462.6937255859375 1463.0435791015625 1463.231201171875
1425.3033447265625 1425.8292236328125 1426.2427978515625 1426.513671875 1426.6778564453125 -99999 -99999 -99999 -99999 -99999 -99999 -99999 -99999 -99999 -99999 -99999 -99999 -99999 -99999 -99999 -99999 -99999 -99999 -99999 -99999 -99999 -99999 1449.630859375 1450.4677734375 1451.20849609375 1451.85302734375 1452.410888671875 1452.93505859375 1453.46435546875 1454.00830078125 1454.55322265625 1455.1224365234375 1455.7183837890625 1456.3448486328125 1457.003173828125 1457.6943359375 1458.4031982421875 1459.1063232421875 1459.7838134765625 1460.414306640625 1460.9573974609375 1461.3692626953125 1461.6318359375
1422.2838134765625 1422.6917724609375 1423.0113525390625 1423.2259521484375 1423.348388671875 -99999 -99999 -99999 -99999 -99999 -99999 -99999 -99999 -99999 -99999 -99999 -99999 -99999 -99999 -99999 -99999 -99999 -99999 -99999 -99999 -99999 -99999 1447.6234130859375 1448.49267578125 1449.2529296875 1449.922119140625 1450.5146484375 1451.0487060546875 1451.5537109375 1452.0576171875 1452.566650390625 1453.0892333984375 1453.6357421875 1454.2301025390625 1454.8626708984375 1455.529052734375 1456.2220458984375 1456.928466796875 1457.6195068359375 1458.274169921875 1458.8707275390625 1459.3853759765625 1459.7725830078125
1419.155517578125 1419.442626953125 1419.6395263671875 1419.775390625 1419.8671875 1419.93798828125 -99999 -99999 -99999 -99999 -99999 -99999 -99999 -99999 -99999 -99999 -99999 -99999 -99999 -99999 -99999 -99999 -99999 -99999 -99999 -99999 1444.3662109375 1445.413818359375 1446.342041015625 1447.155029296875 1447.8438720703125 1448.4320068359375 1448.956787109375 1449.436767578125 1449.890380859375 1450.3441162109375 1450.8096923828125 1451.305419921875 1451.83984375 1452.41845703125 1453.056640625 1453.725341796875 1454.412353515625 1455.1058349609375 1455.79248046875 1456.4334716796875 1457.0126953125 1457.503173828125
1415.946044921875 1416.0889892578125 1416.189697265625 1416.2568359375 1416.2882080078125 1416.327392578125 1416.41162109375 -99999 -99999 -99999 -99999 -99999 -99999 -99999 -99999 -99999 -99999 -99999 -99999 -99999 -99999 -99999 -99999 -99999 -99999 -99999 1441.9765625 1443.08544921875 1444.04248046875 1444.868408203125 1445.5770263671875 1446.1778564453125 1446.6844482421875 1447.1202392578125 1447.5115966796875 1447.8892822265625 1448.2740478515625 1448.7039794921875 1449.1793212890625 1449.705322265625 1450.28173828125 1450.902587890625 1451.56787109375 1452.248779296875 1452.9351806640625 1453.614990234375 1454.2774658203125 1454.8642578125
1412.7047119140625 1412.745361328125 1412.73046875 1412.6951904296875 1412.6627197265625 1412.6611328125 1412.7200927734375 1412.8724365234375 -99999 -99999 -99999 -99999 -99999 -99999 -99999 -99999 -99999 -99999 -99999 -99999 -99999 -99999 -99999 -99999 -99999 1438.1302490234375 1439.4290771484375 1440.5830078125 1441.597412109375 1442.4656982421875 1443.182373046875 1443.765869140625 1444.232666015625 1444.6099853515625 1444.930908203125 1445.2396240234375 1445.53759765625 1445.866943359375 1446.247802734375 1446.7056884765625 1447.2322998046875 1447.800537109375 1448.4102783203125 1449.05712890625 1449.7379150390625 1450.426513671875 1451.1207275390625 1451.8001708984375
1409.514892578125 1409.397705078125 1409.2757568359375 1409.1700439453125 1409.0751953125 1409.012451171875 1409.02001953125 1409.1312255859375 1409.38037109375 -99999 -99999 -99999 -99999 -99999 -99999 -99999 -99999 -99999 -99999 -99999 -99999 -99999 -99999 -99999 1433.87060546875 1435.3997802734375 1436.783935546875 1437.981689453125 1439.033935546875 1439.927490234375 1440.6624755859375 1441.2371826171875 1441.6630859375 1441.98779296875 1442.2034912109375 1442.3817138671875 1442.5704345703125 1442.818115234375 1443.1190185546875 1443.476318359375 1443.904052734375 1444.40576171875 1444.969970703125 1445.57470703125 1446.211181640625 1446.880615234375 1447.5863037109375 1448.2969970703125
1406.363525390625 1406.15283203125 1405.9317626953125 1405.7044677734375 1405.51220703125 1405.3984375 1405.360595703125 1405.426513671875 1405.6385498046875 1406.0233154296875 -99999 -99999 -99999 -99999 -99999 -99999 -99999 -99999 -99999 -99999 -99999 -99999 -99999 -99999 1430.979248046875 1432.56005859375 1433.9957275390625 1435.276123046875 1436.40380859375 1437.33056640625 1438.0811767578125 1438.6580810546875 1439.0223388671875 1439.225830078125 1439.3411865234375 1439.4185791015625 1439.488037109375 1439.5810546875 1439.7486572265625 1440.026611328125 1440.379638671875 1440.7978515625 1441.2701416015625 1441.8023681640625 1442.39404296875 1443.022705078125 1443.68505859375 1444.363037109375
1403.3292236328125 1402.9766845703125 1402.6495361328125 1402.34814453125 1402.0838623046875 1401.8756103515625 1401.759521484375 1401.79736328125 1401.9849853515625 1402.343017578125 1402.9158935546875 1403.728515625 -99999 -99999 -99999 -99999 -99999 -99999 -99999 -99999 -99999 -99999 -99999 1426.196533203125 1427.9996337890625 1429.6552734375 1431.155029296875 1432.495361328125 1433.683349609375 1434.7034912109375 1435.5084228515625 1436.0440673828125 1436.3514404296875 1436.476806640625 1436.44384765625 1436.318359375 1436.2391357421875 1436.2208251953125 1436.2767333984375 1436.414794921875 1436.6417236328125 1436.9844970703125 1437.3885498046875 1437.8470458984375 1438.3431396484375 1438.8746337890625 1439.465576171875 1440.06884765625
1400.4091796875 1399.974365234375 1399.5457763671875 1399.128662109375 1398.77392578125 1398.5067138671875 1398.3408203125 1398.300048828125 1398.4285888671875 1398.788818359375 1399.37060546875 1400.18017578125 1401.226806640625 1402.55712890625 1404.1563720703125 -99999 -99999 -99999 -99999 -99999 -99999 -99999 1421.16064453125 1423.140869140625 1424.969482421875 1426.6688232421875 1428.2403564453125 1429.68359375 1430.966064453125 1432.0443115234375 1432.8990478515625 1433.4937744140625 1433.7510986328125 1433.6788330078125 1433.46923828125 1433.20361328125 1432.9439697265625 1432.730224609375 1432.6514892578125 1432.6905517578125 1432.8282470703125 1433.0557861328125 1433.349365234375 1433.7210693359375 1434.1346435546875 1434.578369140625 1435.046875 1435.488525390625
