gis/input_ras/sw_ww/Hydro Model_ 05 - Middle Aquifer_younger.asc
ncols        266
nrows        300
xllcorner    2364495.809716653544
yllcorner    243038.907031175506
cellsize     500.000000000000
NODATA_value -99999
[rows 242 to 263 of 300, columns 100 to 149 of 266]
-99999 -99999 1477.6060791015625 1482.6839599609375 1486.5172119140625 1489.761962890625 1492.4656982421875 1494.5865478515625 1496.0032958984375 1496.589111328125 1496.7205810546875 1493.7713623046875 1490.1370849609375 -99999 -99999 -99999 -99999 -99999 1497.1998291015625 1501.4178466796875 1498.5833740234375 -99999 -99999 -99999 1491.39111328125 -99999 -99999 1501.908203125 1500.9161376953125 1499.8248291015625 1498.674560546875 1497.4716796875 1496.2232666015625 1494.945068359375 1493.614990234375 1492.2630615234375 1490.8951416015625 1489.5194091796875 1488.14208984375 1486.760986328125 1485.389404296875 1484.0313720703125 1482.6903076171875 1481.371337890625 1474.4647216796875 1468.8204345703125 -99999 -99999 1454.8458251953125 1459.7318115234375
-99999 -99999 1477.9697265625 1482.650634765625 1486.605224609375 1489.85009765625 1492.4803466796875 1494.4210205078125 1495.7921142578125 1496.67333984375 1497.2691650390625 1490.733642578125 -99999 1493.580810546875 1490.5936279296875 -99999 1494.6185302734375 1501.7784423828125 1506.5172119140625 1506.917236328125 1507.12646484375 1507.0970458984375 1500.661865234375 1495.4522705078125 1493.848876953125 -99999 1495.51318359375 1503.8271484375 1502.9412841796875 1501.9888916015625 1500.9764404296875 1499.8890380859375 1498.7542724609375 1497.5765380859375 1496.3604736328125 1495.110595703125 1493.8243408203125 1492.517578125 1491.1944580078125 1489.8592529296875 1488.51611328125 1487.169677734375 1485.8258056640625 1484.4874267578125 1483.156982421875 1474.669921875 -99999 -99999 -99999 1457.8663330078125
-99999 -99999 1478.3011474609375 1482.94287109375 1486.7822265625 1489.9603271484375 1492.5877685546875 1494.698974609375 1496.30908203125 1497.440673828125 1498.524658203125 1491.2806396484375 -99999 1502.552001953125 1495.7557373046875 1497.7786865234375 1506.2108154296875 1507.0323486328125 1507.6600341796875 1508.05322265625 1508.2635498046875 1508.2974853515625 1505.888916015625 1505.35791015625 1495.5380859375 1499.6171875 1506.2491455078125 1501.142578125 1501.75341796875 1503.930419921875 1503.026611328125 1502.0673828125 1501.0556640625 1499.9735107421875 1498.8543701171875 1497.6953125 1496.499267578125 1495.26806640625 1493.99658203125 1492.70556640625 1491.3939208984375 1490.0648193359375 1488.721435546875 1487.3682861328125 1486.0087890625 1470.03564453125 -99999 -99999 -99999 1458.970458984375
-99999 -99999 1478.85009765625 1483.2291259765625 1487.0799560546875 1490.3843994140625 1493.0721435546875 1495.220458984375 1496.99072265625 1498.50927734375 1499.8790283203125 1501.232177734375 1502.67431640625 1504.041748046875 1502.97802734375 1506.4114990234375 1507.3619384765625 1508.1094970703125 1508.6943359375 1509.1119384765625 1509.3515625 1509.3953857421875 1509.2698974609375 1509.0186767578125 1508.66357421875 1508.208740234375 1507.667724609375 1507.0675048828125 1506.4049072265625 1504.4296875 1504.877685546875 1504.013916015625 1503.1036376953125 1502.1416015625 1501.129150390625 1500.0469970703125 1498.9241943359375 1497.76220703125 1496.5596923828125 1495.319091796875 1494.033203125 1492.72119140625 1491.382568359375 1490.0201416015625 1480.9044189453125 -99999 -99999 -99999 -99999 -99999
-99999 -99999 1479.521240234375 1483.8594970703125 1487.670654296875 1490.892822265625 1493.6474609375 1495.9881591796875 1497.9229736328125 1499.6064453125 1501.2034912109375 1502.7474365234375 1504.1990966796875 1505.4931640625 1506.63330078125 1507.2496337890625 1508.429443359375 1509.13818359375 1509.6895751953125 1510.0675048828125 1510.271240234375 1510.331787109375 1510.25390625 1510.036376953125 1509.72705078125 1509.35107421875 1508.9158935546875 1508.4119873046875 1507.8275146484375 1507.1932373046875 1506.5072021484375 1505.7657470703125 1504.952392578125 1504.069091796875 1503.1427001953125 1502.1639404296875 1501.131103515625 1500.030029296875 1498.8746337890625 1497.677490234375 1496.4342041015625 1495.1470947265625 1493.813720703125 1492.4476318359375 1487.544189453125 -99999 -99999 -99999 -99999 -99999
-99999 -99999 1480.3681640625 1484.578125 1488.3447265625 1491.617431640625 1494.4051513671875 1496.78857421875 1498.8646240234375 1500.75048828125 1502.4857177734375 1504.14013671875 1505.6837158203125 1506.860595703125 1507.8162841796875 1508.6771240234375 1509.43212890625 1510.05126953125 1510.52490234375 1510.8671875 1511.05908203125 1511.114501953125 1511.0384521484375 1510.872802734375 1510.63720703125 1510.3192138671875 1509.946533203125 1509.5291748046875 1509.0614013671875 1508.5333251953125 1507.926025390625 1507.2633056640625 1506.5565185546875 1505.7919921875 1504.9561767578125 1504.0430908203125 1503.0733642578125 1502.049560546875 1500.96484375 1499.8101806640625 1498.59375 1497.3272705078125 1496.007568359375 1494.6387939453125 1484.4864501953125 -99999 -99999 -99999 -99999 -99999
-99999 -99999 1481.2161865234375 1485.3912353515625 1489.13037109375 1492.3939208984375 1495.192138671875 1497.6324462890625 1499.7747802734375 1501.7298583984375 1503.5570068359375 1505.2894287109375 1506.8389892578125 1507.952392578125 1508.8216552734375 1509.5738525390625 1510.2225341796875 1510.7681884765625 1511.195068359375 1511.4971923828125 1511.65625 1511.705322265625 1511.650634765625 1511.5166015625 1511.32177734375 1511.0865478515625 1510.8109130859375 1510.4652099609375 1510.0677490234375 1509.6202392578125 1509.132080078125 1508.5863037109375 1507.9539794921875 1507.2618408203125 1506.51025390625 1505.698974609375 1504.8121337890625 1503.83740234375 1502.7978515625 1501.693359375 1500.5211181640625 1499.2767333984375 1497.96484375 1496.599365234375 1482.8173828125 -99999 -99999 -99999 -99999 -99999
-99999 1477.4573974609375 1482.037109375 1486.2288818359375 1489.9306640625 1493.11181640625 1495.9033203125 1498.3660888671875 1500.557373046875 1502.5406494140625 1504.3529052734375 1506.03173828125 1507.5152587890625 1508.625732421875 1509.4742431640625 1510.1822509765625 1510.78759765625 1511.2862548828125 1511.6474609375 1511.8953857421875 1512.0352783203125 1512.08203125 1512.05078125 1511.965576171875 1511.829345703125 1511.64892578125 1511.4306640625 1511.17529296875 1510.88671875 1510.528564453125 1510.113525390625 1509.644287109375 1509.12109375 1508.5404052734375 1507.8612060546875 1507.1109619140625 1506.2890625 1505.3941650390625 1504.4185791015625 1503.3455810546875 1502.200439453125 1500.985107421875 1499.6949462890625 1498.32958984375 -99999 -99999 -99999 -99999 -99999 -99999
-99999 1478.1497802734375 1482.7122802734375 1486.8729248046875 1490.56982421875 1493.7762451171875 1496.5084228515625 1498.9114990234375 1501.0906982421875 1503.0772705078125 1504.89111328125 1506.47998046875 1507.828857421875 1508.9287109375 1509.8116455078125 1510.5264892578125 1511.0777587890625 1511.5084228515625 1511.8348388671875 1512.061279296875 1512.1920166015625 1512.2403564453125 1512.231689453125 1512.183349609375 1512.1026611328125 1511.9984130859375 1511.8624267578125 1511.68115234375 1511.4605712890625 1511.1966552734375 1510.8916015625 1510.516845703125 1510.07080078125 1509.55859375 1508.97607421875 1508.32080078125 1507.559814453125 1506.712158203125 1505.781982421875 1504.7694091796875 1503.6683349609375 1502.463134765625 1501.181396484375 1499.8260498046875 1486.3983154296875 -99999 -99999 -99999 -99999 -99999
-99999 1478.4580078125 1483.091552734375 1487.4420166015625 1491.1031494140625 1494.13232421875 1496.7984619140625 1499.20654296875 1501.4061279296875 1503.3492431640625 1505.088623046875 1506.6217041015625 1507.939453125 1509.0281982421875 1509.85791015625 1510.526611328125 1511.0579833984375 1511.4693603515625 1511.767333984375 1511.955810546875 1512.07763671875 1512.147216796875 1512.1776123046875 1512.1806640625 1512.1585693359375 1512.1168212890625 1512.0526123046875 1511.9619140625 1511.8365478515625 1511.658935546875 1511.432861328125 1511.1522216796875 1510.8109130859375 1510.3883056640625 1509.875 1509.2791748046875 1508.59765625 1507.8272705078125 1506.94189453125 1505.9566650390625 1504.881103515625 1503.7169189453125 1502.465087890625 1501.1046142578125 1491.5950927734375 -99999 -99999 -99999 -99999 -99999
-99999 1478.3687744140625 1483.017333984375 1487.4444580078125 1491.2135009765625 1494.16455078125 1496.7647705078125 1499.145263671875 1501.324462890625 1503.29296875 1505.04296875 1506.5352783203125 1507.7578125 1508.7694091796875 1509.5904541015625 1510.244140625 1510.73193359375 1511.0914306640625 1511.361572265625 1511.5582275390625 1511.697021484375 1511.78466796875 1511.853759765625 1511.91064453125 1511.957763671875 1511.9925537109375 1512.00537109375 1511.9991455078125 1511.9630126953125 1511.89013671875 1511.763916015625 1511.5701904296875 1511.3101806640625 1510.9755859375 1510.559814453125 1510.0426025390625 1509.413330078125 1508.6861572265625 1507.8597412109375 1506.933349609375 1505.8917236328125 1504.7362060546875 1503.4873046875 1502.1485595703125 1489.6317138671875 -99999 -99999 -99999 -99999 -99999
-99999 1477.6939697265625 1482.272216796875 1486.658447265625 1490.413818359375 1493.48779296875 1496.2432861328125 1498.7547607421875 1501.008544921875 1502.9810791015625 1504.6771240234375 1506.1197509765625 1507.3214111328125 1508.2904052734375 1509.0325927734375 1509.604248046875 1510.0538330078125 1510.4041748046875 1510.665771484375 1510.8560791015625 1511.0093994140625 1511.142333984375 1511.265869140625 1511.373046875 1511.490966796875 1511.6092529296875 1511.719970703125 1511.8162841796875 1511.8597412109375 1511.8841552734375 1511.860107421875 1511.77783203125 1511.622314453125 1511.3607177734375 1511.014404296875 1510.57080078125 1510.025146484375 1509.3646240234375 1508.574951171875 1507.672607421875 1506.6630859375 1505.548583984375 1504.3226318359375 1502.984130859375 1501.54736328125 1500.0240478515625 -99999 -99999 -99999 -99999
-99999 1476.6258544921875 1481.0782470703125 1485.24462890625 1489.0692138671875 1492.472412109375 1495.40478515625 1498.0576171875 1500.4014892578125 1502.42919921875 1504.1348876953125 1505.53466796875 1506.6348876953125 1507.4912109375 1508.1617431640625 1508.682861328125 1509.0877685546875 1509.3914794921875 1509.6435546875 1509.8585205078125 1510.041015625 1510.205810546875 1510.3875732421875 1510.5816650390625 1510.78759765625 1510.9849853515625 1511.17626953125 1511.3748779296875 1511.551025390625 1511.6934814453125 1511.7586669921875 1511.7637939453125 1511.70166015625 1511.5518798828125 1511.304931640625 1510.9202880859375 1510.4271240234375 1509.8165283203125 1509.0888671875 1508.239013671875 1507.2535400390625 1506.150390625 1504.9342041015625 1503.6142578125 1502.1898193359375 1500.6639404296875 1495.3614501953125 -99999 -99999 -99999
-99999 1475.2127685546875 1479.541748046875 1483.6983642578125 1487.5733642578125 1491.1351318359375 1494.3863525390625 1497.273681640625 1499.691650390625 1501.7606201171875 1503.4161376953125 1504.71533203125 1505.718017578125 1506.4815673828125 1507.061279296875 1507.462646484375 1507.7884521484375 1508.0679931640625 1508.316650390625 1508.539794921875 1508.7640380859375 1508.999755859375 1509.2484130859375 1509.5074462890625 1509.791259765625 1510.109375 1510.4344482421875 1510.7366943359375 1511.005615234375 1511.249755859375 1511.4532470703125 1511.589599609375 1511.6163330078125 1511.542236328125 1511.3675537109375 1511.0780029296875 1510.6676025390625 1510.102783203125 1509.4134521484375 1508.5924072265625 1507.6446533203125 1506.5751953125 1505.3697509765625 1504.057861328125 1502.629150390625 1501.1019287109375 1499.4805908203125 -99999 -99999 -99999
-99999 1473.6138916015625 1477.8563232421875 1481.9803466796875 1486.0347900390625 1489.84619140625 1493.2991943359375 1496.379150390625 1498.9595947265625 1501.0294189453125 1502.59912109375 1503.8006591796875 1504.678955078125 1505.240234375 1505.6402587890625 1505.955078125 1506.2119140625 1506.437255859375 1506.6671142578125 1506.9232177734375 1507.1904296875 1507.4764404296875 1507.8011474609375 1508.1785888671875 1508.583740234375 1508.9947509765625 1509.41552734375 1509.85107421875 1510.280029296875 1510.6546630859375 1510.953369140625 1511.1824951171875 1511.3328857421875 1511.3807373046875 1511.287841796875 1511.0587158203125 1510.7041015625 1510.209716796875 1509.576904296875 1508.7852783203125 1507.8594970703125 1506.8095703125 1505.622314453125 1504.3199462890625 1502.8922119140625 1501.3643798828125 1499.74072265625 -99999 -99999 -99999
-99999 1471.891357421875 1476.0262451171875 1480.2093505859375 1484.3941650390625 1488.52197265625 1492.4007568359375 1495.6529541015625 1498.267822265625 1500.32373046875 1501.8209228515625 1502.7686767578125 1503.3846435546875 1503.7845458984375 1504.0330810546875 1504.1787109375 1504.301513671875 1504.4857177734375 1504.708984375 1504.9754638671875 1505.3001708984375 1505.685791015625 1506.10693359375 1506.5716552734375 1507.0765380859375 1507.638916015625 1508.2259521484375 1508.7850341796875 1509.322998046875 1509.824462890625 1510.2847900390625 1510.6510009765625 1510.890380859375 1511.019775390625 1511.0294189453125 1510.9022216796875 1510.6112060546875 1510.157470703125 1509.5621337890625 1508.8233642578125 1507.9293212890625 1506.8828125 1505.703369140625 1504.406494140625 1502.992919921875 1501.4625244140625 1499.82373046875 1491.53466796875 -99999 -99999
-99999 1470.1729736328125 1474.1929931640625 1478.293701171875 1482.874755859375 1487.439208984375 1491.6021728515625 1495.1552734375 1497.900146484375 1499.723388671875 1500.9107666015625 1501.6383056640625 1502.0130615234375 1502.10546875 1502.0914306640625 1502.084228515625 1502.1131591796875 1502.2120361328125 1502.41455078125 1502.7327880859375 1503.1278076171875 1503.5875244140625 1504.1077880859375 1504.72216796875 1505.3780517578125 1506.0675048828125 1506.7781982421875 1507.4945068359375 1508.2203369140625 1508.85986328125 1509.430419921875 1509.91552734375 1510.300537109375 1510.5572509765625 1510.63916015625 1510.5765380859375 1510.3643798828125 1509.9945068359375 1509.4405517578125 1508.710693359375 1507.834716796875 1506.8182373046875 1505.6585693359375 1504.3511962890625 1502.9219970703125 1501.3887939453125 1499.7579345703125 1492.8369140625 -99999 -99999
-99999 1468.6541748046875 1472.3944091796875 1476.546875 1481.3570556640625 1486.684326171875 1491.5013427734375 1495.04150390625 1497.5811767578125 1499.229248046875 1500.1298828125 1500.3870849609375 1500.330322265625 1500.1319580078125 1499.882080078125 1499.657470703125 1499.5494384765625 1499.615966796875 1499.826171875 1500.1702880859375 1500.6336669921875 1501.22607421875 1501.8914794921875 1502.6270751953125 1503.4249267578125 1504.2783203125 1505.1707763671875 1506.0511474609375 1506.905517578125 1507.7132568359375 1508.4583740234375 1509.072021484375 1509.56298828125 1509.9207763671875 1510.1337890625 1510.182861328125 1510.0155029296875 1509.6795654296875 1509.1759033203125 1508.5069580078125 1507.6566162109375 1506.6236572265625 1505.4532470703125 1504.154541015625 1502.73681640625 1501.1905517578125 1499.5338134765625 1490.7847900390625 -99999 -99999
-99999 1467.5643310546875 1471.2576904296875 1474.803466796875 1480.6878662109375 1486.713134765625 1491.79833984375 1495.5394287109375 1497.89306640625 1498.868408203125 1499.082763671875 1498.8536376953125 1498.3656005859375 1497.78759765625 1497.251953125 1496.85546875 1496.6407470703125 1496.63134765625 1496.84423828125 1497.29248046875 1497.88427734375 1498.59423828125 1499.40185546875 1500.29052734375 1501.2762451171875 1502.310546875 1503.3724365234375 1504.4393310546875 1505.4642333984375 1506.4326171875 1507.31494140625 1508.09228515625 1508.7467041015625 1509.2149658203125 1509.508544921875 1509.6275634765625 1509.566162109375 1509.320556640625 1508.8369140625 1508.16748046875 1507.32861328125 1506.3287353515625 1505.1751708984375 1503.84716796875 1502.39697265625 1500.83984375 1499.1854248046875 1492.467041015625 -99999 -99999
1462.915283203125 1467.20654296875 1471.364501953125 1476.1107177734375 1481.782958984375 1488.153564453125 1493.4141845703125 1496.6204833984375 1498.0498046875 1498.2845458984375 1497.780029296875 1496.9805908203125 1495.92578125 1494.9547119140625 1494.1424560546875 1493.5523681640625 1493.269287109375 1493.2935791015625 1493.583251953125 1494.1065673828125 1494.81982421875 1495.6806640625 1496.6866455078125 1497.78369140625 1498.95849609375 1500.17724609375 1501.4246826171875 1502.6881103515625 1503.9127197265625 1505.073486328125 1506.11572265625 1507.0264892578125 1507.7955322265625 1508.40185546875 1508.8319091796875 1509.0400390625 1509.022705078125 1508.800537109375 1508.379638671875 1507.765380859375 1506.9405517578125 1505.9168701171875 1504.7384033203125 1503.4189453125 1501.970703125 1500.3939208984375 1498.703369140625 1493.6019287109375 -99999 -99999
1462.33203125 1467.1463623046875 1472.129638671875 1477.4447021484375 1483.5513916015625 1489.8819580078125 1495.1632080078125 1497.8692626953125 1498.2901611328125 1497.442138671875 1495.9002685546875 1494.306396484375 1492.7874755859375 1491.525634765625 1490.5174560546875 1489.8516845703125 1489.539306640625 1489.57421875 1489.945068359375 1490.6109619140625 1491.5238037109375 1492.6011962890625 1493.80419921875 1495.0728759765625 1496.465087890625 1497.9354248046875 1499.428955078125 1500.90087890625 1502.28759765625 1503.623046875 1504.84912109375 1505.9366455078125 1506.8426513671875 1507.543212890625 1508.0391845703125 1508.3255615234375 1508.3995361328125 1508.233642578125 1507.837646484375 1507.2120361328125 1506.3948974609375 1505.399169921875 1504.222412109375 1502.88818359375 1501.40673828125 1499.8121337890625 1498.1165771484375 1491.869140625 -99999 -99999
1461.791748046875 1466.898193359375 1472.2344970703125 1478.0814208984375 1484.3519287109375 1491.0172119140625 1496.6851806640625 1499.1087646484375 1497.31005859375 1495.1309814453125 1492.9417724609375 1490.8792724609375 1488.992919921875 1487.4459228515625 1486.302490234375 1485.617431640625 1485.3408203125 1485.5068359375 1486.0628662109375 1486.9200439453125 1488.0020751953125 1489.25537109375 1490.704833984375 1492.284423828125 1493.9521484375 1495.6241455078125 1497.3154296875 1499.0361328125 1500.69189453125 1502.2362060546875 1503.593994140625 1504.802734375 1505.82421875 1506.6397705078125 1507.2283935546875 1507.5634765625 1507.67333984375 1507.5343017578125 1507.1715087890625 1506.5750732421875 1505.759521484375 1504.75048828125 1503.5584716796875 1502.2200927734375 1500.73828125 1499.1329345703125 1497.416259765625 1489.012451171875 -99999 -99999
