gis/input_ras/sw_ww/Hydro Model_ 06 - Upper Clay_younger.asc
ncols        266
nrows        300
xllcorner    2364495.809716653544
yllcorner    243038.907031175506
cellsize     500.000000000000
NODATA_value -99999
[rows 273 to 293 of 300, columns 48 to 95 of 266]
1474.82861328125 1474.6019287109375 1474.37548828125 1474.1427001953125 1473.896484375 1473.6363525390625 1473.369384765625 1473.0908203125 1472.80029296875 1472.4962158203125 1472.185302734375 1471.872802734375 1471.56201171875 1471.2584228515625 1470.9761962890625 1470.723876953125 1470.5103759765625 1470.3455810546875 1470.2398681640625 1470.2283935546875 1470.3067626953125 1470.4881591796875 1470.7772216796875 1471.1839599609375 1471.7344970703125 1472.3929443359375 1473.1419677734375 1473.9560546875 1474.8143310546875 1475.684326171875 1476.5333251953125 1477.350830078125 1478.1385498046875 1478.894775390625 1479.624755859375 1480.3966064453125 1481.3128662109375 1482.5018310546875 1484.1826171875 1486.387939453125 1488.6064453125 1490.7042236328125 1492.5811767578125 1494.092529296875 1494.9788818359375 1495.2913818359375 1495.18896484375 1494.696533203125
1474.795654296875 1474.5291748046875 1474.25634765625 1473.9813232421875 1473.7041015625 1473.4195556640625 1473.126953125 1472.82177734375 1472.51171875 1472.1976318359375 1471.8812255859375 1471.5654296875 1471.2587890625 1470.968994140625 1470.70263671875 1470.4671630859375 1470.2725830078125 1470.1461181640625 1470.0904541015625 1470.1136474609375 1470.2254638671875 1470.442138671875 1470.79248046875 1471.2674560546875 1471.8555908203125 1472.5478515625 1473.3392333984375 1474.2015380859375 1475.08642578125 1475.968994140625 1476.829345703125 1477.6451416015625 1478.40380859375 1479.119384765625 1479.8074951171875 1480.4879150390625 1481.1644287109375 1482.0499267578125 1483.9945068359375 1486.41796875 1488.9136962890625 1491.216064453125 1493.1927490234375 1494.7249755859375 1495.638916015625 1495.89111328125 1495.6851806640625 1495.0548095703125
1474.8316650390625 1474.5252685546875 1474.219482421875 1473.9124755859375 1473.6029052734375 1473.28564453125 1472.9671630859375 1472.644775390625 1472.319580078125 1471.9930419921875 1471.66943359375 1471.3548583984375 1471.053466796875 1470.7706298828125 1470.514892578125 1470.305908203125 1470.1468505859375 1470.04638671875 1470.0140380859375 1470.0687255859375 1470.23876953125 1470.5145263671875 1470.9017333984375 1471.4049072265625 1472.04052734375 1472.8001708984375 1473.638427734375 1474.5313720703125 1475.4542236328125 1476.3787841796875 1477.258544921875 1478.0899658203125 1478.8721923828125 1479.60888671875 1480.3076171875 1480.977294921875 1481.6549072265625 1482.621337890625 1484.3614501953125 1487.053955078125 1489.580810546875 1491.8726806640625 1493.860595703125 1495.439697265625 1496.2247314453125 1496.42724609375 1496.2177734375 1495.6258544921875
1474.94287109375 1474.5980224609375 1474.2572021484375 1473.9169921875 1473.5765380859375 1473.2353515625 1472.893310546875 1472.5513916015625 1472.2109375 1471.875 1471.5467529296875 1471.2296142578125 1470.930908203125 1470.662353515625 1470.427490234375 1470.234130859375 1470.0902099609375 1470.0177001953125 1470.032958984375 1470.134521484375 1470.331298828125 1470.6312255859375 1471.0701904296875 1471.642333984375 1472.328125 1473.11767578125 1473.9969482421875 1474.94921875 1475.9212646484375 1476.8846435546875 1477.820068359375 1478.7120361328125 1479.5426025390625 1480.3475341796875 1481.142333984375 1481.9552001953125 1482.830078125 1484.0980224609375 1485.98095703125 1488.24658203125 1490.6397705078125 1492.8675537109375 1494.6812744140625 1496.015869140625 1496.8218994140625 1497.0955810546875 1496.8643798828125 1496.232177734375
1475.1173095703125 1474.738525390625 1474.3638916015625 1473.99267578125 1473.6239013671875 1473.260986328125 1472.89697265625 1472.536865234375 1472.1824951171875 1471.8360595703125 1471.503662109375 1471.189208984375 1470.897705078125 1470.6348876953125 1470.4080810546875 1470.2362060546875 1470.126953125 1470.0849609375 1470.1190185546875 1470.2425537109375 1470.48876953125 1470.8507080078125 1471.328125 1471.924560546875 1472.6461181640625 1473.5030517578125 1474.4443359375 1475.4437255859375 1476.4761962890625 1477.4981689453125 1478.498046875 1479.46142578125 1480.396728515625 1481.3189697265625 1482.23046875 1483.239990234375 1484.4122314453125 1485.8385009765625 1487.6065673828125 1489.7706298828125 1491.9537353515625 1493.98583984375 1495.727294921875 1497.0224609375 1497.6529541015625 1497.7047119140625 1497.353271484375 1496.689453125
1475.336669921875 1474.9248046875 1474.5242919921875 1474.1279296875 1473.7327880859375 1473.34326171875 1472.959716796875 1472.5867919921875 1472.221923828125 1471.869384765625 1471.532470703125 1471.215087890625 1470.926025390625 1470.6746826171875 1470.4681396484375 1470.3125 1470.216796875 1470.194580078125 1470.2711181640625 1470.4429931640625 1470.716064453125 1471.101318359375 1471.612060546875 1472.2734375 1473.053466796875 1473.943115234375 1474.928955078125 1475.982421875 1477.081787109375 1478.18408203125 1479.2730712890625 1480.3204345703125 1481.34375 1482.3944091796875 1483.4864501953125 1484.6527099609375 1485.945556640625 1487.49853515625 1489.3121337890625 1491.28369140625 1493.329833984375 1495.2943115234375 1496.921142578125 1498.031494140625 1498.485595703125 1498.3369140625 1497.775634765625 1496.8267822265625
1475.599853515625 1475.1614990234375 1474.72802734375 1474.302001953125 1473.8870849609375 1473.4818115234375 1473.0836181640625 1472.69580078125 1472.3206787109375 1471.9630126953125 1471.6234130859375 1471.309814453125 1471.0267333984375 1470.7794189453125 1470.580810546875 1470.43603515625 1470.3701171875 1470.3807373046875 1470.475830078125 1470.6729736328125 1470.977294921875 1471.4169921875 1471.975830078125 1472.6595458984375 1473.474853515625 1474.4110107421875 1475.4595947265625 1476.579833984375 1477.7423095703125 1478.90673828125 1480.069580078125 1481.228271484375 1482.384765625 1483.5452880859375 1484.7386474609375 1486.03955078125 1487.4793701171875 1489.0601806640625 1490.818603515625 1492.7269287109375 1494.6466064453125 1496.4698486328125 1498.12109375 1499.2159423828125 1499.5159912109375 1498.84814453125 1497.876220703125 1496.6595458984375
1475.885986328125 1475.4195556640625 1474.9669189453125 1474.522705078125 1474.086181640625 1473.660888671875 1473.25 1472.8544921875 1472.472900390625 1472.11083984375 1471.7706298828125 1471.45849609375 1471.1790771484375 1470.93798828125 1470.752685546875 1470.625 1470.571533203125 1470.5987548828125 1470.7196044921875 1470.9554443359375 1471.297607421875 1471.7645263671875 1472.3524169921875 1473.0772705078125 1473.94189453125 1474.9241943359375 1476.013427734375 1477.1778564453125 1478.40478515625 1479.6622314453125 1480.9210205078125 1482.1568603515625 1483.3936767578125 1484.671875 1485.9993896484375 1487.3846435546875 1488.8653564453125 1490.46826171875 1492.179931640625 1493.936767578125 1495.7137451171875 1497.43896484375 1499.0103759765625 1500.0804443359375 1499.972900390625 1499.025146484375 1497.8233642578125 1496.4000244140625
1476.198486328125 1475.7105712890625 1475.23095703125 1474.764404296875 1474.3153076171875 1473.87890625 1473.4561767578125 1473.05029296875 1472.6644287109375 1472.301513671875 1471.9615478515625 1471.64990234375 1471.3765869140625 1471.1470947265625 1470.9705810546875 1470.852783203125 1470.810302734375 1470.860107421875 1471.01123046875 1471.269775390625 1471.636474609375 1472.1341552734375 1472.765380859375 1473.5322265625 1474.4259033203125 1475.4371337890625 1476.573486328125 1477.8035888671875 1479.0899658203125 1480.4024658203125 1481.725341796875 1483.0665283203125 1484.4151611328125 1485.76806640625 1487.15673828125 1488.5977783203125 1490.112548828125 1491.676025390625 1493.3004150390625 1494.9454345703125 1496.553955078125 1497.9871826171875 1499.197021484375 1499.9854736328125 1499.751220703125 1498.79248046875 1497.4708251953125 1495.931396484375
-99999 -99999 1475.5157470703125 1475.0345458984375 1474.567138671875 1474.1160888671875 1473.6876220703125 1473.27734375 1472.8870849609375 1472.5203857421875 1472.183349609375 1471.8800048828125 1471.6123046875 1471.385986328125 1471.21533203125 1471.1148681640625 1471.094482421875 1471.15869140625 1471.3170166015625 1471.5968017578125 1472.006591796875 1472.54150390625 1473.1983642578125 1473.97998046875 1474.91162109375 1475.975830078125 1477.1490478515625 1478.4102783203125 1479.7401123046875 1481.132080078125 1482.532470703125 1483.933837890625 1485.342041015625 1486.7667236328125 1488.2198486328125 1489.6898193359375 1491.1883544921875 1492.7091064453125 1494.2242431640625 1495.660400390625 1497.01318359375 1498.1883544921875 1499.091064453125 1499.4527587890625 1499.1282958984375 1498.185546875 1496.90478515625 1495.387939453125
-99999 -99999 -99999 1475.3123779296875 1474.8348388671875 1474.375244140625 1473.9349365234375 1473.5172119140625 1473.1285400390625 1472.7657470703125 1472.4306640625 1472.1263427734375 1471.8636474609375 1471.6536865234375 1471.4976806640625 1471.4044189453125 1471.383056640625 1471.4649658203125 1471.6602783203125 1471.96533203125 1472.38671875 1472.9290771484375 1473.6285400390625 1474.4632568359375 1475.421875 1476.5 1477.69384765625 1479.0072021484375 1480.390625 1481.817626953125 1483.2701416015625 1484.7374267578125 1486.206787109375 1487.6771240234375 1489.1512451171875 1490.627685546875 1492.0946044921875 1493.5281982421875 1494.9052734375 1496.1883544921875 1497.33349609375 1498.2080078125 1498.7210693359375 1498.79736328125 1498.3922119140625 1497.5311279296875 1496.2841796875 1494.784912109375
-99999 -99999 -99999 -99999 1475.1060791015625 1474.6368408203125 1474.1929931640625 1473.7734375 1473.3795166015625 1473.0128173828125 1472.6844482421875 1472.392822265625 1472.14013671875 1471.931884765625 1471.7744140625 1471.701904296875 1471.7093505859375 1471.8057861328125 1472.0008544921875 1472.308349609375 1472.77294921875 1473.363037109375 1474.0784912109375 1474.919189453125 1475.8961181640625 1477.022705078125 1478.256591796875 1479.583984375 1480.989501953125 1482.458740234375 1483.959228515625 1485.46630859375 1486.9722900390625 1488.4720458984375 1489.9573974609375 1491.414794921875 1492.829345703125 1494.1812744140625 1495.4471435546875 1496.5487060546875 1497.4351806640625 1498.064697265625 1498.3831787109375 1498.3382568359375 1497.76611328125 1496.819091796875 1495.6072998046875 1494.2066650390625
-99999 -99999 -99999 -99999 -99999 1474.9046630859375 1474.44677734375 1474.0198974609375 1473.627685546875 1473.267333984375 1472.94091796875 1472.650634765625 1472.4031982421875 1472.213134765625 1472.0787353515625 1472.009033203125 1472.0137939453125 1472.121337890625 1472.3504638671875 1472.693603515625 1473.1572265625 1473.7467041015625 1474.491943359375 1475.37939453125 1476.389892578125 1477.5184326171875 1478.759765625 1480.11962890625 1481.5596923828125 1483.0506591796875 1484.573974609375 1486.1104736328125 1487.6376953125 1489.1451416015625 1490.62158203125 1492.0546875 1493.4287109375 1494.6859130859375 1495.804443359375 1496.75537109375 1497.503662109375 1497.9979248046875 1498.089599609375 1497.83837890625 1497.242919921875 1496.31494140625 1495.056884765625 1493.7333984375
-99999 -99999 -99999 -99999 -99999 -99999 1474.7032470703125 1474.267333984375 1473.8651123046875 1473.5006103515625 1473.1787109375 1472.9046630859375 1472.6739501953125 1472.4888916015625 1472.359375 1472.3031005859375 1472.3359375 1472.4603271484375 1472.6864013671875 1473.0362548828125 1473.52685546875 1474.158447265625 1474.918701171875 1475.805419921875 1476.83056640625 1477.9920654296875 1479.2664794921875 1480.63330078125 1482.078369140625 1483.5867919921875 1485.12939453125 1486.67724609375 1488.2130126953125 1489.7208251953125 1491.187255859375 1492.5767822265625 1493.8748779296875 1495.0570068359375 1496.0948486328125 1496.943115234375 1497.5128173828125 1497.8223876953125 1497.8511962890625 1497.560546875 1496.908203125 1495.9351806640625 1494.7728271484375 1493.4959716796875
-99999 -99999 -99999 -99999 -99999 -99999 1474.9481201171875 1474.5 1474.0888671875 1473.7208251953125 1473.4034423828125 1473.138427734375 1472.9197998046875 1472.752685546875 1472.6446533203125 1472.60009765625 1472.6358642578125 1472.7696533203125 1473.0211181640625 1473.3963623046875 1473.8941650390625 1474.5306396484375 1475.3052978515625 1476.2269287109375 1477.2752685546875 1478.4398193359375 1479.72216796875 1481.1007080078125 1482.5665283203125 1484.0823974609375 1485.6282958984375 1487.18017578125 1488.716064453125 1490.2066650390625 1491.63818359375 1492.994873046875 1494.2486572265625 1495.3671875 1496.28955078125 1497.0169677734375 1497.5230712890625 1497.759765625 1497.697509765625 1497.3271484375 1496.6976318359375 1495.811767578125 1494.6981201171875 1493.4786376953125
-99999 -99999 -99999 -99999 -99999 -99999 -99999 -99999 1474.288818359375 1473.91162109375 1473.5936279296875 1473.35107421875 1473.1595458984375 1473.0078125 1472.9105224609375 1472.8760986328125 1472.93115234375 1473.0821533203125 1473.3411865234375 1473.7274169921875 1474.236572265625 1474.8978271484375 1475.6904296875 1476.617919921875 1477.6771240234375 1478.8536376953125 1480.1531982421875 1481.541015625 1483.0069580078125 1484.526123046875 1486.0740966796875 1487.622314453125 1489.146484375 1490.622314453125 1492.03173828125 1493.3492431640625 1494.535888671875 1495.5830078125 1496.449951171875 1497.1195068359375 1497.541015625 1497.699951171875 1497.6138916015625 1497.2396240234375 1496.61962890625 1495.7666015625 1494.7420654296875 1493.573486328125
-99999 -99999 -99999 -99999 -99999 -99999 -99999 -99999 -99999 1474.0823974609375 1473.7738037109375 1473.559326171875 1473.384765625 1473.2462158203125 1473.1640625 1473.1451416015625 1473.214111328125 1473.3756103515625 1473.6412353515625 1474.04345703125 1474.5716552734375 1475.2445068359375 1476.04638671875 1476.9794921875 1478.05126953125 1479.241943359375 1480.545654296875 1481.9366455078125 1483.4029541015625 1484.921875 1486.4658203125 1488.007080078125 1489.522216796875 1490.982666015625 1492.3592529296875 1493.631103515625 1494.7794189453125 1495.7852783203125 1496.5955810546875 1497.1978759765625 1497.56689453125 1497.6993408203125 1497.59521484375 1497.227783203125 1496.6434326171875 1495.8272705078125 1494.8436279296875 1493.721923828125
-99999 -99999 -99999 -99999 -99999 -99999 -99999 -99999 -99999 -99999 1473.9931640625 1473.7750244140625 1473.607177734375 1473.483154296875 1473.4111328125 1473.401611328125 1473.470458984375 1473.6453857421875 1473.939453125 1474.3514404296875 1474.8856201171875 1475.5548095703125 1476.3690185546875 1477.3265380859375 1478.4024658203125 1479.5908203125 1480.8905029296875 1482.2862548828125 1483.7564697265625 1485.26953125 1486.8060302734375 1488.3394775390625 1489.8382568359375 1491.2744140625 1492.63037109375 1493.886962890625 1494.997314453125 1495.942138671875 1496.7042236328125 1497.2752685546875 1497.6407470703125 1497.7515869140625 1497.6202392578125 1497.2608642578125 1496.6983642578125 1495.9471435546875 1495.0186767578125 1493.9266357421875
-99999 -99999 -99999 -99999 -99999 -99999 -99999 -99999 -99999 -99999 -99999 1474.010498046875 1473.834716796875 1473.7059326171875 1473.6317138671875 1473.6383056640625 1473.7305908203125 1473.9158935546875 1474.2042236328125 1474.615478515625 1475.17578125 1475.8673095703125 1476.68505859375 1477.626220703125 1478.6988525390625 1479.9063720703125 1481.211669921875 1482.5997314453125 1484.0555419921875 1485.562255859375 1487.091064453125 1488.6090087890625 1490.094970703125 1491.52783203125 1492.8603515625 1494.070556640625 1495.1495361328125 1496.0794677734375 1496.84033203125 1497.370361328125 1497.6815185546875 1497.785400390625 1497.6812744140625 1497.36572265625 1496.81787109375 1496.079833984375 1495.1871337890625 1494.1561279296875
-99999 -99999 -99999 -99999 -99999 -99999 -99999 -99999 -99999 -99999 -99999 -99999 1474.039794921875 1473.9189453125 1473.8580322265625 1473.86572265625 1473.9517822265625 1474.1463623046875 1474.4635009765625 1474.8951416015625 1475.4466552734375 1476.121826171875 1476.9521484375 1477.9156494140625 1478.9942626953125 1480.181396484375 1481.4686279296875 1482.8619384765625 1484.3170166015625 1485.810302734375 1487.322509765625 1488.832763671875 1490.29833984375 1491.6982421875 1493.0123291015625 1494.2213134765625 1495.298583984375 1496.181396484375 1496.8924560546875 1497.4208984375 1497.7576904296875 1497.8763427734375 1497.74755859375 1497.427490234375 1496.92529296875 1496.2518310546875 1495.39990234375 1494.3878173828125
-99999 -99999 -99999 -99999 -99999 -99999 -99999 -99999 -99999 -99999 -99999 -99999 1474.239013671875 1474.1097412109375 1474.042236328125 1474.063720703125 1474.1739501953125 1474.3779296875 1474.684326171875 1475.1080322265625 1475.6827392578125 1476.3834228515625 1477.20556640625 1478.1468505859375 1479.214599609375 1480.416015625 1481.709228515625 1483.080810546875 1484.515869140625 1486.000732421875 1487.500244140625 1488.985595703125 1490.4364013671875 1491.83203125 1493.1319580078125 1494.3031005859375 1495.3427734375 1496.2359619140625 1496.968505859375 1497.4788818359375 1497.7818603515625 1497.893798828125 1497.8153076171875 1497.545166015625 1497.04833984375 1496.38134765625 1495.5662841796875 1494.6160888671875
