gis/input_ras/sw_ww/Hydro Model_ 01 - Bedrock_younger.asc
ncols        266
nrows        300
xllcorner    2364495.809716653544
yllcorner    243038.907031175506
cellsize     500.000000000000
NODATA_value -99999
[rows 80 to 99 of 300, columns 220 to 263 of 266]
1298.559326171875 1295.466064453125 1294.5670166015625 1295.7254638671875 1298.3057861328125 1301.620361328125 1305.61083984375 1310.1734619140625 1315.2799072265625 1320.8946533203125 1327.082275390625 1333.874267578125 1341.263427734375 1349.1229248046875 1357.376953125 1365.84375 1374.215087890625 1381.9642333984375 1388.537109375 1393.4200439453125 1397.46923828125 1401.1893310546875 1404.6126708984375 1407.7568359375 1410.6107177734375 1413.0740966796875 1415.21923828125 1417.045166015625 1418.552490234375 1419.709716796875 1420.49462890625 1421.025634765625 1421.3365478515625 1421.46142578125 1421.4210205078125 1421.2646484375 1421.05029296875 1420.8045654296875 1420.5517578125 1420.3262939453125 1420.1510009765625 1420.0355224609375 1419.98779296875 1420.0140380859375
1304.5400390625 1299.9205322265625 1297.4010009765625 1299.7943115234375 1302.364990234375 1305.3187255859375 1308.8192138671875 1312.9879150390625 1317.8018798828125 1323.1082763671875 1328.91650390625 1335.227783203125 1342.3216552734375 1349.9739990234375 1357.95947265625 1366.13232421875 1374.35009765625 1382.6353759765625 1388.24951171875 1392.627685546875 1396.32568359375 1399.7255859375 1402.83984375 1405.612060546875 1408.10888671875 1410.3187255859375 1412.2265625 1413.7796630859375 1414.9539794921875 1415.8243408203125 1416.408203125 1416.7376708984375 1416.8187255859375 1416.710205078125 1416.48486328125 1416.1751708984375 1415.8236083984375 1415.451171875 1415.095458984375 1414.7840576171875 1414.5333251953125 1414.3687744140625 1414.306396484375 1414.3392333984375
1311.811767578125 1306.935546875 1304.964111328125 1305.3885498046875 1307.314453125 1309.8448486328125 1312.8980712890625 1316.533447265625 1320.73388671875 1325.54150390625 1330.9578857421875 1336.9215087890625 1343.517333984375 1350.5902099609375 1358.1517333984375 1365.9381103515625 1373.5020751953125 1380.442626953125 1386.3756103515625 1390.739501953125 1394.36474609375 1397.5384521484375 1400.3753662109375 1402.9136962890625 1405.1806640625 1407.0994873046875 1408.6572265625 1409.906982421875 1410.85400390625 1411.5126953125 1411.8187255859375 1411.869140625 1411.7337646484375 1411.4520263671875 1411.080322265625 1410.6043701171875 1410.1046142578125 1409.614990234375 1409.167236328125 1408.793701171875 1408.50146484375 1408.30810546875 1408.220458984375 1408.2490234375
1320.375 1315.89453125 1313.233642578125 1312.8243408203125 1313.548828125 1315.119873046875 1317.4052734375 1320.5550537109375 1324.2723388671875 1328.48046875 1333.19580078125 1338.52587890625 1344.677490234375 1351.3045654296875 1358.17529296875 1365.123291015625 1371.9791259765625 1378.3905029296875 1383.7066650390625 1388.04736328125 1391.6800537109375 1394.74853515625 1397.427001953125 1399.706787109375 1401.638427734375 1403.2650146484375 1404.5914306640625 1405.614013671875 1406.2408447265625 1406.5650634765625 1406.6343994140625 1406.50048828125 1406.1923828125 1405.6949462890625 1405.1234130859375 1404.51171875 1403.9180908203125 1403.3433837890625 1402.8197021484375 1402.381591796875 1402.0472412109375 1401.84130859375 1401.7569580078125 1401.816162109375
1329.3466796875 1325.0255126953125 1322.072998046875 1320.4163818359375 1320.3074951171875 1321.1865234375 1322.7965087890625 1325.0487060546875 1327.91943359375 1331.6016845703125 1335.8194580078125 1340.5787353515625 1345.8955078125 1351.71435546875 1358.0198974609375 1364.3892822265625 1370.4405517578125 1375.9693603515625 1380.9080810546875 1385.0811767578125 1388.5849609375 1391.456298828125 1393.871826171875 1395.911376953125 1397.62744140625 1399.0316162109375 1399.998291015625 1400.65625 1401.034912109375 1401.1475830078125 1401.0035400390625 1400.591064453125 1400.0411376953125 1399.4080810546875 1398.7191162109375 1397.99560546875 1397.2772216796875 1396.614013671875 1396.0498046875 1395.5830078125 1395.235107421875 1395.0318603515625 1394.9686279296875 1395.059326171875
1338.408203125 1334.015625 1330.7470703125 1328.6263427734375 1327.58544921875 1327.432373046875 1328.292724609375 1329.9443359375 1332.22265625 1335.0501708984375 1338.4105224609375 1342.571533203125 1347.3199462890625 1352.52734375 1357.9075927734375 1363.3099365234375 1368.7015380859375 1373.70947265625 1378.1888427734375 1381.907958984375 1385.075439453125 1387.72265625 1389.93603515625 1391.755615234375 1393.112548828125 1394.1365966796875 1394.8564453125 1395.27734375 1395.3873291015625 1395.1622314453125 1394.7425537109375 1394.17138671875 1393.474853515625 1392.6766357421875 1391.82763671875 1391.004638671875 1390.2318115234375 1389.523681640625 1388.9134521484375 1388.432861328125 1388.1038818359375 1387.921630859375 1387.885498046875 1388.0272216796875
1347.3468017578125 1342.8477783203125 1339.1558837890625 1336.5091552734375 1334.8790283203125 1334.1781005859375 1334.2294921875 1334.9281005859375 1336.433837890625 1338.6541748046875 1341.48291015625 1344.893798828125 1348.7486572265625 1353.1427001953125 1357.834228515625 1362.5845947265625 1367.221923828125 1371.392333984375 1375.2294921875 1378.5804443359375 1381.4354248046875 1383.786865234375 1385.5989990234375 1387.0457763671875 1388.1416015625 1388.900390625 1389.2965087890625 1389.3330078125 1389.1329345703125 1388.707763671875 1388.09326171875 1387.300537109375 1386.405029296875 1385.486083984375 1384.559814453125 1383.656982421875 1382.81396484375 1382.0826416015625 1381.4815673828125 1381.0126953125 1380.6884765625 1380.5533447265625 1380.6007080078125 1380.8148193359375
1355.7711181640625 1351.2647705078125 1347.440185546875 1344.3638916015625 1342.07666015625 1340.618896484375 1340.0806884765625 1340.214111328125 1340.981201171875 1342.3880615234375 1344.4715576171875 1347.25732421875 1350.5 1354.1026611328125 1357.91845703125 1361.7816162109375 1365.609375 1369.2008056640625 1372.4677734375 1375.280029296875 1377.5831298828125 1379.48193359375 1380.986572265625 1382.1181640625 1382.82080078125 1383.1566162109375 1383.206787109375 1382.990234375 1382.53125 1381.8148193359375 1380.9573974609375 1380.0045166015625 1378.9918212890625 1377.9539794921875 1376.928466796875 1375.98583984375 1375.13330078125 1374.3916015625 1373.779541015625 1373.358154296875 1373.11669921875 1373.044921875 1373.1451416015625 1373.4229736328125
1363.76025390625 1359.173828125 1355.0616455078125 1351.776123046875 1349.1558837890625 1347.200927734375 1345.906494140625 1345.2882080078125 1345.505126953125 1346.3448486328125 1347.7744140625 1349.7457275390625 1352.221923828125 1355.0888671875 1358.119873046875 1361.21044921875 1364.2591552734375 1367.118896484375 1369.651123046875 1371.84765625 1373.68603515625 1375.1544189453125 1376.1732177734375 1376.7989501953125 1377.1036376953125 1377.10986328125 1376.841064453125 1376.2664794921875 1375.4873046875 1374.559814453125 1373.5205078125 1372.4058837890625 1371.2593994140625 1370.1396484375 1369.074462890625 1368.08984375 1367.212890625 1366.515380859375 1365.9747314453125 1365.60107421875 1365.40234375 1365.3988037109375 1365.6282958984375 1366.037353515625
1370.9129638671875 1366.4510498046875 1362.3782958984375 1358.771728515625 1355.689697265625 1353.34814453125 1351.649169921875 1350.54833984375 1350.050048828125 1350.153564453125 1351.0499267578125 1352.3935546875 1354.1202392578125 1356.1427001953125 1358.399169921875 1360.779052734375 1363.0091552734375 1365.0855712890625 1366.9462890625 1368.5682373046875 1369.7794189453125 1370.6082763671875 1371.114990234375 1371.3106689453125 1371.2366943359375 1370.7926025390625 1370.1097412109375 1369.2366943359375 1368.207275390625 1367.074462890625 1365.831787109375 1364.5748291015625 1363.334716796875 1362.140625 1361.0399169921875 1360.0706787109375 1359.2418212890625 1358.5682373046875 1358.0631103515625 1357.7662353515625 1357.6944580078125 1357.814697265625 1358.1258544921875 1358.62548828125
1377.541015625 1373.152587890625 1369.01513671875 1365.3214111328125 1362.095458984375 1359.3480224609375 1357.111328125 1355.558837890625 1354.633056640625 1354.2445068359375 1354.3564453125 1354.9183349609375 1356.0518798828125 1357.3865966796875 1358.818603515625 1360.301513671875 1361.7635498046875 1363.2525634765625 1364.354736328125 1365.1826171875 1365.7435302734375 1366.0406494140625 1366.10791015625 1365.73046875 1365.11376953125 1364.28271484375 1363.281494140625 1362.1341552734375 1360.812255859375 1359.438232421875 1358.0445556640625 1356.677001953125 1355.362060546875 1354.1357421875 1353.0289306640625 1352.060546875 1351.2578125 1350.6522216796875 1350.26123046875 1350.0667724609375 1350.0716552734375 1350.2816162109375 1350.7286376953125 1351.3905029296875
1383.501953125 1379.2867431640625 1375.249755859375 1371.4459228515625 1368.0008544921875 1365.041015625 1362.558837890625 1360.5501708984375 1359.023681640625 1358.105712890625 1357.74609375 1357.7249755859375 1357.987548828125 1358.4761962890625 1359.2550048828125 1360.129150390625 1360.77392578125 1361.3004150390625 1361.666748046875 1361.9390869140625 1361.9439697265625 1361.5394287109375 1360.905029296875 1360.058837890625 1359.0770263671875 1357.8687744140625 1356.4520263671875 1354.952880859375 1353.412841796875 1351.882568359375 1350.346923828125 1348.8648681640625 1347.48046875 1346.2247314453125 1345.11962890625 1344.19384765625 1343.4794921875 1342.94775390625 1342.6241455078125 1342.5091552734375 1342.6572265625 1343.02587890625 1343.582275390625 1344.3494873046875
1388.979736328125 1384.9307861328125 1380.9378662109375 1377.13916015625 1373.6341552734375 1370.437744140625 1367.6287841796875 1365.33056640625 1363.48486328125 1362.03662109375 1360.956298828125 1360.2994384765625 1360.0233154296875 1359.9371337890625 1359.828857421875 1359.7445068359375 1359.7254638671875 1359.6591796875 1359.384765625 1358.7864990234375 1357.998779296875 1357.09716796875 1356.010986328125 1354.6707763671875 1353.110107421875 1351.4471435546875 1349.7681884765625 1348.0347900390625 1346.2530517578125 1344.4962158203125 1342.8331298828125 1341.286865234375 1339.8458251953125 1338.5731201171875 1337.4876708984375 1336.606201171875 1335.935302734375 1335.468505859375 1335.2735595703125 1335.298583984375 1335.5433349609375 1336.0079345703125 1336.6885986328125 1337.61962890625
1393.9063720703125 1390.02294921875 1386.17431640625 1382.406005859375 1378.84375 1375.5477294921875 1372.559814453125 1369.9058837890625 1367.6092529296875 1365.7845458984375 1364.298828125 1363.088134765625 1362.01611328125 1361.144775390625 1360.4656982421875 1359.8040771484375 1359.0294189453125 1358.049072265625 1357.00927734375 1355.8759765625 1354.568603515625 1352.9984130859375 1351.21923828125 1349.3868408203125 1347.482666015625 1345.500244140625 1343.425048828125 1341.35888671875 1339.388671875 1337.4974365234375 1335.699462890625 1334.0609130859375 1332.583251953125 1331.3345947265625 1330.280029296875 1329.42138671875 1328.828857421875 1328.46728515625 1328.357177734375 1328.4710693359375 1328.8184814453125 1329.4423828125 1330.2808837890625 1331.32275390625
1398.3974609375 1394.6854248046875 1390.9376220703125 1387.24072265625 1383.66162109375 1380.256103515625 1377.12744140625 1374.28466796875 1371.73486328125 1369.4599609375 1367.40478515625 1365.6947021484375 1364.154052734375 1362.7322998046875 1361.2938232421875 1359.8050537109375 1358.3717041015625 1356.8426513671875 1355.1932373046875 1353.2919921875 1351.2554931640625 1349.1685791015625 1346.97119140625 1344.6837158203125 1342.2574462890625 1339.86865234375 1337.5426025390625 1335.24169921875 1333.0614013671875 1330.9739990234375 1329.0897216796875 1327.3870849609375 1325.8787841796875 1324.580322265625 1323.5447998046875 1322.773193359375 1322.24169921875 1321.9468994140625 1321.90869140625 1322.154052734375 1322.645751953125 1323.3580322265625 1324.282958984375 1325.4388427734375
1402.33447265625 1398.8162841796875 1395.2259521484375 1391.619873046875 1388.0797119140625 1384.6639404296875 1381.4130859375 1378.35595703125 1375.561767578125 1372.997802734375 1370.6263427734375 1368.4202880859375 1366.268798828125 1364.259033203125 1362.26708984375 1360.2479248046875 1358.1678466796875 1355.87646484375 1353.55810546875 1351.125732421875 1348.5853271484375 1345.9481201171875 1343.150146484375 1340.4044189453125 1337.677734375 1334.9228515625 1332.281494140625 1329.7247314453125 1327.35107421875 1325.1484375 1323.130126953125 1321.3218994140625 1319.79296875 1318.5260009765625 1317.50390625 1316.7315673828125 1316.237060546875 1316.0535888671875 1316.1268310546875 1316.44287109375 1316.9957275390625 1317.8135986328125 1318.885498046875 1320.1593017578125
1405.8343505859375 1402.474853515625 1399.0294189453125 1395.5443115234375 1392.064453125 1388.6597900390625 1385.3837890625 1382.2445068359375 1379.249755859375 1376.399658203125 1373.69775390625 1371.1024169921875 1368.5606689453125 1366.040283203125 1363.50830078125 1360.88916015625 1358.1954345703125 1355.404296875 1352.510986328125 1349.503662109375 1346.3900146484375 1343.2257080078125 1340.0367431640625 1336.86279296875 1333.694091796875 1330.6612548828125 1327.7510986328125 1324.9898681640625 1322.3994140625 1320.024658203125 1317.93359375 1316.08642578125 1314.492919921875 1313.1612548828125 1312.1439208984375 1311.44677734375 1311.0185546875 1310.8563232421875 1310.9556884765625 1311.3673095703125 1312.048583984375 1312.958984375 1314.0880126953125 1315.4246826171875
1408.7783203125 1405.634521484375 1402.355224609375 1398.99658203125 1395.63818359375 1392.3043212890625 1389.0203857421875 1385.8167724609375 1382.72607421875 1379.7100830078125 1376.7515869140625 1373.8304443359375 1370.9552001953125 1368.012939453125 1365.004638671875 1361.91259765625 1358.722900390625 1355.4603271484375 1352.0208740234375 1348.4874267578125 1344.8818359375 1341.22998046875 1337.6151123046875 1334.0404052734375 1330.558837890625 1327.211181640625 1324.0252685546875 1321.0943603515625 1318.37548828125 1315.8873291015625 1313.6448974609375 1311.6746826171875 1310.060546875 1308.74560546875 1307.720458984375 1306.984130859375 1306.5478515625 1306.4642333984375 1306.65869140625 1307.1131591796875 1307.81787109375 1308.7738037109375 1310.0146484375 1311.459228515625
1411.2882080078125 1408.315673828125 1405.2349853515625 1402.0726318359375 1398.851806640625 1395.5927734375 1392.38330078125 1389.1978759765625 1386.03662109375 1382.901123046875 1379.7987060546875 1376.6522216796875 1373.451416015625 1370.1759033203125 1366.8292236328125 1363.378662109375 1359.7388916015625 1355.9681396484375 1352.0716552734375 1348.1148681640625 1344.0714111328125 1339.9437255859375 1335.8883056640625 1331.9066162109375 1328.138916015625 1324.556396484375 1321.1923828125 1318.0645751953125 1315.179443359375 1312.5946044921875 1310.29833984375 1308.2867431640625 1306.5679931640625 1305.1575927734375 1304.11474609375 1303.4171142578125 1303.020751953125 1302.9158935546875 1303.101318359375 1303.5950927734375 1304.3863525390625 1305.4158935546875 1306.6702880859375 1308.143798828125
1413.4027099609375 1410.6754150390625 1407.7633056640625 1404.7557373046875 1401.715087890625 1398.6318359375 1395.517578125 1392.3663330078125 1389.217529296875 1386.0419921875 1382.8126220703125 1379.51318359375 1376.14404296875 1372.644287109375 1368.9705810546875 1365.1466064453125 1361.1756591796875 1357.0889892578125 1352.7901611328125 1348.32568359375 1343.7744140625 1339.2481689453125 1334.818603515625 1330.5140380859375 1326.4102783203125 1322.5809326171875 1319.0692138671875 1315.842041015625 1312.9102783203125 1310.2442626953125 1307.84326171875 1305.759033203125 1303.9891357421875 1302.569091796875 1301.4730224609375 1300.6983642578125 1300.289306640625 1300.1953125 1300.4266357421875 1300.9337158203125 1301.70556640625 1302.7601318359375 1304.056884765625 1305.5865478515625
