gis/input_ras/sw_ww/Hydro Model_ 02 - Basal Clay_younger.asc
ncols        266
nrows        300
xllcorner    2364495.809716653544
yllcorner    243038.907031175506
cellsize     500.000000000000
NODATA_value -99999
[rows 198 to 219 of 300, columns 200 to 249 of 266]
1281.0941162109375 1283.9620361328125 1285.8841552734375 1286.91162109375 1287.14208984375 -99999 -99999 -99999 -99999 -99999 -99999 -99999 -99999 -99999 -99999 -99999 -99999 -99999 1303.0467529296875 1306.8336181640625 1310.9071044921875 1315.2138671875 1319.7188720703125 1324.37646484375 1329.1734619140625 1334.0587158203125 1338.9521484375 1343.8338623046875 1348.7052001953125 1353.535888671875 1358.28955078125 1362.9290771484375 1367.4342041015625 1371.7867431640625 1372.8436279296875 1379.7674560546875 1383.350830078125 1384.530517578125 1378.6739501953125 -99999 -99999 -99999 -99999 -99999 -99999 -99999 -99999 -99999 -99999 -99999
1284.99755859375 1287.9476318359375 1289.83447265625 1290.8189697265625 1290.990966796875 1290.329833984375 -99999 -99999 -99999 -99999 -99999 -99999 -99999 -99999 -99999 -99999 -99999 1300.769775390625 1304.0931396484375 1307.6954345703125 1311.5682373046875 1315.7200927734375 1320.1141357421875 1324.6639404296875 1329.32080078125 1334.042724609375 1338.82763671875 1343.638671875 1348.4339599609375 1353.1754150390625 1357.85986328125 1362.471435546875 1366.969482421875 1371.326171875 1375.4993896484375 1379.4949951171875 1383.205810546875 1386.6160888671875 1389.68896484375 1392.344970703125 1394.529541015625 1396.0499267578125 1397.016357421875 1397.4083251953125 1394.1763916015625 1382.517578125 -99999 -99999 -99999 -99999
1288.93896484375 1292.0106201171875 1294.10009765625 1295.072021484375 1295.0863037109375 1294.4033203125 1293.2249755859375 -99999 -99999 -99999 -99999 -99999 -99999 -99999 -99999 1297.226806640625 1299.72509765625 1302.492919921875 1305.57373046875 1309.0272216796875 1312.7506103515625 1316.7237548828125 1320.904541015625 1325.261474609375 1329.774169921875 1334.3636474609375 1338.99658203125 1343.623291015625 1348.2645263671875 1352.9019775390625 1357.4998779296875 1362.041259765625 1366.479248046875 1370.824951171875 1375.03564453125 1379.08935546875 1382.952880859375 1386.5860595703125 1389.8515625 1392.68701171875 1395.0521240234375 1396.86376953125 1398.01220703125 1398.41796875 1398.2406005859375 1397.530517578125 1384.5064697265625 -99999 -99999 -99999
1293.033935546875 1296.28076171875 1298.2996826171875 1299.3106689453125 1299.419921875 1298.7513427734375 1297.55517578125 1296.209716796875 1294.9798583984375 1294.1099853515625 1293.8189697265625 1294.2105712890625 1295.1063232421875 1296.373046875 1297.965087890625 1299.850830078125 1302.1241455078125 1304.712890625 1307.6043701171875 1310.79345703125 1314.2664794921875 1318.075927734375 1322.0819091796875 1326.2464599609375 1330.532958984375 1334.881103515625 1339.3135986328125 1343.780517578125 1348.2537841796875 1352.716064453125 1357.1414794921875 1361.5596923828125 1365.932861328125 1370.24853515625 1374.4923095703125 1378.62451171875 1382.592041015625 1386.366455078125 1389.889892578125 1393.0740966796875 1395.6634521484375 1397.5736083984375 1398.8240966796875 1399.40576171875 1399.2838134765625 1398.4981689453125 1397.2396240234375 1384.5198974609375 1381.209228515625 -99999
1296.668701171875 1300.2591552734375 1302.651123046875 1303.6998291015625 1303.609619140625 1302.898193359375 1301.7933349609375 1300.518798828125 1299.3651123046875 1298.58544921875 1298.2410888671875 1298.3499755859375 1298.8931884765625 1299.8817138671875 1301.2493896484375 1302.9306640625 1304.9224853515625 1307.2291259765625 1309.9295654296875 1312.950439453125 1316.24365234375 1319.781494140625 1323.52587890625 1327.4676513671875 1331.52001953125 1335.6522216796875 1339.8453369140625 1344.0579833984375 1348.3016357421875 1352.552001953125 1356.80810546875 1361.068115234375 1365.3248291015625 1369.579345703125 1373.80322265625 1377.980224609375 1382.0902099609375 1386.092529296875 1389.8431396484375 1393.2373046875 1396.137451171875 1398.4078369140625 1399.7484130859375 1400.21484375 1400.0284423828125 1399.2791748046875 1398.056640625 1396.3590087890625 1394.3173828125 -99999
1300.3101806640625 1304.17724609375 1306.5152587890625 1307.520751953125 1307.4881591796875 1306.737060546875 1305.572021484375 1304.3973388671875 1303.3714599609375 1302.6038818359375 1302.189208984375 1302.279296875 1302.7369384765625 1303.53125 1304.6451416015625 1306.111328125 1307.9656982421875 1310.132568359375 1312.601806640625 1315.36083984375 1318.4482421875 1321.7867431640625 1325.2989501953125 1328.9515380859375 1332.7142333984375 1336.607177734375 1340.5238037109375 1344.4698486328125 1348.4329833984375 1352.414794921875 1356.4593505859375 1360.5289306640625 1364.6441650390625 1368.795166015625 1372.9708251953125 1377.1649169921875 1381.359619140625 1385.5126953125 1389.5633544921875 1393.38427734375 1396.591796875 1398.9818115234375 1400.43701171875 1400.9854736328125 1400.7435302734375 1399.79833984375 1398.4698486328125 1396.814453125 1394.8712158203125 -99999
1302.7596435546875 1307.479248046875 1310.1956787109375 1310.9930419921875 1310.5274658203125 1309.647216796875 1308.598876953125 1307.5426025390625 1306.61572265625 1306.0635986328125 1305.8184814453125 1305.8870849609375 1306.2791748046875 1307.0242919921875 1308.10205078125 1309.47412109375 1311.1419677734375 1313.1298828125 1315.469970703125 1318.0848388671875 1320.9329833984375 1323.9844970703125 1327.2479248046875 1330.6636962890625 1334.154052734375 1337.7069091796875 1341.3109130859375 1344.9888916015625 1348.6617431640625 1352.3392333984375 1356.0804443359375 1359.919921875 1363.8961181640625 1367.922607421875 1371.9910888671875 1376.1201171875 1380.3212890625 1384.5831298828125 1388.851806640625 1393.02880859375 1396.847412109375 1399.7518310546875 1401.201416015625 1401.3760986328125 1400.890380859375 1399.945068359375 1398.6304931640625 1396.9764404296875 1395.0672607421875 1392.9273681640625
1304.4598388671875 1310.0833740234375 1312.8028564453125 1312.942626953125 1312.36181640625 1311.4683837890625 1310.50927734375 1309.7449951171875 1309.1859130859375 1308.8646240234375 1308.7816162109375 1309.0189208984375 1309.584228515625 1310.388427734375 1311.4317626953125 1312.7728271484375 1314.4144287109375 1316.3328857421875 1318.494873046875 1320.902099609375 1323.5882568359375 1326.44189453125 1329.4146728515625 1332.481201171875 1335.704833984375 1339.0035400390625 1342.3040771484375 1345.600830078125 1348.9024658203125 1352.2628173828125 1355.749267578125 1359.3419189453125 1363.10791015625 1366.9443359375 1370.8651123046875 1374.878173828125 1378.9498291015625 1383.15185546875 1387.5535888671875 1392.1707763671875 1396.5902099609375 1400.11865234375 1401.3238525390625 1401.264404296875 1400.602783203125 1399.5665283203125 1398.2772216796875 1396.7623291015625 1395.02685546875 1393.0054931640625
1303.4722900390625 1310.3438720703125 1313.204345703125 1312.960205078125 1312.338134765625 1311.7911376953125 1311.3292236328125 1310.944580078125 1310.7237548828125 1310.8084716796875 1311.1875 1311.7603759765625 1312.5023193359375 1313.4481201171875 1314.646240234375 1316.0675048828125 1317.6866455078125 1319.551513671875 1321.6436767578125 1323.9364013671875 1326.379150390625 1328.956787109375 1331.71435546875 1334.5758056640625 1337.4627685546875 1340.36572265625 1343.3316650390625 1346.3668212890625 1349.39599609375 1352.35986328125 1355.3489990234375 1358.75244140625 1362.37939453125 1366.0494384765625 1369.6846923828125 1373.360595703125 1377.1612548828125 1381.162841796875 1385.3880615234375 1390.0538330078125 1395.4033203125 1399.6143798828125 1400.6658935546875 1400.0946044921875 1399.441650390625 1398.6204833984375 1397.4993896484375 1396.14208984375 1394.5889892578125 1392.826904296875
1299.164794921875 1305.9091796875 1309.0013427734375 1310.2047119140625 1310.477294921875 1310.5107421875 1310.6058349609375 1310.9344482421875 1311.4930419921875 1312.152099609375 1312.921630859375 1313.8560791015625 1315.0260009765625 1316.3262939453125 1317.7108154296875 1319.240478515625 1320.93896484375 1322.82666015625 1324.838623046875 1327.0068359375 1329.3114013671875 1331.722412109375 1334.15087890625 1336.6651611328125 1339.2686767578125 1341.95361328125 1344.63525390625 1347.270751953125 1349.92333984375 1352.6495361328125 1355.4063720703125 1358.526611328125 1361.79638671875 1365.11376953125 1368.4747314453125 1371.8564453125 1375.2249755859375 1378.570068359375 1382.111328125 1386.329345703125 1391.3111572265625 1395.4981689453125 1397.529296875 1397.6063232421875 1397.3695068359375 1396.908935546875 1396.22265625 1395.2559814453125 1393.955078125 1392.3974609375
1292.4716796875 1298.4722900390625 1302.5230712890625 1304.87744140625 1306.392333984375 1307.7095947265625 1308.9281005859375 1310.0177001953125 1311.2154541015625 1312.532470703125 1314.0867919921875 1315.6617431640625 1317.2186279296875 1318.836669921875 1320.5184326171875 1322.3319091796875 1324.1785888671875 1326.0992431640625 1328.1063232421875 1330.1893310546875 1332.306396484375 1334.4908447265625 1336.7501220703125 1339.0234375 1341.3218994140625 1343.6036376953125 1345.969970703125 1348.36962890625 1350.791015625 1353.229736328125 1355.7574462890625 1358.5318603515625 1361.480224609375 1364.4698486328125 1367.3851318359375 1370.22509765625 1373.0838623046875 -99999 -99999 -99999 -99999 1389.3524169921875 1392.27490234375 1393.8841552734375 1394.748291015625 1394.92724609375 1394.611083984375 1393.9686279296875 1393.032958984375 1391.8499755859375
1284.1602783203125 1290.0635986328125 1294.817138671875 1298.5732421875 1301.3023681640625 1303.6556396484375 1305.8424072265625 1307.9786376953125 1310.3280029296875 1312.493408203125 1314.66796875 1316.83935546875 1319.0120849609375 1321.19384765625 1323.24658203125 1325.287841796875 1327.324462890625 1329.364013671875 1331.3839111328125 1333.3944091796875 1335.416748046875 1337.4267578125 1339.4271240234375 1341.4134521484375 1343.439697265625 1345.4847412109375 1347.5504150390625 1349.60595703125 1351.7398681640625 1353.9755859375 1356.3128662109375 1358.77294921875 1361.27978515625 1363.873291015625 1366.4349365234375 1368.9266357421875 1371.318359375 -99999 -99999 -99999 -99999 -99999 1387.976806640625 1390.3223876953125 1391.782958984375 1392.577392578125 1392.8529052734375 1392.6658935546875 1392.0316162109375 1391.0960693359375
1275.1368408203125 1281.1842041015625 1286.45263671875 1291.0369873046875 1295.060302734375 1298.71142578125 1302.124755859375 1305.3927001953125 1308.5963134765625 1311.737548828125 1314.8463134765625 1317.774169921875 1320.56640625 1323.2279052734375 1325.7611083984375 1328.1859130859375 1330.4437255859375 1332.605224609375 1334.67822265625 1336.66845703125 1338.5721435546875 1340.41162109375 1342.2119140625 1343.979736328125 1345.7275390625 1347.453369140625 1349.221923828125 1351.0291748046875 1352.8948974609375 1354.8414306640625 1356.8973388671875 1359.0648193359375 1361.2923583984375 1363.543701171875 1365.7708740234375 1367.8636474609375 1369.83837890625 -99999 -99999 -99999 -99999 -99999 -99999 1387.30712890625 1389.298583984375 1390.4296875 1391.0450439453125 1391.2120361328125 1390.9871826171875 1390.400634765625
1265.28271484375 1271.66552734375 1277.6871337890625 1283.1644287109375 1288.2535400390625 1293.0836181640625 1297.7132568359375 1302.1890869140625 1306.4425048828125 1310.596923828125 1314.5772705078125 1318.3590087890625 1321.9188232421875 1325.145751953125 1328.1600341796875 1330.947509765625 1333.5147705078125 1335.87109375 1338.007568359375 1339.9627685546875 1341.78759765625 1343.494140625 1345.1085205078125 1346.638427734375 1348.121337890625 1349.588134765625 1351.060546875 1352.5816650390625 1354.1663818359375 1355.847900390625 1357.627685546875 1359.4957275390625 1361.44677734375 1363.408203125 1365.336669921875 1367.1988525390625 1368.9713134765625 1370.6357421875 -99999 -99999 -99999 -99999 -99999 1385.044189453125 1387.072265625 1388.5665283203125 1389.552734375 1389.9595947265625 1389.9652099609375 1389.626220703125
1255.1136474609375 1261.8369140625 1268.4736328125 1274.941650390625 1281.2161865234375 1287.1710205078125 1292.88720703125 1298.5491943359375 1304.019287109375 1309.27490234375 1314.1395263671875 1318.72216796875 1323.021240234375 1326.9735107421875 1330.5743408203125 1333.7301025390625 1336.5478515625 1339.099853515625 1341.345458984375 1343.337890625 1345.1025390625 1346.6556396484375 1348.072265625 1349.3839111328125 1350.619873046875 1351.862060546875 1353.05322265625 1354.276611328125 1355.5594482421875 1356.94140625 1358.489501953125 1360.093994140625 1361.76171875 1363.4686279296875 1365.2034912109375 1366.9031982421875 1368.5360107421875 1370.168212890625 -99999 -99999 -99999 -99999 -99999 1383.549072265625 1385.5950927734375 1387.1107177734375 1388.1905517578125 1388.86767578125 1389.1668701171875 1389.040283203125
1244.63232421875 1251.9183349609375 1259.3544921875 1266.579345703125 1273.8482666015625 1281.08740234375 1288.17578125 1294.989013671875 1301.3582763671875 1307.6348876953125 1313.60888671875 1319.1905517578125 1324.237060546875 1328.7298583984375 1332.8477783203125 1336.48876953125 1339.6888427734375 1342.4207763671875 1344.752685546875 1346.725830078125 1348.4130859375 1349.860595703125 1351.12841796875 1352.2586669921875 1353.250244140625 1354.18603515625 1355.0999755859375 1356.0899658203125 1357.1253662109375 1358.22412109375 1359.4342041015625 1360.763427734375 1362.246826171875 1363.7576904296875 1365.2880859375 1366.84423828125 1368.422119140625 1370.0306396484375 1371.7431640625 1373.6358642578125 -99999 -99999 1380.370361328125 1382.5401611328125 1384.4468994140625 1386.042236328125 1387.2470703125 1388.0279541015625 1388.4410400390625 1388.544189453125
1234.1383056640625 1241.8267822265625 1250.0086669921875 1258.4603271484375 1266.9862060546875 1275.1568603515625 1283.181884765625 1291.22509765625 1299.005126953125 1306.3970947265625 1313.1397705078125 1319.4593505859375 1325.3636474609375 1330.6905517578125 1335.366943359375 1339.343994140625 1342.811279296875 1345.7420654296875 1348.180908203125 1350.165283203125 1351.7950439453125 1353.1319580078125 1354.2086181640625 1355.11181640625 1355.9058837890625 1356.6463623046875 1357.3258056640625 1357.99072265625 1358.704345703125 1359.5621337890625 1360.5565185546875 1361.6474609375 1362.844482421875 1364.143798828125 1365.558837890625 1367.0240478515625 1368.536376953125 1370.12939453125 1371.819580078125 1373.6651611328125 1375.67431640625 1377.7783203125 1379.8851318359375 1381.921630859375 1383.7626953125 1385.3121337890625 1386.515625 1387.4268798828125 1388.01171875 1388.24658203125
-99999 1232.1854248046875 1241.193603515625 1250.448486328125 1259.8514404296875 1269.48974609375 1278.9781494140625 1287.980712890625 1296.6348876953125 1304.9515380859375 1312.909423828125 1320.29345703125 1326.7730712890625 1332.6260986328125 1337.8167724609375 1342.3170166015625 1346.1009521484375 1349.133056640625 1351.6337890625 1353.6112060546875 1355.140625 1356.3414306640625 1357.2930908203125 1358.059326171875 1358.635498046875 1359.087890625 1359.510986328125 1359.970703125 1360.4765625 1361.0303955078125 1361.6981201171875 1362.56201171875 1363.5926513671875 1364.7406005859375 1365.984375 1367.33642578125 1368.8099365234375 1370.3790283203125 1372.0548095703125 1373.8553466796875 1375.748779296875 1377.7381591796875 1379.7327880859375 1381.638671875 1383.356201171875 1384.8770751953125 1386.112548828125 1387.073486328125 1387.7470703125 1388.1510009765625
-99999 -99999 1232.56640625 1243.1337890625 1253.7998046875 1264.3446044921875 1274.7401123046875 1284.9622802734375 1294.956298828125 1304.2532958984375 1312.9254150390625 1320.9908447265625 1328.389404296875 1334.9869384765625 1340.5760498046875 1345.3505859375 1349.378662109375 1352.6158447265625 1355.1214599609375 1356.9884033203125 1358.4415283203125 1359.5567626953125 1360.350830078125 1360.9063720703125 1361.30126953125 1361.586669921875 1361.80517578125 1361.957763671875 1362.17333984375 1362.52685546875 1363.0052490234375 1363.62841796875 1364.4024658203125 1365.38232421875 1366.5352783203125 1367.8131103515625 1369.2130126953125 1370.740966796875 1372.3968505859375 1374.1597900390625 1376.0057373046875 1377.8968505859375 1379.7647705078125 1381.569580078125 1383.2379150390625 1384.7276611328125 1385.9884033203125 1387.0128173828125 1387.75244140625 1388.253173828125
-99999 -99999 -99999 1236.4979248046875 1248.1243896484375 1259.9293212890625 1271.571533203125 1282.7384033203125 1293.50927734375 1303.7965087890625 1313.5411376953125 1322.385009765625 1330.2852783203125 1337.36279296875 1343.506591796875 1348.696044921875 1352.7938232421875 1356.03564453125 1358.545166015625 1360.41015625 1361.668701171875 1362.6103515625 1363.2904052734375 1363.736572265625 1363.9700927734375 1363.98779296875 1363.9656982421875 1363.938720703125 1363.9517822265625 1364.041015625 1364.25927734375 1364.706787109375 1365.3392333984375 1366.1571044921875 1367.158203125 1368.3564453125 1369.72900390625 1371.2303466796875 1372.8489990234375 1374.57275390625 1376.3736572265625 1378.2059326171875 1380.019775390625 1381.7734375 1383.400634765625 1384.8533935546875 1386.1099853515625 1387.1640625 1388.0107421875 1388.64453125
-99999 -99999 -99999 -99999 1243.7767333984375 1256.45556640625 1268.9813232421875 1281.21533203125 1293.03515625 1304.0972900390625 1314.4569091796875 1324.002685546875 1332.7320556640625 1340.22998046875 1346.5782470703125 1351.92431640625 1356.2884521484375 1359.703125 1362.0277099609375 1363.616455078125 1364.75048828125 1365.58349609375 1366.2044677734375 1366.4365234375 1366.44970703125 1366.31005859375 1366.0770263671875 1365.7957763671875 1365.592041015625 1365.505126953125 1365.564697265625 1365.7987060546875 1366.2403564453125 1366.9630126953125 1367.8919677734375 1369.0135498046875 1370.31201171875 1371.7874755859375 1373.41064453125 1375.1226806640625 1376.8956298828125 1378.6986083984375 1380.4788818359375 1382.1837158203125 1383.7802734375 1385.2418212890625 1386.5460205078125 1387.63525390625 1388.520263671875 1389.2177734375
-99999 -99999 -99999 -99999 1240.656982421875 1254.2364501953125 1267.6126708984375 1280.6314697265625 1293.1693115234375 1305.1107177734375 1316.271728515625 1326.2904052734375 1335.3328857421875 1343.1644287109375 1350.0142822265625 1355.6068115234375 1359.849609375 1363.106689453125 1365.4647216796875 1367.0245361328125 1367.8428955078125 1368.546875 1368.9381103515625 1369.0155029296875 1368.8270263671875 1368.443115234375 1367.9681396484375 1367.4996337890625 1367.091796875 1366.7939453125 1366.70556640625 1366.837158203125 1367.193115234375 1367.7803955078125 1368.5999755859375 1369.7052001953125 1371.0084228515625 1372.47509765625 1374.077880859375 1375.7880859375 1377.57568359375 1379.3717041015625 1381.1416015625 1382.853515625 1384.4678955078125 1385.9197998046875 1387.220703125 1388.3597412109375 1389.3282470703125 1390.09912109375
