gis/input_ras/sw_ww/Hydro Model_ 03 - Lower Aquifer_younger.asc
ncols        266
nrows        300
xllcorner    2364495.809716653544
yllcorner    243038.907031175506
cellsize     500.000000000000
NODATA_value -99999
[rows 130 to 155 of 300, columns 177 to 235 of 266]
1329.8043212890625 1329.74755859375 1329.61865234375 1329.4385986328125 1329.204833984375 1328.938232421875 1328.6640625 1328.40625 1328.1968994140625 1328.0882568359375 1328.168212890625 1328.44775390625 1328.9453125 1329.673828125 1330.6968994140625 1332.0369873046875 1333.64453125 1335.500732421875 1337.6016845703125 1339.888427734375 -99999 -99999 -99999 -99999 -99999 -99999 1354.9019775390625 1356.8516845703125 1358.784423828125 1360.6912841796875 1362.5850830078125 1364.46728515625 1366.3521728515625 1368.248046875 1370.20556640625 1372.2156982421875 1374.2479248046875 1376.2867431640625 1378.2923583984375 1380.2998046875 1382.2869873046875 1384.25634765625 1386.2132568359375 1388.1357421875 1390.0517578125 1391.931884765625 1393.762451171875 1395.529296875 1397.1846923828125 1398.7457275390625 1400.19482421875 1401.520751953125 1402.709228515625 1403.703125 1404.5323486328125 1405.20068359375 1405.7103271484375 1406.0567626953125 1406.2265625
1328.7984619140625 1328.6129150390625 1328.439208984375 1328.28466796875 1328.130126953125 1327.9481201171875 1327.7235107421875 1327.49267578125 1327.3125 1327.23095703125 1327.3074951171875 1327.60400390625 1328.1502685546875 1328.9566650390625 1329.9873046875 1331.24658203125 1332.7830810546875 1334.5914306640625 1336.545654296875 1338.6513671875 -99999 -99999 -99999 -99999 -99999 -99999 1352.7908935546875 1354.747314453125 1356.7303466796875 1358.7274169921875 1360.7232666015625 1362.69287109375 1364.7119140625 1366.8033447265625 1368.987060546875 1371.21337890625 1373.4300537109375 1375.683349609375 1377.9036865234375 1380.0855712890625 1382.2098388671875 1384.292724609375 1386.3746337890625 1388.4376220703125 1390.4779052734375 1392.466064453125 1394.396484375 1396.261962890625 1398.0369873046875 1399.70849609375 1401.2369384765625 1402.627197265625 1403.871337890625 1404.964111328125 1405.8995361328125 1406.6339111328125 1407.19580078125 1407.5985107421875 1407.8548583984375
1328.0413818359375 1327.6279296875 1327.4373779296875 1327.3626708984375 1327.279052734375 1327.168701171875 1327.0064697265625 1326.79541015625 1326.5819091796875 1326.479248046875 1326.5579833984375 1326.9072265625 1327.4822998046875 1328.2706298828125 1329.2862548828125 1330.526123046875 1331.9803466796875 1333.6358642578125 1335.513916015625 1337.518798828125 1339.5743408203125 -99999 -99999 -99999 -99999 -99999 1350.7742919921875 1352.7611083984375 1354.8050537109375 1356.8759765625 1359.000732421875 1361.14013671875 1363.291015625 1365.5372314453125 1367.9256591796875 1370.447998046875 1372.9454345703125 1375.38916015625 1377.74462890625 1380.056396484375 1382.3228759765625 1384.542724609375 1386.7266845703125 1388.8751220703125 1391.01025390625 1393.1197509765625 1395.1751708984375 1397.1378173828125 1398.9874267578125 1400.7247314453125 1402.33154296875 1403.8013916015625 1405.1051025390625 1406.2440185546875 1407.208251953125 1408.00390625 1408.635009765625 1409.078369140625 1409.3651123046875
1327.192138671875 1326.7315673828125 1326.5753173828125 1326.634521484375 1326.7135009765625 1326.703369140625 1326.5633544921875 1326.3524169921875 1326.0987548828125 1325.8837890625 1325.944580078125 1326.327392578125 1326.93310546875 1327.7257080078125 1328.6728515625 1329.8057861328125 1331.1746826171875 1332.7396240234375 1334.4921875 1336.4010009765625 1338.4114990234375 -99999 -99999 -99999 -99999 -99999 1348.8291015625 1350.83642578125 1352.986572265625 1355.226806640625 1357.49560546875 1359.7725830078125 1362.0819091796875 1364.5625 1367.302734375 1370.02490234375 1372.698974609375 1375.3206787109375 1377.864013671875 1380.310302734375 1382.6502685546875 1384.9393310546875 1387.2059326171875 1389.4688720703125 1391.7161865234375 1393.9085693359375 1396.0458984375 1398.108642578125 1400.06103515625 1401.8714599609375 1403.521484375 1405.0294189453125 1406.3680419921875 1407.546630859375 1408.544189453125 1409.359619140625 1410.0067138671875 1410.4619140625 1410.7548828125
1326.4312744140625 1325.7745361328125 1326.018310546875 1326.283203125 1326.470947265625 1326.5418701171875 1326.4617919921875 1326.2330322265625 1325.8890380859375 1325.5614013671875 1325.468994140625 1325.9996337890625 1326.5899658203125 1327.319091796875 1328.183837890625 1329.20166015625 1330.385986328125 1331.7745361328125 1333.427001953125 1335.2691650390625 1337.242919921875 -99999 -99999 -99999 -99999 -99999 1346.917724609375 1349.025146484375 1351.2822265625 1353.6492919921875 1356.12939453125 1358.721435546875 1361.34130859375 1364.04443359375 1366.9608154296875 1369.9259033203125 1372.8388671875 1375.5987548828125 1378.234619140625 1380.760498046875 1383.177978515625 1385.5250244140625 1387.8463134765625 1390.1695556640625 1392.492919921875 1394.8199462890625 1397.0875244140625 1399.220458984375 1401.2330322265625 1403.1083984375 1404.8128662109375 1406.34375 1407.6893310546875 1408.873779296875 1409.8858642578125 1410.6993408203125 1411.3270263671875 1411.76806640625 1412.0430908203125
1325.2457275390625 1325.2203369140625 1325.8502197265625 1326.36328125 1326.68359375 1326.79052734375 1326.7181396484375 1326.50146484375 1326.1639404296875 1325.788330078125 1325.7171630859375 1326.081787109375 1326.56884765625 1327.1405029296875 1327.7889404296875 1328.6334228515625 1329.654541015625 1330.8624267578125 1332.26806640625 1333.8883056640625 1335.800048828125 -99999 -99999 -99999 -99999 -99999 -99999 1347.223388671875 1349.640380859375 1352.26220703125 1354.9959716796875 1357.830078125 1360.75830078125 1363.8673095703125 1367.039306640625 1370.1767578125 1373.2308349609375 1376.159912109375 1378.917236328125 1381.4697265625 1383.8922119140625 1386.2474365234375 1388.5849609375 1390.9847412109375 1393.4237060546875 1395.8438720703125 1398.205810546875 1400.467529296875 1402.5721435546875 1404.4625244140625 1406.1817626953125 1407.72802734375 1409.0892333984375 1410.2496337890625 1411.21533203125 1412.004638671875 1412.61572265625 1413.02783203125 1413.233642578125
1326.3314208984375 1326.0865478515625 1326.58544921875 1327.03076171875 1327.3165283203125 1327.435791015625 1327.389892578125 1327.1749267578125 1326.8746337890625 1326.5968017578125 1326.472900390625 1326.559814453125 1326.807861328125 1327.172607421875 1327.636474609375 1328.2181396484375 1328.9271240234375 1329.8599853515625 1331.0147705078125 1332.3642578125 1333.8729248046875 -99999 -99999 -99999 -99999 -99999 -99999 -99999 1348.116943359375 1350.918701171875 1353.904052734375 1357.1236572265625 1360.4420166015625 1363.8447265625 1367.287353515625 1370.7076416015625 1373.9986572265625 1377.0286865234375 1379.8333740234375 1382.42138671875 1384.81494140625 1387.099853515625 1389.4482421875 1391.892333984375 1394.42578125 1397.0130615234375 1399.5133056640625 1401.8458251953125 1403.9998779296875 1405.958984375 1407.69970703125 1409.1983642578125 1410.5074462890625 1411.6365966796875 1412.5877685546875 1413.3310546875 1413.8509521484375 1414.18505859375 1414.3353271484375
1328.0247802734375 1327.888671875 1328.010986328125 1328.2457275390625 1328.4234619140625 1328.45263671875 1328.3594970703125 1328.1640625 1327.89794921875 1327.6163330078125 1327.4249267578125 1327.335205078125 1327.341064453125 1327.4317626953125 1327.611572265625 1327.9088134765625 1328.3363037109375 1328.91796875 1329.6744384765625 1330.65771484375 1331.7994384765625 -99999 -99999 -99999 -99999 -99999 -99999 -99999 -99999 1349.6636962890625 1352.9766845703125 1356.4864501953125 1360.159423828125 1363.9583740234375 1367.7763671875 1371.4818115234375 1374.9910888671875 1378.2340087890625 1381.1226806640625 1383.617919921875 1385.9034423828125 1388.1055908203125 1390.359375 1392.86279296875 1395.5848388671875 1398.31787109375 1400.961669921875 1403.435546875 1405.6397705078125 1407.56787109375 1409.2681884765625 1410.7532958984375 1412.0364990234375 1413.0830078125 1413.931884765625 1414.5948486328125 1415.0677490234375 1415.347412109375 1415.3740234375
1329.89013671875 1329.7960205078125 1329.7926025390625 1329.813232421875 1329.81787109375 1329.771728515625 1329.6478271484375 1329.423828125 1329.1417236328125 1328.83984375 1328.54248046875 1328.283447265625 1328.0933837890625 1327.927978515625 1327.80419921875 1327.7386474609375 1327.8021240234375 1328.025390625 1328.4107666015625 1328.9891357421875 1329.7703857421875 -99999 -99999 -99999 -99999 -99999 -99999 -99999 -99999 -99999 -99999 -99999 1359.958984375 1364.195556640625 1368.4525146484375 1372.611083984375 1376.3931884765625 1379.7720947265625 1382.694091796875 -99999 -99999 -99999 -99999 1393.9791259765625 1396.93408203125 1399.9227294921875 1402.7005615234375 1405.207275390625 1407.4312744140625 1409.37353515625 1411.039794921875 1412.41259765625 1413.57177734375 1414.538818359375 1415.3223876953125 1415.9180908203125 1416.258544921875 1416.3974609375 1416.3330078125
1331.9189453125 1331.7886962890625 1331.6024169921875 1331.4630126953125 1331.372802734375 1331.24755859375 1331.06689453125 1330.83056640625 1330.5357666015625 1330.1943359375 1329.822998046875 1329.4288330078125 1329.012451171875 1328.578125 1328.2047119140625 1327.7933349609375 1327.4388427734375 1327.1949462890625 1327.1474609375 1327.410888671875 1327.89453125 -99999 -99999 -99999 -99999 -99999 -99999 -99999 -99999 -99999 -99999 -99999 -99999 -99999 -99999 -99999 -99999 -99999 -99999 -99999 -99999 -99999 -99999 -99999 -99999 1401.8328857421875 1404.724609375 1407.287109375 1409.489501953125 1411.303466796875 1412.833984375 1414.119384765625 1415.1904296875 1416.0572509765625 1416.693603515625 1417.1485595703125 1417.4105224609375 1417.4622802734375 1417.2791748046875
1333.7913818359375 1333.542236328125 1333.262451171875 1333.0714111328125 1332.913330078125 1332.7593994140625 1332.5728759765625 1332.3310546875 1332.0240478515625 1331.652587890625 1331.2142333984375 1330.717041015625 1330.1693115234375 1329.4912109375 1328.7332763671875 1327.926025390625 1327.2294921875 1326.6199951171875 1326.120849609375 1325.889404296875 -99999 -99999 -99999 -99999 -99999 -99999 -99999 -99999 -99999 -99999 -99999 -99999 -99999 -99999 -99999 -99999 -99999 -99999 -99999 -99999 -99999 -99999 -99999 -99999 -99999 -99999 1407.1070556640625 1409.5543212890625 1411.6290283203125 1413.3529052734375 1414.765625 1415.9112548828125 1416.79833984375 1417.5067138671875 1418.0450439453125 1418.40625 1418.548095703125 1418.4410400390625 1418.1070556640625
1334.7706298828125 1334.7877197265625 1334.6546630859375 1334.50244140625 1334.364990234375 1334.2288818359375 1334.0699462890625 1333.8583984375 1333.56787109375 1333.192626953125 1332.736572265625 1332.154052734375 1331.417724609375 1330.529541015625 1329.534423828125 1328.427001953125 1327.2186279296875 1326.0535888671875 1325.1644287109375 1324.593017578125 -99999 -99999 -99999 -99999 -99999 -99999 -99999 -99999 -99999 -99999 -99999 -99999 -99999 -99999 -99999 -99999 -99999 -99999 -99999 -99999 -99999 -99999 -99999 -99999 -99999 -99999 1409.6932373046875 1412.03125 1413.9752197265625 1415.5128173828125 1416.6898193359375 1417.6343994140625 1418.3935546875 1418.981201171875 1419.3734130859375 1419.5716552734375 1419.5863037109375 1419.3795166015625 1418.9390869140625
1335.4713134765625 1335.6962890625 1335.719970703125 1335.7069091796875 1335.681640625 1335.626708984375 1335.5133056640625 1335.34423828125 1335.1029052734375 1334.7755126953125 1334.3148193359375 1333.689208984375 1332.8818359375 1331.8272705078125 1330.4783935546875 1328.9749755859375 1327.4383544921875 1325.9278564453125 1324.496337890625 1323.3291015625 -99999 -99999 -99999 -99999 -99999 -99999 -99999 -99999 -99999 -99999 -99999 -99999 -99999 -99999 -99999 -99999 -99999 -99999 -99999 -99999 -99999 -99999 -99999 -99999 -99999 -99999 -99999 1414.667724609375 1416.31982421875 1417.6005859375 1418.605712890625 1419.3878173828125 1419.9444580078125 1420.33349609375 1420.58642578125 1420.680419921875 1420.595947265625 1420.2564697265625 1419.6517333984375
1336.1038818359375 1336.45263671875 1336.668701171875 1336.775390625 1336.8388671875 1336.8692626953125 1336.8614501953125 1336.793701171875 1336.609130859375 1336.326171875 1335.9195556640625 1335.326416015625 1334.45654296875 1333.2076416015625 1331.6646728515625 1329.885498046875 1327.900146484375 1325.89501953125 1324.0572509765625 1322.5072021484375 -99999 -99999 -99999 -99999 -99999 -99999 -99999 -99999 -99999 -99999 -99999 -99999 -99999 -99999 -99999 -99999 -99999 -99999 -99999 -99999 -99999 -99999 -99999 -99999 -99999 -99999 -99999 1417.21728515625 1418.6568603515625 1419.7000732421875 1420.415283203125 1420.955810546875 1421.3555908203125 1421.6173095703125 1421.7447509765625 1421.6759033203125 1421.446044921875 1421.014404296875 1420.318603515625
1336.7354736328125 1337.1251220703125 1337.4188232421875 1337.646728515625 1337.8447265625 1337.98583984375 1338.069580078125 1338.0865478515625 1338.018310546875 1337.8406982421875 1337.474609375 1336.912841796875 1336.0927734375 1334.8670654296875 1332.9783935546875 1330.8623046875 1328.6285400390625 1326.3468017578125 1324.087646484375 1321.8990478515625 -99999 -99999 -99999 -99999 -99999 -99999 -99999 -99999 -99999 -99999 -99999 -99999 -99999 -99999 -99999 -99999 -99999 -99999 -99999 -99999 -99999 -99999 -99999 -99999 -99999 -99999 -99999 -99999 1420.76220703125 1421.481689453125 1422.0196533203125 1422.40771484375 1422.656982421875 1422.7364501953125 1422.695556640625 1422.5152587890625 1422.18505859375 1421.678466796875 1420.921142578125
1337.3046875 1337.7059326171875 1338.05322265625 1338.3680419921875 1338.6566162109375 1338.9134521484375 1339.1282958984375 1339.26025390625 1339.2742919921875 1339.1552734375 1338.882080078125 1338.4346923828125 1337.7396240234375 1336.29443359375 1334.2911376953125 1332.0267333984375 1329.614013671875 1327.127197265625 1324.6697998046875 1322.3153076171875 1320.3857421875 -99999 -99999 -99999 -99999 -99999 -99999 -99999 -99999 -99999 -99999 -99999 -99999 -99999 -99999 -99999 -99999 -99999 -99999 -99999 -99999 -99999 -99999 -99999 -99999 -99999 -99999 -99999 1422.415771484375 1422.9849853515625 1423.3863525390625 1423.61279296875 1423.7119140625 1423.6842041015625 1423.5263671875 1423.2108154296875 1422.7073974609375 1422.0264892578125 1421.069580078125
1337.6685791015625 1338.10009765625 1338.50439453125 1338.900390625 1339.2816162109375 1339.6473388671875 1339.9697265625 1340.2169189453125 1340.355712890625 1340.321044921875 1340.0625 1339.5628662109375 1338.7218017578125 1337.4368896484375 1335.47607421875 1333.192626953125 1330.79443359375 1328.3363037109375 1325.9122314453125 1323.6910400390625 1322.19775390625 -99999 -99999 -99999 -99999 -99999 -99999 -99999 -99999 -99999 -99999 -99999 -99999 -99999 -99999 -99999 -99999 -99999 -99999 -99999 -99999 -99999 -99999 -99999 -99999 -99999 -99999 -99999 1423.4730224609375 1424.0321044921875 1424.381591796875 1424.5601806640625 1424.588623046875 1424.4510498046875 1424.141845703125 1423.673095703125 1423.0303955078125 1422.1949462890625 1421.038818359375
1337.8656005859375 1338.330322265625 1338.771728515625 1339.2261962890625 1339.7005615234375 1340.181640625 1340.6295166015625 1340.9803466796875 1341.205078125 1341.243408203125 1341.053466796875 1340.5675048828125 1339.67236328125 1338.2646484375 1336.5264892578125 1334.423095703125 1332.1134033203125 1329.759521484375 1327.5565185546875 1325.6748046875 1324.3126220703125 1323.908203125 -99999 -99999 -99999 -99999 -99999 -99999 -99999 -99999 -99999 -99999 -99999 -99999 -99999 -99999 -99999 -99999 -99999 -99999 -99999 -99999 -99999 -99999 -99999 -99999 -99999 -99999 -99999 1424.7747802734375 1425.1324462890625 1425.2664794921875 1425.212890625 1424.9886474609375 1424.59423828125 1424.0223388671875 1423.2127685546875 1422.1600341796875 1420.8504638671875
1337.91650390625 1338.376708984375 1338.8251953125 1339.3258056640625 1339.87255859375 1340.454833984375 1341.04052734375 1341.5487060546875 1341.9107666015625 1342.0245361328125 1341.8741455078125 1341.3818359375 1340.52294921875 1339.2554931640625 1337.5469970703125 1335.5860595703125 1333.4688720703125 1331.3406982421875 1329.3162841796875 1327.593994140625 1326.5228271484375 1326.165283203125 1326.5340576171875 -99999 -99999 -99999 -99999 -99999 -99999 -99999 -99999 -99999 -99999 -99999 -99999 -99999 -99999 -99999 -99999 -99999 -99999 -99999 -99999 -99999 -99999 -99999 -99999 -99999 -99999 1425.220458984375 1425.5987548828125 1425.740966796875 1425.66015625 1425.384033203125 1424.876953125 1424.1634521484375 1423.23974609375 1422.0823974609375 1420.6651611328125
1337.7584228515625 1338.154296875 1338.56494140625 1339.079345703125 1339.7548828125 1340.5142822265625 1341.2354736328125 1341.87255859375 1342.3699951171875 1342.6346435546875 1342.600341796875 1342.1522216796875 1341.3343505859375 1340.1021728515625 1338.549072265625 1336.7462158203125 1334.7799072265625 1332.7979736328125 1331.0345458984375 1329.5809326171875 1328.5670166015625 1328.1964111328125 1328.5091552734375 1329.5208740234375 1331.1055908203125 -99999 -99999 -99999 -99999 -99999 -99999 -99999 -99999 -99999 -99999 -99999 -99999 -99999 -99999 -99999 -99999 -99999 -99999 -99999 -99999 -99999 -99999 -99999 -99999 1425.4930419921875 1425.88134765625 1426.0252685546875 1425.9027099609375 1425.5611572265625 1424.995849609375 1424.2091064453125 1423.195068359375 1421.8929443359375 1420.345947265625
1337.1551513671875 1337.4471435546875 1337.814697265625 1338.4481201171875 1339.2550048828125 1340.165771484375 1341.1365966796875 1342.0335693359375 1342.6934814453125 1343.079833984375 1343.1566162109375 1342.8182373046875 1342.071044921875 1340.8919677734375 1339.4154052734375 1337.7188720703125 1335.9498291015625 1334.2135009765625 1332.6148681640625 1331.306396484375 1330.4224853515625 1330.103515625 1330.33935546875 1331.2451171875 1332.7255859375 -99999 -99999 -99999 -99999 -99999 -99999 -99999 -99999 -99999 -99999 -99999 -99999 -99999 -99999 -99999 -99999 -99999 -99999 -99999 -99999 -99999 -99999 -99999 -99999 -99999 1425.9776611328125 1426.111572265625 1425.9681396484375 1425.597900390625 1424.9888916015625 1424.114013671875 1422.9981689453125 1421.6279296875 1420.0147705078125
1335.634521484375 1335.9727783203125 1336.449951171875 1337.1815185546875 1338.3226318359375 1339.555419921875 1340.749755859375 1341.85009765625 1342.7796630859375 1343.430908203125 1343.615234375 1343.3323974609375 1342.6300048828125 1341.5291748046875 1340.119384765625 1338.5283203125 1336.8868408203125 1335.2977294921875 1333.8900146484375 1332.796142578125 1332.08056640625 1331.8111572265625 1332.035400390625 1332.8187255859375 1334.17333984375 1336.1575927734375 -99999 -99999 -99999 -99999 -99999 -99999 -99999 -99999 -99999 -99999 -99999 -99999 -99999 -99999 -99999 -99999 -99999 -99999 -99999 -99999 -99999 -99999 -99999 -99999 1425.8834228515625 1426.0277099609375 1425.8968505859375 1425.48974609375 1424.8087158203125 1423.892333984375 1422.73828125 1421.311767578125 1419.618408203125
1333.158447265625 1333.4869384765625 1334.3148193359375 1335.5111083984375 1336.9163818359375 1338.4520263671875 1340.012939453125 1341.4691162109375 1342.6409912109375 1343.482177734375 1343.9022216796875 1343.783447265625 1343.0291748046875 1341.8824462890625 1340.5032958984375 1338.995361328125 1337.486572265625 1336.0814208984375 1334.8994140625 1333.9693603515625 1333.35693359375 1333.1749267578125 1333.4857177734375 1334.2882080078125 1335.586669921875 1337.4482421875 1339.7855224609375 -99999 -99999 -99999 -99999 -99999 -99999 -99999 -99999 -99999 -99999 -99999 -99999 -99999 -99999 -99999 -99999 -99999 -99999 -99999 -99999 -99999 -99999 -99999 -99999 1425.792724609375 1425.6285400390625 1425.2109375 1424.5452880859375 1423.5985107421875 1422.3623046875 1420.883056640625 1419.1676025390625
1330.0927734375 1330.560546875 1331.5994873046875 1333.125732421875 1335.0078125 1337.014404296875 1338.873046875 1340.629150390625 1342.1732177734375 1343.424560546875 1343.99072265625 1343.8585205078125 1343.12060546875 1341.928466796875 1340.500732421875 1339.05712890625 1337.697021484375 1336.4598388671875 1335.4334716796875 1334.7276611328125 1334.3587646484375 1334.328125 1334.6656494140625 1335.404296875 1336.7147216796875 1338.6055908203125 1340.9222412109375 1343.7227783203125 -99999 -99999 -99999 -99999 -99999 -99999 -99999 -99999 -99999 -99999 -99999 -99999 -99999 -99999 -99999 -99999 -99999 -99999 -99999 -99999 -99999 -99999 -99999 1425.409912109375 1425.2900390625 1424.8414306640625 1424.11474609375 1423.139404296875 1421.919921875 1420.46044921875 1418.6954345703125
1326.490234375 1326.7772216796875 1328.1845703125 1330.29931640625 1332.6993408203125 1335.1314697265625 1337.3309326171875 1339.30078125 1341.1549072265625 1342.765625 1343.837890625 1343.848388671875 1342.7432861328125 1341.3446044921875 1339.905029296875 1338.5311279296875 1337.28271484375 1336.2608642578125 1335.5509033203125 1335.071533203125 1334.8824462890625 1334.9913330078125 1335.5006103515625 1336.3624267578125 1337.71435546875 1339.4544677734375 1341.745361328125 1344.5772705078125 1347.80615234375 -99999 -99999 -99999 -99999 -99999 -99999 -99999 -99999 -99999 -99999 -99999 -99999 -99999 -99999 -99999 -99999 -99999 -99999 -99999 -99999 -99999 -99999 -99999 1424.74072265625 1424.313232421875 1423.626953125 1422.66259765625 1421.396728515625 1419.89599609375 1418.166259765625
1322.2958984375 1322.6790771484375 1324.4407958984375 1326.994384765625 1329.9259033203125 1332.814697265625 1335.135986328125 1337.222900390625 1339.2841796875 1341.388671875 1343.034912109375 1342.8387451171875 1341.476806640625 1339.9315185546875 1338.4881591796875 1337.3280029296875 1336.3118896484375 1335.5819091796875 1335.0633544921875 1334.8203125 1334.96826171875 1335.3607177734375 1335.9735107421875 1336.91650390625 1338.2969970703125 1340.1893310546875 1342.5128173828125 1345.255126953125 1348.4266357421875 -99999 -99999 -99999 -99999 -99999 -99999 -99999 -99999 -99999 -99999 -99999 -99999 -99999 -99999 -99999 -99999 -99999 -99999 -99999 -99999 -99999 -99999 -99999 -99999 -99999 1423.0010986328125 1422.0311279296875 1420.8206787109375 1419.359375 1417.6290283203125
