gis/input_ras/sw_ww/Hydro Model_ 08 - Top Clay_younger.asc
ncols        266
nrows        300
xllcorner    2364495.809716653544
yllcorner    243038.907031175506
cellsize     500.000000000000
NODATA_value -99999
[rows 105 to 125 of 300, columns 144 to 191 of 266]
1517.4964599609375 1515.4031982421875 1520.3988037109375 1517.1488037109375 1521.2183837890625 1527.7724609375 1529.1209716796875 1528.7830810546875 -99999 -99999 -99999 1526.9716796875 1529.64208984375 1532.323974609375 1543.6041259765625 1535.3873291015625 1532.4951171875 1530.5567626953125 1532.346923828125 1524.9339599609375 1518.77685546875 1521.875244140625 1518.9549560546875 1523.453857421875 1509.23779296875 1508.9664306640625 1503.5416259765625 1500.550048828125 1504.3740234375 1511.0926513671875 1507.752197265625 1502.0311279296875 1515.9093017578125 1512.6973876953125 1515.2508544921875 1513.0723876953125 1495.01416015625 1499.1134033203125 1502.4281005859375 1500.9967041015625 1515.996826171875 1524.779052734375 1554.4185791015625 1582.6009521484375 1594.5653076171875 1623.943359375 1593.1529541015625 1590.96728515625
1524.6771240234375 1514.1444091796875 1523.428955078125 1521.5382080078125 1520.3338623046875 1523.03076171875 -99999 -99999 -99999 -99999 -99999 1522.71728515625 1524.3983154296875 1524.9241943359375 1529.937744140625 1530.671630859375 1538.9447021484375 1543.95068359375 1525.88916015625 1523.0533447265625 1520.463623046875 1520.7354736328125 1516.892333984375 1518.162841796875 1508.380126953125 1502.025146484375 1502.02490234375 1508.4390869140625 1505.4847412109375 1515.2254638671875 1513.41162109375 1502.6435546875 1498.707763671875 1515.747314453125 1521.962890625 1514.5224609375 1503.389404296875 1503.9818115234375 1502.8966064453125 1504.6231689453125 1510.82275390625 1529.7891845703125 1591.9908447265625 1605.3514404296875 1606.5806884765625 1621.2916259765625 1579.15283203125 1546.31591796875
1514.79345703125 1518.3572998046875 1521.3328857421875 1523.4720458984375 1517.8779296875 1517.8170166015625 -99999 -99999 -99999 -99999 -99999 1519.7763671875 1519.428466796875 1520.6182861328125 1526.074462890625 1529.1376953125 1532.582275390625 1536.1922607421875 1529.56640625 1523.2552490234375 1524.9365234375 1521.564697265625 1512.721923828125 1516.2647705078125 1511.998291015625 1506.048095703125 1506.3956298828125 1509.5587158203125 1515.02978515625 1521.9503173828125 1517.2506103515625 1516.431396484375 1510.97705078125 1504.3343505859375 1510.945068359375 1502.5465087890625 1504.7762451171875 1501.1785888671875 1501.6925048828125 1507.8582763671875 1513.325927734375 1529.3575439453125 1561.3515625 1599.413818359375 1599.9720458984375 1556.264892578125 1545.8580322265625 1517.188232421875
1529.2781982421875 1519.582763671875 1519.209228515625 1517.140625 1516.03759765625 1513.8800048828125 -99999 -99999 -99999 -99999 -99999 1517.1937255859375 1514.498779296875 1516.4466552734375 1520.909423828125 1527.73876953125 1532.4163818359375 1530.5599365234375 1534.907958984375 1528.990234375 1528.592529296875 1523.807373046875 1516.5819091796875 1511.865234375 1509.2740478515625 1508.14892578125 1507.92626953125 1510.0657958984375 1521.2503662109375 1526.3192138671875 1525.9786376953125 1532.3057861328125 1526.0150146484375 1518.904296875 1522.8095703125 1519.9205322265625 1503.793701171875 1512.2100830078125 1511.5400390625 1518.8914794921875 1519.4986572265625 1528.60791015625 1554.9974365234375 1574.4959716796875 1557.506103515625 1542.991455078125 1533.9727783203125 1502.70849609375
1527.1322021484375 1524.1829833984375 1518.2681884765625 1518.68017578125 1510.8804931640625 1510.2314453125 -99999 -99999 -99999 -99999 -99999 1513.0570068359375 1510.1387939453125 1512.66064453125 1514.163818359375 1519.531005859375 1529.236083984375 1524.941650390625 1525.7052001953125 1526.79833984375 1524.3763427734375 1527.7227783203125 1522.55419921875 1510.2857666015625 1510.5279541015625 1513.543701171875 1514.820556640625 1520.361083984375 1532.1055908203125 1533.728271484375 1534.613037109375 1529.34423828125 1541.755126953125 1536.965576171875 1536.078125 1522.6771240234375 1522.282958984375 1521.3631591796875 1520.0865478515625 1524.833984375 1530.4769287109375 1529.66064453125 1530.47802734375 1542.10986328125 1535.0194091796875 1521.606201171875 1510.1324462890625 1503.2003173828125
1524.682861328125 1520.1968994140625 1516.52197265625 1513.5615234375 1507.458740234375 1507.6497802734375 -99999 -99999 -99999 -99999 -99999 1509.0286865234375 1506.0279541015625 1508.169921875 1508.5155029296875 1513.055419921875 1524.8553466796875 1529.1531982421875 1527.69140625 1526.29541015625 1539.6090087890625 1538.311767578125 1533.800048828125 1519.3172607421875 1515.01708984375 1521.4989013671875 1522.4658203125 1538.1475830078125 1544.04052734375 1545.7191162109375 1532.094970703125 1529.0565185546875 1524.5018310546875 1531.576416015625 1530.8658447265625 1522.0758056640625 1518.3074951171875 1521.0450439453125 1520.0194091796875 1518.224853515625 1526.908935546875 1529.41796875 1531.4788818359375 1529.1153564453125 1517.7269287109375 1507.437744140625 1498.79638671875 1485.4403076171875
1527.397216796875 1522.22412109375 1510.2362060546875 1505.8660888671875 1503.300537109375 1502.64453125 -99999 -99999 -99999 -99999 -99999 -99999 -99999 -99999 1504.623291015625 1509.1004638671875 1518.990966796875 1522.8455810546875 1532.5335693359375 1535.005615234375 1527.568115234375 1531.0999755859375 1529.947998046875 1514.2822265625 1513.884765625 1518.17822265625 1523.2733154296875 1531.743408203125 1532.37744140625 1528.340576171875 1524.206298828125 1519.95703125 1519.308837890625 1527.5755615234375 1525.6357421875 1515.999267578125 1513.7667236328125 1516.0252685546875 1518.9180908203125 1519.7269287109375 1526.4752197265625 1532.9910888671875 1527.57666015625 1522.7442626953125 1505.60400390625 1487.7176513671875 1476.274169921875 1481.11474609375
1520.4404296875 1518.35888671875 1504.2767333984375 1501.8525390625 1500.2886962890625 1499.0914306640625 1500.7572021484375 1500.1300048828125 -99999 -99999 -99999 -99999 -99999 -99999 1500.765869140625 1504.784912109375 1512.0172119140625 1514.440673828125 1522.552001953125 1530.302734375 1528.99853515625 1530.0897216796875 1528.9266357421875 1516.663330078125 1509.1734619140625 1517.9140625 1518.6922607421875 1523.8839111328125 1525.844482421875 1525.639892578125 1525.22705078125 1523.4912109375 1524.6552734375 1525.18310546875 1523.2667236328125 1518.4195556640625 1515.609375 1519.4754638671875 1516.2879638671875 1522.0164794921875 1526.1097412109375 1539.443359375 1524.5765380859375 1510.607421875 1491.6256103515625 1475.1729736328125 1467.3363037109375 1473.1939697265625
1509.800048828125 1502.2515869140625 1497.3370361328125 1496.4058837890625 -99999 -99999 1496.3187255859375 1496.7938232421875 -99999 -99999 -99999 -99999 -99999 -99999 -99999 1497.92041015625 1502.1988525390625 1503.26611328125 1509.7791748046875 1515.0345458984375 1522.5074462890625 1528.7099609375 1537.2117919921875 1520.8287353515625 1509.4486083984375 1511.60302734375 1517.9212646484375 1522.228271484375 1520.4742431640625 1522.7435302734375 1515.9371337890625 1517.857666015625 1524.458740234375 1529.5408935546875 1527.1611328125 1518.359130859375 1522.782470703125 1517.1658935546875 1517.6580810546875 1526.46533203125 1527.1099853515625 1519.3472900390625 1507.2984619140625 1489.8079833984375 1474.4261474609375 1472.6370849609375 -99999 -99999
1502.3814697265625 1499.961181640625 1493.7891845703125 1493.5726318359375 -99999 -99999 1494.510009765625 1493.8427734375 -99999 -99999 -99999 -99999 -99999 -99999 -99999 -99999 1496.1817626953125 1498.662109375 1505.9599609375 1509.559326171875 1514.504638671875 1517.7977294921875 1521.9583740234375 1522.761962890625 1515.9603271484375 1508.1356201171875 1516.9302978515625 1513.790283203125 1516.8106689453125 1515.7066650390625 1517.795166015625 1519.4080810546875 1515.7056884765625 1519.1260986328125 1521.8126220703125 1524.02685546875 1520.087890625 1518.5665283203125 1520.5147705078125 1531.349609375 1528.7657470703125 1500.7880859375 1499.42236328125 1487.25244140625 1475.2576904296875 1470.227783203125 -99999 -99999
1493.702880859375 1492.955078125 -99999 -99999 -99999 -99999 1491.11767578125 -99999 -99999 1492.0283203125 1493.0230712890625 -99999 -99999 -99999 -99999 -99999 -99999 -99999 1498.1690673828125 1500.93359375 1502.3936767578125 1504.0048828125 1505.9771728515625 1508.0328369140625 1508.34814453125 1508.1676025390625 1508.2440185546875 -99999 1505.552490234375 1509.3277587890625 1510.4705810546875 1512.240234375 1514.019287109375 1513.6549072265625 1514.1976318359375 1515.787353515625 1518.9249267578125 1525.8709716796875 1530.28369140625 1530.73779296875 1518.330322265625 1493.4888916015625 1490.620849609375 1485.719970703125 1474.963623046875 -99999 -99999 -99999
1491.686767578125 1490.386962890625 -99999 -99999 -99999 -99999 1490.4117431640625 -99999 -99999 1490.169189453125 -99999 -99999 -99999 -99999 -99999 -99999 -99999 -99999 -99999 1494.50341796875 1495.92236328125 1497.444091796875 1501.051025390625 1503.9952392578125 1504.8792724609375 1505.758056640625 1505.7540283203125 1505.82275390625 -99999 1505.1162109375 1507.2108154296875 1510.711669921875 1511.67431640625 1510.0101318359375 1509.741455078125 1513.5152587890625 1515.829833984375 1517.668701171875 1519.099853515625 1522.0634765625 1518.5472412109375 1499.1649169921875 1488.2413330078125 1488.0853271484375 1483.0068359375 1463.842041015625 -99999 -99999
1491.31591796875 1489.99755859375 -99999 -99999 -99999 -99999 1485.7763671875 -99999 -99999 -99999 1486.8768310546875 -99999 -99999 -99999 -99999 -99999 -99999 -99999 -99999 -99999 -99999 1496.12744140625 1498.8192138671875 1502.626953125 1503.5775146484375 1505.674072265625 1504.6480712890625 1503.189453125 -99999 -99999 1504.8328857421875 1504.67041015625 1502.763916015625 1507.2509765625 1508.64111328125 1510.8975830078125 1512.9957275390625 1514.8873291015625 1515.797607421875 1517.6131591796875 1516.422119140625 1501.2420654296875 1495.1114501953125 1494.1240234375 1487.8602294921875 1465.7578125 -99999 -99999
1489.824462890625 1487.9503173828125 1485.7845458984375 -99999 -99999 -99999 -99999 -99999 -99999 -99999 -99999 -99999 -99999 -99999 -99999 -99999 -99999 -99999 -99999 -99999 -99999 -99999 1499.1578369140625 1501.4744873046875 1500.5343017578125 1501.2301025390625 -99999 -99999 -99999 -99999 -99999 -99999 1503.2574462890625 1504.8341064453125 1506.2308349609375 1508.1876220703125 1509.1856689453125 1510.4493408203125 1512.11572265625 1515.505615234375 1519.5662841796875 1512.1348876953125 1494.0738525390625 1478.7156982421875 1476.41748046875 -99999 -99999 -99999
1489.33447265625 1487.9661865234375 -99999 -99999 1482.6650390625 -99999 -99999 -99999 -99999 -99999 -99999 -99999 -99999 -99999 -99999 -99999 -99999 -99999 -99999 -99999 -99999 1494.25 1497.1356201171875 1497.7266845703125 1499.28271484375 1499.111328125 -99999 -99999 -99999 -99999 -99999 -99999 1501.7030029296875 1503.746826171875 1504.781494140625 1505.9017333984375 1506.6343994140625 1508.48046875 1510.505615234375 1515.7279052734375 1524.312744140625 1513.35888671875 1499.664794921875 1482.7908935546875 1474.849365234375 1461.2725830078125 -99999 -99999
1487.552001953125 1486.5679931640625 1482.6978759765625 -99999 1483.7684326171875 1480.5233154296875 -99999 -99999 -99999 -99999 -99999 -99999 -99999 -99999 -99999 -99999 -99999 -99999 -99999 -99999 1492.057861328125 1493.8680419921875 1495.39404296875 -99999 1496.93212890625 -99999 -99999 -99999 -99999 -99999 -99999 -99999 1498.7657470703125 1500.5584716796875 1501.109619140625 1500.8892822265625 1502.8433837890625 1505.4483642578125 1506.8724365234375 1516.0526123046875 1524.749267578125 1523.6190185546875 1493.81396484375 1477.961669921875 1472.7762451171875 1462.888427734375 -99999 -99999
1486.516845703125 1485.0687255859375 1481.9688720703125 1479.18310546875 1480.73828125 1479.202880859375 -99999 -99999 -99999 -99999 -99999 -99999 -99999 -99999 -99999 -99999 -99999 -99999 -99999 1488.4710693359375 1490.9000244140625 1491.9283447265625 1494.635009765625 1494.1890869140625 -99999 -99999 -99999 -99999 -99999 -99999 -99999 1497.2974853515625 1497.339599609375 1499.1151123046875 1498.0040283203125 1499.6383056640625 1500.8790283203125 1502.05859375 1503.2362060546875 1516.7684326171875 1526.05517578125 1518.52294921875 1505.1500244140625 1473.494873046875 1476.75341796875 1461.92529296875 -99999 1459.17919921875
1484.32421875 1483.7108154296875 1481.118408203125 1480.241943359375 -99999 1476.1143798828125 -99999 -99999 -99999 -99999 -99999 -99999 -99999 -99999 -99999 -99999 -99999 -99999 -99999 1486.2962646484375 1488.683349609375 1489.078857421875 1491.6781005859375 -99999 -99999 -99999 -99999 -99999 -99999 -99999 -99999 1495.3939208984375 1496.0657958984375 1498.041748046875 1494.7515869140625 1493.2122802734375 1496.380615234375 1495.3289794921875 1503.2080078125 1518.240478515625 1524.0831298828125 1517 1505.0850830078125 1489.4534912109375 1473.6766357421875 1463.809326171875 1467.5379638671875 1460.9464111328125
1482.1363525390625 1481.008056640625 1480.335693359375 1478.94287109375 -99999 -99999 -99999 -99999 -99999 -99999 -99999 -99999 -99999 -99999 -99999 -99999 -99999 -99999 -99999 1483.8563232421875 1485.7169189453125 -99999 1488.5869140625 -99999 -99999 -99999 -99999 -99999 -99999 -99999 1493.391357421875 1494.1712646484375 1494.9306640625 1491.88720703125 1492.9871826171875 1491.4071044921875 1493.2427978515625 1496.6629638671875 1506.8748779296875 1524.87451171875 1527.4537353515625 1514.6373291015625 1499.6036376953125 1486.697265625 1477.3885498046875 -99999 1465.0267333984375 1461.3675537109375
1482.685302734375 1481.7550048828125 1477.0457763671875 1477.7623291015625 -99999 -99999 -99999 -99999 -99999 -99999 -99999 -99999 -99999 -99999 -99999 -99999 -99999 1478.74755859375 1481.6951904296875 1482.75 -99999 -99999 -99999 1488.3759765625 1488.947021484375 -99999 -99999 -99999 -99999 -99999 1492.895751953125 1493.77392578125 1493.8377685546875 1490.813232421875 -99999 1488.0576171875 1492.4674072265625 1498.3116455078125 1508.61962890625 1528.145263671875 1523.5863037109375 1517.52783203125 1498.318115234375 1483.9874267578125 1477.4317626953125 -99999 1458.2659912109375 1460.9598388671875
1480.788330078125 1480.2413330078125 1475.364501953125 1474.587890625 1473.128173828125 -99999 -99999 -99999 -99999 -99999 -99999 -99999 1471.814208984375 -99999 -99999 -99999 1477.5467529296875 1479.0009765625 1480.364013671875 1481.5821533203125 1483.767333984375 1483.4803466796875 1484.85498046875 -99999 -99999 -99999 -99999 -99999 -99999 1488.4649658203125 1492.0443115234375 1492.498779296875 1492.8197021484375 1491.828369140625 -99999 -99999 1486.983642578125 1498.0244140625 1509.31494140625 1513.3416748046875 1518.119873046875 1511.924560546875 1497.2437744140625 1484.48828125 1463.3551025390625 -99999 -99999 -99999
