gis/input_ras/sw_ww/Hydro Model_ 07 - Upper Aquifer_younger.asc
ncols        266
nrows        300
xllcorner    2364495.809716653544
yllcorner    243038.907031175506
cellsize     500.000000000000
NODATA_value -99999
[rows 160 to 179 of 300, columns 135 to 179 of 266]
1470.4471435546875 1470.6456298828125 1472.6826171875 1472.1533203125 1470.7008056640625 1470.599609375 1469.564453125 1468.35107421875 1466.943115234375 1465.350830078125 1463.5850830078125 1461.6390380859375 1459.5189208984375 1457.196533203125 1454.681640625 1452.0224609375 1449.249755859375 1446.4901123046875 1443.65966796875 1440.8760986328125 1438.2388916015625 1435.837890625 1433.884521484375 1432.30859375 1431.131591796875 1430.2945556640625 1429.7279052734375 1429.3955078125 1429.2557373046875 1429.250732421875 1429.3875732421875 1429.704345703125 1430.2860107421875 1431.0179443359375 1431.850341796875 1432.66748046875 1433.3106689453125 1433.542236328125 1433.2784423828125 1432.611572265625 1431.6561279296875 1430.704833984375 1430.1136474609375 1430.1055908203125 1430.50244140625
1471.3189697265625 1470.7095947265625 1472.5777587890625 1472.0216064453125 1471.33251953125 1470.4730224609375 1469.42529296875 1468.2225341796875 1466.8673095703125 1465.362060546875 1463.693359375 1461.8643798828125 1459.913330078125 1457.85107421875 1455.689697265625 1453.46240234375 1451.155517578125 1448.83837890625 1446.5465087890625 1444.32177734375 1442.298095703125 1440.4295654296875 1438.78076171875 1437.3739013671875 1436.2259521484375 1435.38623046875 1434.7860107421875 1434.40869140625 1434.247802734375 1434.3270263671875 1434.683837890625 1435.2626953125 1436.0526123046875 1437.0250244140625 1438.1396484375 1439.1754150390625 1439.9669189453125 1440.4013671875 1440.4072265625 1439.958740234375 1439.2181396484375 1438.4520263671875 1437.8157958984375 1437.423828125 1437.328125
1471.8499755859375 1472.9686279296875 1472.522216796875 1471.9381103515625 1471.21630859375 1470.358154296875 1469.3603515625 1468.217529296875 1466.89453125 1465.4453125 1463.885498046875 1462.232666015625 1460.490234375 1458.697998046875 1456.88330078125 1455.05322265625 1453.21875 1451.370361328125 1449.628662109375 1447.9849853515625 1446.4517822265625 1445.0318603515625 1443.71435546875 1442.538330078125 1441.4755859375 1440.5648193359375 1439.848388671875 1439.4232177734375 1439.30908203125 1439.48388671875 1439.94775390625 1440.6937255859375 1441.7493896484375 1443.021728515625 1444.38623046875 1445.73828125 1446.946533203125 1447.5855712890625 1447.68310546875 1447.39990234375 1446.8524169921875 1446.122314453125 1445.3505859375 1444.634521484375 1444.03369140625
1473.13037109375 1471.2742919921875 1472.45166015625 1471.873291015625 1471.1798095703125 1470.3399658203125 1469.351806640625 1468.238525390625 1467.005615234375 1465.6614990234375 1464.1868896484375 1462.6722412109375 1461.1573486328125 1459.6734619140625 1458.21484375 1456.7318115234375 1455.352294921875 1454.02880859375 1452.783447265625 1451.6119384765625 1450.5386962890625 1449.6109619140625 1448.6768798828125 1447.662353515625 1446.5872802734375 1445.60595703125 1444.820068359375 1444.3084716796875 1444.1177978515625 1444.3084716796875 1444.9144287109375 1445.8797607421875 1447.142578125 1448.6424560546875 1450.263671875 1451.9449462890625 1453.4813232421875 1454.52783203125 1454.718505859375 1454.4769287109375 1454.051513671875 1453.329345703125 1452.4390869140625 1451.30517578125 1450.22412109375
1473.2537841796875 1472.890380859375 1472.43408203125 1471.8603515625 1471.15380859375 1470.341796875 1469.423828125 1468.3695068359375 1467.191162109375 1465.9188232421875 1464.57568359375 1463.20166015625 1461.8582763671875 1460.62451171875 1459.5594482421875 1458.55224609375 1457.5892333984375 1456.6107177734375 1455.781005859375 1455.119873046875 1454.5806884765625 1454.11767578125 1453.48974609375 1452.6617431640625 1451.5054931640625 1450.332763671875 1449.374755859375 1448.771728515625 1448.57177734375 1448.7904052734375 1449.427978515625 1450.4930419921875 1451.910400390625 1453.6583251953125 1455.5091552734375 1457.3682861328125 1459.162353515625 1460.4735107421875 1460.505126953125 1460.4281005859375 1460.26904296875 1459.5718994140625 1458.7314453125 1457.26953125 1455.5634765625
1473.2039794921875 1472.851806640625 1472.42529296875 1471.8614501953125 1471.1844482421875 1470.40185546875 1469.5233154296875 1468.55224609375 1467.48974609375 1466.3125 1465.042724609375 1463.75341796875 1462.5682373046875 1461.7354736328125 1460.9989013671875 1460.296875 1459.6873779296875 1459.165283203125 1458.734130859375 1458.3836669921875 1458.167724609375 1458.150390625 1458.1439208984375 1457.3548583984375 1455.985107421875 1454.58447265625 1453.467041015625 1452.7252197265625 1452.4134521484375 1452.6151123046875 1453.2711181640625 1454.4373779296875 1456.0177001953125 1457.914306640625 1459.8267822265625 1461.6624755859375 1463.240478515625 1464.1234130859375 1464.396484375 1464.470947265625 1464.3642578125 1464.057861328125 1463.377685546875 1461.7783203125 1459.8167724609375
1473.126953125 1472.8004150390625 1472.3984375 1471.8577880859375 1471.2100830078125 1470.498779296875 1469.711181640625 1468.8197021484375 1467.843505859375 1466.7978515625 1465.6884765625 1464.4925537109375 1463.4473876953125 1462.806884765625 1462.483642578125 1462.1651611328125 1461.8270263671875 1461.5218505859375 1461.3026123046875 1461.259765625 1461.352783203125 1461.59228515625 1461.8271484375 1461.25830078125 1459.5941162109375 1458.02783203125 1456.8270263671875 1456.011474609375 1455.627197265625 1455.7353515625 1456.3204345703125 1457.4788818359375 1459.083251953125 1461.0716552734375 1463.043212890625 1464.4168701171875 1465.70849609375 1466.379638671875 1466.6708984375 1466.776611328125 1466.750732421875 1466.523193359375 1465.9410400390625 1464.52001953125 1462.812255859375
1473.0177001953125 1472.6956787109375 1472.30859375 1471.8375244140625 1471.2525634765625 1470.60888671875 1469.904296875 1469.1517333984375 1468.343017578125 1467.44091796875 1466.4873046875 1465.4912109375 1464.74169921875 1464.318603515625 1464.1231689453125 1463.94580078125 1463.792236328125 1463.7119140625 1463.672607421875 1463.70751953125 1463.8389892578125 1464.0623779296875 1464.067138671875 1463.4903564453125 1462.06396484375 1460.6309814453125 1459.414794921875 1458.5205078125 1458.0635986328125 1458.0640869140625 1458.520751953125 1459.4608154296875 1460.859375 1462.71337890625 1464.454833984375 1465.6951904296875 1466.6700439453125 1467.3912353515625 1467.7305908203125 1467.871826171875 1467.857177734375 1467.61083984375 1467.041015625 1465.9681396484375 1464.6016845703125
1472.8897705078125 1472.5733642578125 1472.2059326171875 1471.7763671875 1471.28662109375 1470.76220703125 1470.1702880859375 1469.5318603515625 1468.853759765625 1468.1431884765625 1467.4708251953125 1466.7962646484375 1466.2564697265625 1465.933837890625 1465.7802734375 1465.7216796875 1465.6798095703125 1465.6630859375 1465.6783447265625 1465.7266845703125 1465.7623291015625 1465.736083984375 1465.49072265625 1464.8153076171875 1463.713134765625 1462.4423828125 1461.2769775390625 1460.34716796875 1459.7196044921875 1459.458984375 1459.6878662109375 1460.395751953125 1461.505126953125 1462.9296875 1464.3333740234375 1465.5560302734375 1466.552001953125 1467.31884765625 1467.8228759765625 1468.07275390625 1468.0550537109375 1467.8006591796875 1467.29052734375 1466.536865234375 1465.6419677734375
1472.7391357421875 1472.4464111328125 1472.1212158203125 1471.7547607421875 1471.3443603515625 1470.9024658203125 1470.4327392578125 1469.9443359375 1469.4410400390625 1468.9296875 1468.439697265625 1467.999755859375 1467.67138671875 1467.483642578125 1467.39501953125 1467.3668212890625 1467.370361328125 1467.3863525390625 1467.3916015625 1467.36865234375 1467.2840576171875 1467.0880126953125 1466.63525390625 1465.847900390625 1464.8082275390625 1463.6346435546875 1462.4521484375 1461.394287109375 1460.6068115234375 1460.12646484375 1459.996826171875 -99999 -99999 -99999 1463.2620849609375 1464.5028076171875 1465.6583251953125 1466.541748046875 1467.134521484375 1467.4844970703125 1467.608154296875 1467.5087890625 1467.1424560546875 1466.6148681640625 1465.947998046875
1472.5870361328125 1472.3223876953125 1472.03759765625 1471.7327880859375 1471.408935546875 1471.0633544921875 1470.7115478515625 1470.3583984375 1470.010986328125 1469.6778564453125 1469.3734130859375 1469.138427734375 1468.971923828125 1468.8741455078125 1468.8388671875 1468.85009765625 1468.86669921875 1468.8651123046875 1468.826171875 1468.7293701171875 1468.5078125 1468.106689453125 1467.495361328125 1466.656982421875 1465.5933837890625 1464.3543701171875 1463.0877685546875 1461.8699951171875 1460.77197265625 -99999 -99999 -99999 -99999 -99999 -99999 -99999 1464.02392578125 1465.1151123046875 1465.900634765625 1466.373046875 1466.6103515625 1466.6588134765625 1466.530517578125 1466.2412109375 1465.7838134765625
1472.0191650390625 1472.1978759765625 1471.963623046875 1471.712890625 1471.465087890625 1471.219482421875 1470.9813232421875 1470.74755859375 1470.5340576171875 1470.36474609375 1470.23193359375 1470.138916015625 1470.0814208984375 1470.0797119140625 1470.102783203125 1470.128173828125 1470.1400146484375 1470.118896484375 1470.01611328125 1469.8094482421875 1469.4696044921875 1468.96484375 1468.248046875 1467.246337890625 1466.0570068359375 1464.7125244140625 1463.2518310546875 1461.807373046875 -99999 -99999 -99999 -99999 -99999 -99999 -99999 -99999 -99999 -99999 1464.0643310546875 1464.6993408203125 1465.159423828125 1465.413330078125 1465.4658203125 1465.3682861328125 1465.130615234375
1471.979736328125 1472.0552978515625 1471.8748779296875 1471.6961669921875 1471.522705078125 1471.3453369140625 1471.20166015625 1471.0948486328125 1471.0223388671875 1470.979248046875 1470.95458984375 1470.9918212890625 1471.052490234375 1471.117919921875 1471.1728515625 1471.210693359375 1471.2034912109375 1471.1326904296875 1470.978515625 1470.7122802734375 1470.2916259765625 1469.640380859375 1468.7725830078125 1467.6802978515625 1466.3731689453125 1464.8681640625 1463.165771484375 -99999 -99999 -99999 -99999 -99999 -99999 -99999 -99999 -99999 -99999 -99999 -99999 1462.5653076171875 1463.2513427734375 1463.757568359375 1464.0733642578125 1464.184326171875 1464.0908203125
1470.2938232421875 1471.913818359375 1471.779052734375 1471.646240234375 1471.5382080078125 1471.4559326171875 1471.4061279296875 1471.38134765625 1471.395263671875 1471.4808349609375 1471.5994873046875 1471.733642578125 1471.85546875 1471.9708251953125 1472.0521240234375 1472.0821533203125 1472.0533447265625 1471.9527587890625 1471.7535400390625 1471.40625 1470.89892578125 1470.18994140625 1469.242431640625 1468.0296630859375 1466.5294189453125 1464.7862548828125 1462.8463134765625 -99999 -99999 -99999 -99999 -99999 -99999 -99999 -99999 -99999 -99999 -99999 -99999 -99999 1461.15625 1461.8646240234375 1462.365478515625 1462.665771484375 1462.77783203125
1471.8154296875 1471.7265625 1471.6573486328125 1471.594482421875 1471.538818359375 1471.508056640625 1471.5166015625 1471.59765625 1471.7325439453125 1471.901611328125 1472.0982666015625 1472.315185546875 1472.520263671875 1472.668701171875 1472.746337890625 1472.7645263671875 1472.7059326171875 1472.5537109375 1472.306396484375 1471.9237060546875 1471.3802490234375 1470.6173095703125 1469.591552734375 1468.2568359375 1466.6119384765625 1464.701904296875 1462.482421875 -99999 -99999 -99999 -99999 -99999 -99999 -99999 -99999 -99999 -99999 -99999 -99999 -99999 -99999 1459.850830078125 1460.5919189453125 1461.017578125 1461.2396240234375
1471.5576171875 1471.53466796875 1471.5096435546875 1471.4884033203125 1471.4786376953125 1471.5106201171875 1471.5948486328125 1471.736083984375 1471.9345703125 1472.19580078125 1472.5067138671875 1472.8023681640625 1473.0418701171875 1473.209716796875 1473.2762451171875 1473.247802734375 1473.1392822265625 1472.952392578125 1472.6741943359375 1472.263671875 1471.6923828125 1470.901611328125 1469.8560791015625 1468.5035400390625 1466.6536865234375 1464.4591064453125 1462.02685546875 -99999 -99999 -99999 -99999 -99999 -99999 -99999 -99999 -99999 -99999 -99999 -99999 -99999 -99999 1457.8570556640625 1458.728759765625 1459.3082275390625 1459.6558837890625
1469.4501953125 1471.27294921875 1471.143798828125 1471.208251953125 1471.3736572265625 1471.438232421875 1471.561279296875 1471.7691650390625 1472.0592041015625 1472.398681640625 1472.770263671875 1473.1451416015625 1473.4735107421875 1473.603759765625 1473.6234130859375 1473.5523681640625 1473.3974609375 1473.1451416015625 1472.83349609375 1472.397216796875 1471.80908203125 1471.041259765625 1470.05078125 1468.5689697265625 1466.5738525390625 1464.222412109375 1461.641845703125 -99999 -99999 -99999 -99999 -99999 -99999 -99999 -99999 -99999 -99999 -99999 -99999 -99999 -99999 -99999 1457.04638671875 1457.6572265625 1457.5235595703125
1470.86279296875 1470.9599609375 1471.06787109375 1471.1405029296875 1471.1683349609375 1471.2589111328125 1471.4459228515625 1471.7132568359375 1472.05322265625 1472.454345703125 1472.9068603515625 1473.35107421875 1473.678466796875 1473.837646484375 1473.8251953125 1473.6903076171875 1473.442626953125 1473.1478271484375 1472.808349609375 1472.3890380859375 1471.74462890625 1470.8975830078125 1469.813232421875 1468.3563232421875 1466.3096923828125 1463.860107421875 1461.189453125 -99999 -99999 -99999 -99999 -99999 -99999 -99999 -99999 -99999 -99999 -99999 -99999 -99999 -99999 -99999 1455.5908203125 1456.237060546875 1456.634033203125
1470.38671875 1470.5069580078125 1470.681640625 1470.7630615234375 1470.8358154296875 1470.97119140625 1470.038818359375 1471.5111083984375 1471.924560546875 1472.3876953125 1472.8690185546875 1473.3267822265625 1473.041748046875 1473.825927734375 1473.8082275390625 1473.6627197265625 1473.4051513671875 1473.0438232421875 1472.6712646484375 1472.1595458984375 1471.4698486328125 1470.570556640625 1469.3826904296875 1467.7557373046875 1465.7479248046875 1463.4130859375 1460.819091796875 -99999 -99999 -99999 -99999 -99999 -99999 -99999 -99999 -99999 -99999 -99999 -99999 -99999 -99999 -99999 1454.5255126953125 1455.093994140625 1452.3555908203125
1469.7701416015625 1469.8828125 1470.0206298828125 1468.7510986328125 1470.30322265625 1470.497802734375 1468.584716796875 1471.193359375 1471.6474609375 1472.1534423828125 1472.67529296875 1472.8924560546875 1472.8128662109375 1473.646728515625 1473.64892578125 1473.48974609375 1473.211181640625 1472.851318359375 1472.405029296875 1471.849609375 1471.0838623046875 1470.0711669921875 1468.791015625 1467.211669921875 1465.2813720703125 1462.9779052734375 1460.4368896484375 -99999 -99999 -99999 -99999 -99999 -99999 -99999 -99999 -99999 -99999 -99999 -99999 -99999 -99999 -99999 1453.90283203125 1454.4447021484375 1450.677734375
