gis/input_ras/sw_ww/Hydro Model_ 02 - Basal Clay_younger.asc
ncols        266
nrows        300
xllcorner    2364495.809716653544
yllcorner    243038.907031175506
cellsize     500.000000000000
NODATA_value -99999
[rows 44 to 65 of 300, columns 0 to 49 of 266]
1380.9544677734375 1380.19970703125 1379.6639404296875 1379.1669921875 1378.5936279296875 1377.9139404296875 1377.0869140625 1376.0975341796875 1374.9210205078125 1373.571044921875 1372.0537109375 1370.349853515625 1368.4815673828125 1366.435791015625 1364.2525634765625 1361.951904296875 1359.552978515625 1357.0953369140625 1354.606689453125 1352.1351318359375 1349.711181640625 1347.380126953125 1345.1544189453125 1343.0673828125 1341.1153564453125 1339.30712890625 1337.657958984375 1336.152587890625 1334.799560546875 1333.568359375 1332.4625244140625 1331.4725341796875 1330.5863037109375 1329.7904052734375 1329.0716552734375 1328.433349609375 1327.864990234375 1327.35205078125 1326.8819580078125 1326.4453125 1326.03955078125 1325.64794921875 1325.251220703125 1324.8431396484375 1324.41650390625 1323.9661865234375 1323.4820556640625 1322.932861328125 1322.3194580078125 1321.6199951171875
1381.63623046875 1380.8748779296875 1380.3585205078125 1379.978271484375 1379.4754638671875 1378.8153076171875 1377.9923095703125 1377.0130615234375 1375.8714599609375 1374.539794921875 1373.021484375 1371.327392578125 1369.4759521484375 1367.4739990234375 1365.32275390625 1363.039306640625 1360.666015625 1358.23486328125 1355.775634765625 1353.32958984375 1350.9317626953125 1348.61279296875 1346.392333984375 1344.2962646484375 1342.345458984375 1340.555419921875 1338.9049072265625 1337.3912353515625 1336.0230712890625 1334.7943115234375 1333.698486328125 1332.7088623046875 1331.818115234375 1331.0302734375 1330.3343505859375 1329.7164306640625 1329.161865234375 1328.6629638671875 1328.2208251953125 1327.8154296875 1327.4315185546875 1327.059326171875 1326.69140625 1326.3238525390625 1325.933837890625 1325.5130615234375 1325.0594482421875 1324.5679931640625 1324.0360107421875 1323.4296875
1382.7869873046875 1381.9427490234375 1381.470703125 1381.0423583984375 1380.5067138671875 1379.8427734375 1379.0360107421875 1378.0411376953125 1376.8702392578125 1375.5382080078125 1374.0445556640625 1372.3846435546875 1370.53759765625 1368.5355224609375 1366.40576171875 1364.16357421875 1361.826171875 1359.4171142578125 1356.98388671875 1354.5606689453125 1352.1739501953125 1349.8594970703125 1347.6593017578125 1345.5792236328125 1343.6258544921875 1341.8060302734375 1340.13818359375 1338.63818359375 1337.2734375 1336.0260009765625 1334.905029296875 1333.9093017578125 1333.0340576171875 1332.2496337890625 1331.548828125 1330.924560546875 1330.3822021484375 1329.902099609375 1329.4666748046875 1329.067138671875 1328.6947021484375 1328.340576171875 1327.9892578125 1327.6331787109375 1327.2637939453125 1326.8709716796875 1326.4420166015625 1325.9730224609375 1325.4617919921875 1324.8990478515625
1384.28955078125 1383.5640869140625 1382.941162109375 1382.370361328125 1381.75244140625 1381.0047607421875 1380.13037109375 1379.1168212890625 1377.9552001953125 1376.626708984375 1375.1060791015625 1373.4320068359375 1371.6104736328125 1369.6494140625 1367.5423583984375 1365.3070068359375 1362.9910888671875 1360.61767578125 1358.211181640625 1355.8067626953125 1353.44775390625 1351.156494140625 1348.9522705078125 1346.8521728515625 1344.9039306640625 1343.0997314453125 1341.4293212890625 1339.892578125 1338.488037109375 1337.2587890625 1336.123291015625 1335.1217041015625 1334.2147216796875 1333.406982421875 1332.7130126953125 1332.09375 1331.541259765625 1331.0477294921875 1330.607177734375 1330.2135009765625 1329.8426513671875 1329.48681640625 1329.138671875 1328.79052734375 1328.4268798828125 1328.03759765625 1327.617919921875 1327.163330078125 1326.658447265625 1326.077392578125
1385.9761962890625 1385.2535400390625 1384.570068359375 1383.867919921875 1383.1107177734375 1382.2767333984375 1381.34814453125 1380.2835693359375 1379.06201171875 1377.70166015625 1376.1995849609375 1374.55029296875 1372.7197265625 1370.7503662109375 1368.6624755859375 1366.4693603515625 1364.18359375 1361.8253173828125 1359.4456787109375 1357.070556640625 1354.7236328125 1352.433349609375 1350.250732421875 1348.174560546875 1346.2139892578125 1344.3768310546875 1342.684814453125 1341.15380859375 1339.750244140625 1338.47021484375 1337.308837890625 1336.27783203125 1335.372802734375 1334.554931640625 1333.8250732421875 1333.1748046875 1332.611572265625 1332.1109619140625 1331.65771484375 1331.2430419921875 1330.858154296875 1330.49658203125 1330.1402587890625 1329.7835693359375 1329.418212890625 1329.032958984375 1328.6080322265625 1328.140869140625 1327.6219482421875 1327.0350341796875
1387.7276611328125 1387.0125732421875 1386.240478515625 1385.421630859375 1384.565673828125 1383.6209716796875 1382.57763671875 1381.4420166015625 1380.202392578125 1378.8260498046875 1377.2916259765625 1375.6156005859375 1373.8076171875 1371.8724365234375 1369.7967529296875 1367.6087646484375 1365.3447265625 1363.026123046875 1360.673828125 1358.314453125 1355.9974365234375 1353.73779296875 1351.5533447265625 1349.465087890625 1347.5050048828125 1345.681396484375 1343.9815673828125 1342.40673828125 1340.968505859375 1339.6739501953125 1338.5032958984375 1337.4412841796875 1336.480224609375 1335.6331787109375 1334.8875732421875 1334.2176513671875 1333.617919921875 1333.07958984375 1332.6046142578125 1332.1724853515625 1331.7674560546875 1331.3812255859375 1331.0064697265625 1330.6392822265625 1330.2611083984375 1329.861328125 1329.431640625 1328.9637451171875 1328.4398193359375 1327.83251953125
1389.5213623046875 1388.77783203125 1387.938720703125 1386.9991455078125 1385.9935302734375 1384.9342041015625 1383.817138671875 1382.6240234375 1381.314208984375 1379.89599609375 1378.3616943359375 1376.68994140625 1374.8822021484375 1372.9349365234375 1370.880615234375 1368.7315673828125 1366.4896240234375 1364.1910400390625 1361.8697509765625 1359.5498046875 1357.2518310546875 1355.0050048828125 1352.8375244140625 1350.7725830078125 1348.8087158203125 1346.9573974609375 1345.2449951171875 1343.6627197265625 1342.2078857421875 1340.8690185546875 1339.6514892578125 1338.5621337890625 1337.5806884765625 1336.6888427734375 1335.8984375 1335.1805419921875 1334.552490234375 1333.985595703125 1333.469482421875 1332.99609375 1332.56396484375 1332.1572265625 1331.7578125 1331.3623046875 1330.9647216796875 1330.5572509765625 1330.1197509765625 1329.635986328125 1329.1029052734375 1328.5098876953125
1391.31396484375 1390.5389404296875 1389.5367431640625 1388.4693603515625 1387.3729248046875 1386.229736328125 1385.006591796875 1383.7296142578125 1382.3878173828125 1380.946533203125 1379.3907470703125 1377.701171875 1375.8968505859375 1373.96826171875 1371.92578125 1369.789306640625 1367.579345703125 1365.3218994140625 1363.029541015625 1360.734130859375 1358.4671630859375 1356.2542724609375 1354.1038818359375 1352.043212890625 1350.0819091796875 1348.237060546875 1346.5079345703125 1344.89013671875 1343.411865234375 1342.047607421875 1340.8004150390625 1339.6583251953125 1338.6192626953125 1337.6959228515625 1336.85888671875 1336.1011962890625 1335.414794921875 1334.7978515625 1334.248291015625 1333.7421875 1333.26708984375 1332.817626953125 1332.3900146484375 1331.9737548828125 1331.55517578125 1331.122314453125 1330.6717529296875 1330.1873779296875 1329.6544189453125 1329.0601806640625
1393.1224365234375 1392.159912109375 1391.0185546875 1389.833984375 1388.617431640625 1387.3785400390625 1386.107421875 1384.7872314453125 1383.40380859375 1381.92578125 1380.3487548828125 1378.654296875 1376.8486328125 1374.927734375 1372.904052734375 1370.79248046875 1368.6070556640625 1366.3759765625 1364.12353515625 1361.8743896484375 1359.642822265625 1357.4534912109375 1355.32421875 1353.2823486328125 1351.329345703125 1349.4820556640625 1347.743408203125 1346.1119384765625 1344.59814453125 1343.1888427734375 1341.90625 1340.7276611328125 1339.6458740234375 1338.657470703125 1337.75390625 1336.9588623046875 1336.2222900390625 1335.5618896484375 1334.944580078125 1334.3831787109375 1333.8741455078125 1333.392822265625 1332.929443359375 1332.4747314453125 1332.027587890625 1331.57861328125 1331.11474609375 1330.6221923828125 1330.0921630859375 1329.5103759765625
1394.2818603515625 1393.3831787109375 1392.1849365234375 1390.9488525390625 1389.6988525390625 1388.4234619140625 1387.1082763671875 1385.7412109375 1384.3197021484375 1382.8209228515625 1381.2313232421875 1379.53271484375 1377.722900390625 1375.8009033203125 1373.7908935546875 1371.704345703125 1369.5565185546875 1367.3671875 1365.1513671875 1362.9368896484375 1360.740478515625 1358.5936279296875 1356.501708984375 1354.4808349609375 1352.5394287109375 1350.68505859375 1348.936767578125 1347.2938232421875 1345.758056640625 1344.3214111328125 1342.9837646484375 1341.744140625 1340.61572265625 1339.5811767578125 1338.62939453125 1337.7557373046875 1336.949462890625 1336.2298583984375 1335.5775146484375 1334.9676513671875 1334.3994140625 1333.864990234375 1333.3690185546875 1332.8876953125 1332.41455078125 1331.9393310546875 1331.4566650390625 1330.956298828125 1330.4259033203125 1329.855712890625
1394.97119140625 1394.1201171875 1393.03955078125 1391.853515625 1390.6097412109375 1389.3131103515625 1387.97314453125 1386.587646484375 1385.1500244140625 1383.6309814453125 1382.0111083984375 1380.296142578125 1378.4864501953125 1376.5848388671875 1374.5943603515625 1372.52392578125 1370.4058837890625 1368.25439453125 1366.0841064453125 1363.9241943359375 1361.7786865234375 1359.6695556640625 1357.6080322265625 1355.60693359375 1353.68994140625 1351.8558349609375 1350.10498046875 1348.4404296875 1346.866943359375 1345.3974609375 1344.0291748046875 1342.7491455078125 1341.5555419921875 1340.44580078125 1339.43310546875 1338.5059814453125 1337.6495361328125 1336.8583984375 1336.1307373046875 1335.4659423828125 1334.8529052734375 1334.27783203125 1333.734130859375 1333.211181640625 1332.711181640625 1332.2159423828125 1331.71826171875 1331.2108154296875 1330.681884765625 1330.1180419921875
1395.52978515625 1394.730224609375 1393.7177734375 1392.5706787109375 1391.3477783203125 1390.0631103515625 1388.72412109375 1387.3201904296875 1385.8514404296875 1384.3087158203125 1382.6842041015625 1380.973388671875 1379.148681640625 1377.2415771484375 1375.2666015625 1373.2344970703125 1371.1575927734375 1369.0472412109375 1366.9285888671875 1364.8153076171875 1362.718994140625 1360.655517578125 1358.64453125 1356.687255859375 1354.789794921875 1352.95751953125 1351.202880859375 1349.5406494140625 1347.9561767578125 1346.4508056640625 1345.0252685546875 1343.68994140625 1342.45166015625 1341.291748046875 1340.2083740234375 1339.1998291015625 1338.2742919921875 1337.4276123046875 1336.639892578125 1335.915283203125 1335.236083984375 1334.612548828125 1334.0296630859375 1333.4744873046875 1332.940673828125 1332.42138671875 1331.9080810546875 1331.3902587890625 1330.8597412109375 1330.309326171875
1396.079833984375 1395.235595703125 1394.2581787109375 1393.16259765625 1391.966552734375 1390.6781005859375 1389.3270263671875 1387.915283203125 1386.439453125 1384.8843994140625 1383.2274169921875 1381.4891357421875 1379.6734619140625 1377.7864990234375 1375.828125 1373.818115234375 1371.7791748046875 1369.722412109375 1367.658447265625 1365.5968017578125 1363.5638427734375 1361.5606689453125 1359.5938720703125 1357.6695556640625 1355.804931640625 1354.0047607421875 1352.2637939453125 1350.58447265625 1348.970458984375 1347.4456787109375 1345.992919921875 1344.6109619140625 1343.3009033203125 1342.06982421875 1340.9317626953125 1339.8648681640625 1338.8680419921875 1337.9395751953125 1337.08642578125 1336.3018798828125 1335.579833984375 1334.8973388671875 1334.2620849609375 1333.6708984375 1333.1092529296875 1332.5660400390625 1332.0345458984375 1331.5081787109375 1330.9774169921875 1330.4320068359375
1396.5892333984375 1395.7401123046875 1394.7567138671875 1393.6478271484375 1392.4505615234375 1391.17333984375 1389.8226318359375 1388.3975830078125 1386.885498046875 1385.298583984375 1383.636474609375 1381.8961181640625 1380.071533203125 1378.182861328125 1376.2498779296875 1374.282470703125 1372.284423828125 1370.27294921875 1368.27099609375 1366.2811279296875 1364.309814453125 1362.35693359375 1360.447998046875 1358.5831298828125 1356.7584228515625 1354.9759521484375 1353.2437744140625 1351.575439453125 1349.961181640625 1348.4014892578125 1346.89892578125 1345.47802734375 1344.1246337890625 1342.837158203125 1341.617431640625 1340.4696044921875 1339.416748046875 1338.4287109375 1337.509765625 1336.6473388671875 1335.8592529296875 1335.138671875 1334.4627685546875 1333.8280029296875 1333.2286376953125 1332.660888671875 1332.1129150390625 1331.5709228515625 1331.033935546875 1330.497802734375
1397.095458984375 1396.1810302734375 1395.17041015625 1394.0645751953125 1392.859375 1391.5662841796875 1390.1875 1388.734130859375 1387.20703125 1385.6009521484375 1383.9124755859375 1382.1495361328125 1380.330810546875 1378.46337890625 1376.548828125 1374.6114501953125 1372.6678466796875 1370.724365234375 1368.7828369140625 1366.845947265625 1364.946044921875 1363.0753173828125 1361.2313232421875 1359.4117431640625 1357.6231689453125 1355.88525390625 1354.1815185546875 1352.5128173828125 1350.88818359375 1349.314697265625 1347.7923583984375 1346.319580078125 1344.900146484375 1343.559326171875 1342.287353515625 1341.0791015625 1339.9385986328125 1338.8675537109375 1337.8924560546875 1336.986083984375 1336.134033203125 1335.3487548828125 1334.620361328125 1333.9552001953125 1333.3275146484375 1332.727294921875 1332.1492919921875 1331.591796875 1331.0501708984375 1330.5159912109375
1397.5377197265625 1396.5885009765625 1395.5469970703125 1394.40380859375 1393.1640625 1391.843017578125 1390.440673828125 1388.9617919921875 1387.396728515625 1385.7552490234375 1384.0504150390625 1382.2821044921875 1380.462646484375 1378.6044921875 1376.7276611328125 1374.8406982421875 1372.9405517578125 1371.04443359375 1369.1790771484375 1367.3350830078125 1365.5089111328125 1363.6951904296875 1361.9080810546875 1360.1630859375 1358.43896484375 1356.7333984375 1355.050537109375 1353.398681640625 1351.7796630859375 1350.1878662109375 1348.635009765625 1347.131591796875 1345.67578125 1344.269287109375 1342.9185791015625 1341.64794921875 1340.452880859375 1339.324951171875 1338.266357421875 1337.2791748046875 1336.380859375 1335.5567626953125 1334.7830810546875 1334.066162109375 1333.394775390625 1332.7703857421875 1332.17041015625 1331.593017578125 1331.0386962890625 1330.5067138671875
1397.9610595703125 1396.9483642578125 1395.8438720703125 1394.6552734375 1393.38232421875 1392.0286865234375 1390.57958984375 1389.0517578125 1387.453369140625 1385.7891845703125 1384.065185546875 1382.2850341796875 1380.4749755859375 1378.6392822265625 1376.7896728515625 1374.9376220703125 1373.108642578125 1371.2982177734375 1369.4951171875 1367.7122802734375 1365.956787109375 1364.240478515625 1362.541015625 1360.84619140625 1359.168212890625 1357.5108642578125 1355.8719482421875 1354.240966796875 1352.624267578125 1351.0291748046875 1349.458984375 1347.9146728515625 1346.4097900390625 1344.9605712890625 1343.56396484375 1342.22265625 1340.943603515625 1339.7489013671875 1338.638671875 1337.60107421875 1336.632080078125 1335.74365234375 1334.927734375 1334.1783447265625 1333.4764404296875 1332.8089599609375 1332.1763916015625 1331.5841064453125 1331.0198974609375 1330.481201171875
1398.3074951171875 1397.233154296875 1396.080078125 1394.8465576171875 1393.50927734375 1392.09130859375 1390.5986328125 1389.0355224609375 1387.4053955078125 1385.702392578125 1383.956787109375 1382.1771240234375 1380.374755859375 1378.5615234375 1376.7598876953125 1374.967529296875 1373.190185546875 1371.4346923828125 1369.7117919921875 1368.0306396484375 1366.360595703125 1364.7073974609375 1363.071044921875 1361.4564208984375 1359.8555908203125 1358.2445068359375 1356.6363525390625 1355.031494140625 1353.43212890625 1351.8349609375 1350.250244140625 1348.685791015625 1347.1478271484375 1345.64013671875 1344.1787109375 1342.7872314453125 1341.458251953125 1340.1964111328125 1339.0052490234375 1337.903076171875 1336.8948974609375 1335.955078125 1335.0889892578125 1334.2891845703125 1333.5504150390625 1332.85888671875 1332.2047119140625 1331.5865478515625 1331.0042724609375 1330.4599609375
1398.615966796875 1397.4810791015625 1396.2421875 1394.9288330078125 1393.5386962890625 1392.07373046875 1390.5330810546875 1388.9091796875 1387.2322998046875 1385.5108642578125 1383.7547607421875 1381.9749755859375 1380.1904296875 1378.4105224609375 1376.645263671875 1374.9012451171875 1373.1942138671875 1371.5255126953125 1369.8817138671875 1368.265625 1366.6741943359375 1365.116455078125 1363.56689453125 1362.017333984375 1360.4683837890625 1358.916259765625 1357.3626708984375 1355.7886962890625 1354.2047119140625 1352.615234375 1351.0240478515625 1349.4334716796875 1347.864013671875 1346.3226318359375 1344.8182373046875 1343.359130859375 1341.956787109375 1340.643310546875 1339.4039306640625 1338.2418212890625 1337.1595458984375 1336.164794921875 1335.26806640625 1334.431884765625 1333.654296875 1332.9241943359375 1332.247314453125 1331.617919921875 1331.025146484375 1330.4654541015625
1398.86181640625 1397.6343994140625 1396.3338623046875 1394.9593505859375 1393.5029296875 1391.960205078125 1390.355224609375 1388.695068359375 1386.988037109375 1385.2413330078125 1383.473388671875 1381.701904296875 1379.9368896484375 1378.1878662109375 1376.472900390625 1374.7955322265625 1373.155029296875 1371.551513671875 1369.98388671875 1368.460693359375 1366.9588623046875 1365.4732666015625 1363.9974365234375 1362.5247802734375 1361.0494384765625 1359.5535888671875 1358.039794921875 1356.506103515625 1354.951416015625 1353.371826171875 1351.77783203125 1350.1788330078125 1348.5828857421875 1346.9981689453125 1345.44970703125 1343.9471435546875 1342.49853515625 1341.1126708984375 1339.798583984375 1338.5909423828125 1337.4703369140625 1336.422119140625 1335.4632568359375 1334.5848388671875 1333.7828369140625 1333.033203125 1332.3336181640625 1331.68212890625 1331.0830078125 1330.531982421875
1399.057373046875 1397.7572021484375 1396.3778076171875 1394.9110107421875 1393.3768310546875 1391.7801513671875 1390.126708984375 1388.4183349609375 1386.6729736328125 1384.910400390625 1383.141845703125 1381.3785400390625 1379.6390380859375 1377.935546875 1376.2711181640625 1374.6490478515625 1373.0706787109375 1371.548583984375 1370.068115234375 1368.6202392578125 1367.198486328125 1365.791015625 1364.3968505859375 1362.9974365234375 1361.5855712890625 1360.1546630859375 1358.6923828125 1357.195556640625 1355.6669921875 1354.108154296875 1352.5225830078125 1350.9146728515625 1349.29931640625 1347.6907958984375 1346.1011962890625 1344.5421142578125 1343.043212890625 1341.6124267578125 1340.2542724609375 1338.9752197265625 1337.780517578125 1336.7012939453125 1335.7052001953125 1334.791259765625 1333.9471435546875 1333.1640625 1332.4554443359375 -99999 -99999 -99999
1399.2288818359375 1397.8271484375 1396.35791015625 1394.822998046875 1393.2286376953125 1391.5628662109375 1389.84716796875 1388.0997314453125 1386.33154296875 1384.5556640625 1382.787353515625 1381.04443359375 1379.3358154296875 1377.668701171875 1376.04541015625 1374.493408203125 1372.9930419921875 1371.5408935546875 1370.1326904296875 1368.752685546875 1367.416259765625 1366.0936279296875 1364.7755126953125 1363.4493408203125 1362.0955810546875 1360.7222900390625 1359.3143310546875 1357.867431640625 1356.374267578125 1354.8326416015625 1353.2550048828125 1351.6484375 1350.0213623046875 1348.38818359375 1346.7684326171875 1345.17626953125 1343.626220703125 1342.131103515625 1340.7188720703125 1339.398193359375 1338.1651611328125 1337.0203857421875 1335.9736328125 1335.02099609375 -99999 -99999 -99999 -99999 -99999 -99999
