gis/input_ras/sw_ww/Hydro Model_ 01 - Bedrock_younger.asc
ncols        266
nrows        300
xllcorner    2364495.809716653544
yllcorner    243038.907031175506
cellsize     500.000000000000
NODATA_value -99999
[rows 200 to 219 of 300, columns 88 to 131 of 266]
1350.9915771484375 1351.9210205078125 1353.0435791015625 1354.3343505859375 1355.7607421875 1357.30029296875 1358.8924560546875 1360.510498046875 1362.118896484375 1363.6920166015625 1365.19921875 1366.6220703125 1367.946044921875 1369.1419677734375 1370.2001953125 1371.1119384765625 1371.8883056640625 1372.5283203125 1373.0157470703125 1373.35400390625 1373.556884765625 1373.64013671875 1373.606689453125 1373.4534912109375 1373.1890869140625 1372.835205078125 1372.404296875 1371.9019775390625 1371.33935546875 1370.7276611328125 1370.0882568359375 1369.4326171875 1368.777099609375 1368.141357421875 1367.5313720703125 1366.9619140625 1366.4425048828125 1366.0008544921875 1365.6402587890625 1365.3505859375 1365.135498046875 1364.9932861328125 1364.9473876953125 1364.9620361328125
1351.2686767578125 1352.1002197265625 1353.1751708984375 1354.4105224609375 1355.7735595703125 1357.2373046875 1358.7685546875 1360.3455810546875 1361.9188232421875 1363.4656982421875 1364.965087890625 1366.375244140625 1367.680419921875 1368.8756103515625 1369.9517822265625 1370.898681640625 1371.6873779296875 1372.3233642578125 1372.8250732421875 1373.19482421875 1373.4296875 1373.5166015625 1373.4775390625 1373.33203125 1373.087158203125 1372.7454833984375 1372.309814453125 1371.806396484375 1371.2509765625 1370.6546630859375 1370.0306396484375 1369.3946533203125 1368.765380859375 1368.1561279296875 1367.5782470703125 1367.060302734375 1366.607666015625 1366.224365234375 1365.916015625 1365.6865234375 1365.5672607421875 1365.5263671875 1365.5562744140625 1365.6480712890625
1351.6630859375 1352.4359130859375 1353.40576171875 1354.547119140625 1355.8590087890625 1357.272216796875 1358.7510986328125 1360.270751953125 1361.804931640625 1363.3153076171875 1364.776123046875 1366.1695556640625 1367.479736328125 1368.685302734375 1369.7437744140625 1370.6771240234375 1371.4810791015625 1372.15283203125 1372.6759033203125 1373.03515625 1373.266357421875 1373.3741455078125 1373.3636474609375 1373.224609375 1372.9683837890625 1372.624755859375 1372.2034912109375 1371.714599609375 1371.1617431640625 1370.56982421875 1369.9583740234375 1369.340087890625 1368.7279052734375 1368.147705078125 1367.611328125 1367.1285400390625 1366.70849609375 1366.3607177734375 1366.1201171875 1365.9649658203125 1365.8946533203125 1365.9073486328125 1366.0048828125 1366.188232421875
1352.082275390625 1352.7799072265625 1353.714599609375 1354.80859375 1356.036865234375 1357.374267578125 1358.8056640625 1360.28076171875 1361.765869140625 1363.2393798828125 1364.6806640625 1366.053955078125 1367.331787109375 1368.512451171875 1369.585205078125 1370.541015625 1371.33740234375 1371.9912109375 1372.5130615234375 1372.9031982421875 1373.161376953125 1373.2593994140625 1373.2352294921875 1373.101806640625 1372.8670654296875 1372.535888671875 1372.1048583984375 1371.61083984375 1371.0677490234375 1370.48779296875 1369.88330078125 1369.27587890625 1368.6846923828125 1368.1221923828125 1367.6004638671875 1367.13818359375 1366.760986328125 1366.462158203125 1366.24658203125 1366.1180419921875 1366.091552734375 1366.1685791015625 1366.3251953125 1366.5518798828125
1352.588134765625 1353.225830078125 1354.0615234375 1355.0841064453125 1356.27197265625 1357.566162109375 1358.9346923828125 1360.35400390625 1361.803955078125 1363.2440185546875 1364.642822265625 1365.9869384765625 1367.26025390625 1368.4371337890625 1369.4884033203125 1370.4163818359375 1371.2215576171875 1371.8994140625 1372.4278564453125 1372.8016357421875 1373.0438232421875 1373.161865234375 1373.16015625 1373.02783203125 1372.7772216796875 1372.4381103515625 1372.0211181640625 1371.5361328125 1370.9913330078125 1370.4093017578125 1369.811767578125 1369.21240234375 1368.6256103515625 1368.0733642578125 1367.5745849609375 1367.1356201171875 1366.765869140625 1366.4783935546875 1366.2913818359375 1366.2052001953125 1366.2100830078125 1366.304443359375 1366.489013671875 1366.759033203125
1353.05859375 1353.6549072265625 1354.458251953125 1355.434814453125 1356.54931640625 1357.7833251953125 1359.1168212890625 1360.499267578125 1361.901123046875 1363.301513671875 1364.6788330078125 1366.0050048828125 1367.24658203125 1368.3974609375 1369.44921875 1370.3809814453125 1371.182861328125 1371.835693359375 1372.358642578125 1372.7518310546875 1373.001220703125 1373.116455078125 1373.094970703125 1372.963134765625 1372.728759765625 1372.3900146484375 1371.9674072265625 1371.472900390625 1370.93017578125 1370.3521728515625 1369.753662109375 1369.155029296875 1368.5751953125 1368.02783203125 1367.5267333984375 1367.09326171875 1366.7386474609375 1366.471435546875 1366.2913818359375 1366.20703125 1366.2254638671875 1366.3480224609375 1366.558837890625 1366.8414306640625
1353.566650390625 1354.103515625 1354.8380126953125 1355.7779541015625 1356.8582763671875 1358.0572509765625 1359.338134765625 1360.6773681640625 1362.0540771484375 1363.430908203125 1364.7745361328125 1366.0714111328125 1367.3028564453125 1368.443115234375 1369.4833984375 1370.3951416015625 1371.1888427734375 1371.85009765625 1372.37060546875 1372.7557373046875 1372.99560546875 1373.111083984375 1373.0960693359375 1372.9615478515625 1372.71728515625 1372.372314453125 1371.9486083984375 1371.4527587890625 1370.90576171875 1370.3212890625 1369.71875 1369.115478515625 1368.5321044921875 1367.9820556640625 1367.48388671875 1367.0494384765625 1366.6865234375 1366.4195556640625 1366.2403564453125 1366.16650390625 1366.1890869140625 1366.3074951171875 1366.5234375 1366.8114013671875
1354.0096435546875 1354.5194091796875 1355.2265625 1356.123779296875 1357.16259765625 1358.3345947265625 1359.5916748046875 1360.9066162109375 1362.2513427734375 1363.60009765625 1364.92822265625 1366.21142578125 1367.4293212890625 1368.5543212890625 1369.582763671875 1370.488525390625 1371.27685546875 1371.9334716796875 1372.4478759765625 1372.827392578125 1373.063720703125 1373.175537109375 1373.156005859375 1373.014404296875 1372.762939453125 1372.4124755859375 1371.983154296875 1371.47900390625 1370.921630859375 1370.3282470703125 1369.7186279296875 1369.1082763671875 1368.513671875 1367.9517822265625 1367.4451904296875 1367.0032958984375 1366.632568359375 1366.3536376953125 1366.1632080078125 1366.0830078125 1366.099609375 1366.2115478515625 1366.4190673828125 1366.6982421875
1354.3787841796875 1354.86474609375 1355.5660400390625 1356.4482421875 1357.470458984375 1358.612060546875 1359.849853515625 1361.1527099609375 1362.4853515625 1363.8228759765625 1365.141845703125 1366.41455078125 1367.61669921875 1368.735595703125 1369.760498046875 1370.669921875 1371.4522705078125 1372.09033203125 1372.6004638671875 1372.981689453125 1373.2186279296875 1373.3184814453125 1373.282470703125 1373.1348876953125 1372.8831787109375 1372.523193359375 1372.0765380859375 1371.5595703125 1370.9932861328125 1370.3909912109375 1369.76318359375 1369.1363525390625 1368.5303955078125 1367.956787109375 1367.42822265625 1366.9642333984375 1366.5823974609375 1366.2896728515625 1366.0850830078125 1365.9759521484375 1365.9710693359375 1366.0762939453125 1366.269287109375 1366.5333251953125
1354.68212890625 1355.162353515625 1355.840087890625 1356.7010498046875 1357.7318115234375 1358.883544921875 1360.1180419921875 1361.4127197265625 1362.7454833984375 1364.08447265625 1365.3988037109375 1366.67041015625 1367.8824462890625 1369.0086669921875 1370.0206298828125 1370.91796875 1371.697998046875 1372.354736328125 1372.864501953125 1373.2191162109375 1373.4420166015625 1373.5389404296875 1373.5137939453125 1373.3524169921875 1373.07080078125 1372.6981201171875 1372.2447509765625 1371.7210693359375 1371.1317138671875 1370.5072021484375 1369.8663330078125 1369.222900390625 1368.5906982421875 1367.991943359375 1367.449462890625 1366.9674072265625 1366.5550537109375 1366.2247314453125 1365.998291015625 1365.876953125 1365.85107421875 1365.9193115234375 1366.0797119140625 1366.3270263671875
1354.8245849609375 1355.3072509765625 1356.0328369140625 1356.9228515625 1357.9544677734375 1359.104736328125 1360.360107421875 1361.6798095703125 1363.025634765625 1364.3763427734375 1365.7115478515625 1366.9981689453125 1368.2080078125 1369.3341064453125 1370.3638916015625 1371.28662109375 1372.058349609375 1372.6910400390625 1373.1927490234375 1373.5623779296875 1373.79833984375 1373.8673095703125 1373.81005859375 1373.638671875 1373.36083984375 1372.9814453125 1372.4964599609375 1371.946044921875 1371.3441162109375 1370.7037353515625 1370.0364990234375 1369.3675537109375 1368.7154541015625 1368.0928955078125 1367.512451171875 1366.9925537109375 1366.5611572265625 1366.2109375 1365.9476318359375 1365.7760009765625 1365.71484375 1365.7672119140625 1365.904052734375 1366.11474609375
1354.850341796875 1355.3756103515625 1356.1011962890625 1357.0048828125 1358.0926513671875 1359.2978515625 1360.5858154296875 1361.9334716796875 1363.3154296875 1364.7012939453125 1366.0599365234375 1367.3712158203125 1368.6177978515625 1369.7755126953125 1370.80419921875 1371.7164306640625 1372.5047607421875 1373.1634521484375 1373.67236328125 1374.0135498046875 1374.220458984375 1374.296630859375 1374.246826171875 1374.0596923828125 1373.745849609375 1373.337890625 1372.8466796875 1372.283203125 1371.6536865234375 1370.9820556640625 1370.2911376953125 1369.5943603515625 1368.9052734375 1368.2529296875 1367.6468505859375 1367.0982666015625 1366.61669921875 1366.21337890625 1365.923828125 1365.7286376953125 1365.62890625 1365.6243896484375 1365.71728515625 1365.908447265625
1354.6580810546875 1355.22265625 1356.0362548828125 1357.0255126953125 1358.1588134765625 1359.41162109375 1360.7509765625 1362.170166015625 1363.6109619140625 1365.0509033203125 1366.4674072265625 1367.8153076171875 1369.0888671875 1370.268310546875 1371.3409423828125 1372.2901611328125 1373.0836181640625 1373.726806640625 1374.2294921875 1374.59130859375 1374.805908203125 1374.860595703125 1374.7747802734375 1374.570068359375 1374.2545166015625 1373.8331298828125 1373.309814453125 1372.7109375 1372.057373046875 1371.3616943359375 1370.6424560546875 1369.91259765625 1369.193603515625 1368.5003662109375 1367.84521484375 1367.258544921875 1366.7454833984375 1366.31103515625 1365.9615478515625 1365.70263671875 1365.5662841796875 1365.53271484375 1365.58935546875 1365.7276611328125
1354.312255859375 1354.9744873046875 1355.843994140625 1356.8975830078125 1358.105224609375 1359.4632568359375 1360.90234375 1362.3968505859375 1363.904296875 1365.408447265625 1366.887939453125 1368.307373046875 1369.648681640625 1370.8658447265625 1371.9637451171875 1372.925537109375 1373.7486572265625 1374.4261474609375 1374.9322509765625 1375.279052734375 1375.471435546875 1375.5244140625 1375.43994140625 1375.21923828125 1374.8692626953125 1374.414794921875 1373.873046875 1373.2545166015625 1372.576171875 1371.8446044921875 1371.0880126953125 1370.321533203125 1369.5657958984375 1368.83935546875 1368.1497802734375 1367.5135498046875 1366.940673828125 1366.4588623046875 1366.07080078125 1365.7767333984375 1365.577392578125 1365.4744873046875 1365.4903564453125 1365.59619140625
1353.773193359375 1354.514404296875 1355.48046875 1356.6680908203125 1358.0032958984375 1359.4520263671875 1360.976806640625 1362.5684814453125 1364.194580078125 1365.80810546875 1367.3641357421875 1368.845458984375 1370.24267578125 1371.5284423828125 1372.6878662109375 1373.6834716796875 1374.5286865234375 1375.20849609375 1375.7259521484375 1376.087890625 1376.2757568359375 1376.3201904296875 1376.20556640625 1375.9613037109375 1375.5994873046875 1375.1241455078125 1374.5601806640625 1373.9034423828125 1373.1883544921875 1372.428466796875 1371.6434326171875 1370.84619140625 1370.048095703125 1369.2706298828125 1368.5340576171875 1367.859619140625 1367.2479248046875 1366.71044921875 1366.2548828125 1365.903564453125 1365.659912109375 1365.514404296875 1365.465576171875 1365.5074462890625
1353.022216796875 1353.9132080078125 1355.0230712890625 1356.3145751953125 1357.7545166015625 1359.341064453125 1361.0296630859375 1362.756103515625 1364.4766845703125 1366.1815185546875 1367.853759765625 1369.4517822265625 1370.92919921875 1372.2689208984375 1373.477294921875 1374.52685546875 1375.4130859375 1376.112548828125 1376.6392822265625 1377.0064697265625 1377.1885986328125 1377.21875 1377.0904541015625 1376.830322265625 1376.4483642578125 1375.9412841796875 1375.3431396484375 1374.662841796875 1373.92333984375 1373.133544921875 1372.305419921875 1371.4637451171875 1370.63330078125 1369.822265625 1369.0418701171875 1368.306396484375 1367.635498046875 1367.05419921875 1366.5538330078125 1366.1417236328125 1365.8226318359375 1365.61181640625 1365.5152587890625 1365.510498046875
1352.1353759765625 1353.1383056640625 1354.3631591796875 1355.8255615234375 1357.4622802734375 1359.1956787109375 1361.004638671875 1362.8603515625 1364.7557373046875 1366.618408203125 1368.388671875 1370.0733642578125 1371.652587890625 1373.0982666015625 1374.37353515625 1375.4599609375 1376.3795166015625 1377.1248779296875 1377.6719970703125 1378.028076171875 1378.2066650390625 1378.23046875 1378.0994873046875 1377.81298828125 1377.3946533203125 1376.867431640625 1376.2484130859375 1375.5419921875 1374.762939453125 1373.93701171875 1373.08251953125 1372.21240234375 1371.3359375 1370.470458984375 1369.6502685546875 1368.8760986328125 1368.1580810546875 1367.50634765625 1366.9346923828125 1366.4735107421875 1366.103759765625 1365.8280029296875 1365.6480712890625 1365.571044921875
1350.9986572265625 1352.19189453125 1353.6304931640625 1355.2535400390625 1357.0299072265625 1358.9283447265625 1360.9598388671875 1362.994140625 1365.0205078125 1367.0125732421875 1368.9444580078125 1370.784912109375 1372.4501953125 1373.968017578125 1375.324951171875 1376.504638671875 1377.4716796875 1378.2183837890625 1378.7811279296875 1379.1632080078125 1379.357666015625 1379.3572998046875 1379.1925048828125 1378.8916015625 1378.4658203125 1377.9150390625 1377.255126953125 1376.5159912109375 1375.71533203125 1374.8653564453125 1373.9716796875 1373.060791015625 1372.152099609375 1371.2562255859375 1370.3851318359375 1369.5484619140625 1368.7822265625 1368.0853271484375 1367.462646484375 1366.921142578125 1366.4671630859375 1366.1365966796875 1365.8997802734375 1365.75537109375
1349.7803955078125 1351.131103515625 1352.720458984375 1354.5228271484375 1356.5400390625 1358.655517578125 1360.84033203125 1363.0609130859375 1365.2911376953125 1367.4583740234375 1369.527099609375 1371.4814453125 1373.29931640625 1374.9564208984375 1376.3721923828125 1377.59228515625 1378.6138916015625 1379.4345703125 1380.033447265625 1380.3912353515625 1380.5679931640625 1380.5736083984375 1380.419189453125 1380.0936279296875 1379.6220703125 1379.042724609375 1378.3687744140625 1377.6129150390625 1376.7755126953125 1375.888671875 1374.97021484375 1374.0321044921875 1373.0858154296875 1372.1463623046875 1371.2373046875 1370.3653564453125 1369.5406494140625 1368.77294921875 1368.0919189453125 1367.498046875 1366.9891357421875 1366.5687255859375 1366.23876953125 1366.02783203125
1348.33251953125 1349.8665771484375 1351.7135009765625 1353.755859375 1355.95751953125 1358.281982421875 1360.6851806640625 1363.123291015625 1365.5364990234375 1367.891845703125 1370.1580810546875 1372.2645263671875 1374.1937255859375 1375.9384765625 1377.485107421875 1378.8223876953125 1379.882568359375 1380.7083740234375 1381.3206787109375 1381.726318359375 1381.9339599609375 1381.9039306640625 1381.70751953125 1381.3653564453125 1380.8919677734375 1380.30029296875 1379.5826416015625 1378.789306640625 1377.9337158203125 1377.02783203125 1376.0831298828125 1375.11181640625 1374.1358642578125 1373.166015625 1372.21240234375 1371.293212890625 1370.4261474609375 1369.6151123046875 1368.8680419921875 1368.1925048828125 1367.6136474609375 1367.1319580078125 1366.7379150390625 1366.4312744140625
