gis/input_ras/sw_ww/Hydro Model_ 04 - Middle Clay_younger.asc
ncols        266
nrows        300
xllcorner    2364495.809716653544
yllcorner    243038.907031175506
cellsize     500.000000000000
NODATA_value -99999
[rows 273 to 293 of 300, columns 0 to 47 of 266]
1482.092529296875 1483.534423828125 1485.145263671875 1486.91015625 1488.8182373046875 1490.722900390625 1492.528076171875 1494.218017578125 -99999 -99999 -99999 -99999 -99999 -99999 -99999 -99999 -99999 -99999 -99999 -99999 -99999 -99999 -99999 -99999 -99999 -99999 -99999 -99999 -99999 -99999 -99999 -99999 -99999 -99999 -99999 -99999 -99999 -99999 -99999 -99999 -99999 -99999 -99999 -99999 1469.0501708984375 1468.724609375 1468.368896484375 1467.9603271484375
1482.4158935546875 1483.788818359375 1485.53515625 1487.5439453125 1489.6171875 1491.69775390625 1493.7432861328125 1495.69189453125 -99999 -99999 -99999 -99999 -99999 -99999 -99999 -99999 -99999 -99999 -99999 -99999 -99999 -99999 -99999 -99999 -99999 -99999 -99999 -99999 -99999 -99999 -99999 -99999 -99999 -99999 -99999 -99999 -99999 -99999 -99999 -99999 -99999 -99999 -99999 -99999 1470.2003173828125 1469.8009033203125 1469.366455078125 1468.8902587890625
1482.830810546875 1484.1749267578125 1485.9730224609375 1488.2073974609375 1490.50390625 1492.7694091796875 1494.9654541015625 1497.0535888671875 -99999 -99999 -99999 -99999 -99999 -99999 -99999 -99999 -99999 -99999 -99999 -99999 -99999 -99999 -99999 -99999 -99999 -99999 -99999 -99999 -99999 -99999 -99999 -99999 -99999 -99999 -99999 -99999 -99999 -99999 -99999 -99999 -99999 -99999 -99999 1471.868896484375 1471.420166015625 1470.9560546875 1470.4639892578125 1469.931884765625
1483.5885009765625 1484.9893798828125 1486.8856201171875 1489.1531982421875 1491.505615234375 1493.863037109375 1496.1876220703125 1498.4022216796875 -99999 -99999 -99999 -99999 -99999 -99999 -99999 -99999 -99999 -99999 -99999 -99999 -99999 -99999 -99999 -99999 -99999 -99999 -99999 -99999 -99999 -99999 -99999 -99999 -99999 -99999 -99999 -99999 -99999 -99999 -99999 -99999 -99999 -99999 -99999 1473.228515625 1472.712158203125 1472.1871337890625 1471.628662109375 1471.0240478515625
1484.6109619140625 1486.2457275390625 1488.1502685546875 1490.3101806640625 1492.6373291015625 1495.0098876953125 1497.3455810546875 1499.597412109375 -99999 -99999 -99999 -99999 -99999 -99999 -99999 -99999 -99999 -99999 -99999 -99999 -99999 -99999 -99999 -99999 -99999 -99999 -99999 -99999 -99999 -99999 -99999 -99999 -99999 -99999 -99999 -99999 -99999 -99999 -99999 -99999 -99999 -99999 1475.197021484375 1474.626708984375 1474.0477294921875 1473.4542236328125 1472.8355712890625 1472.18115234375
1485.787353515625 1487.4837646484375 1489.4176025390625 1491.570556640625 1493.830322265625 1496.146728515625 1498.4608154296875 1500.6954345703125 -99999 -99999 -99999 -99999 -99999 -99999 -99999 -99999 -99999 -99999 -99999 -99999 -99999 -99999 -99999 -99999 -99999 -99999 -99999 -99999 -99999 -99999 -99999 -99999 -99999 -99999 -99999 -99999 -99999 -99999 -99999 -99999 -99999 1477.3135986328125 1476.6632080078125 1476.0235595703125 1475.3853759765625 1474.742919921875 1474.075439453125 1473.357177734375
1486.95263671875 1488.7647705078125 1490.720458984375 1492.8089599609375 1495.0224609375 1497.2860107421875 1499.50439453125 1501.6229248046875 1503.5806884765625 -99999 -99999 -99999 -99999 -99999 -99999 -99999 -99999 -99999 -99999 -99999 -99999 -99999 -99999 -99999 -99999 -99999 -99999 -99999 -99999 -99999 -99999 -99999 -99999 -99999 -99999 -99999 -99999 -99999 -99999 1480.2818603515625 1479.5238037109375 1478.7957763671875 1478.093994140625 1477.413330078125 1476.7279052734375 1476.0220947265625 1475.29345703125 1474.534423828125
1488.1685791015625 1490.0087890625 1491.9752197265625 1494.0543212890625 1496.1922607421875 1498.3427734375 1500.476806640625 1502.5089111328125 1504.345703125 -99999 -99999 -99999 -99999 -99999 -99999 -99999 -99999 -99999 -99999 -99999 -99999 -99999 -99999 -99999 -99999 -99999 -99999 -99999 -99999 1492.3695068359375 1491.09619140625 1489.8638916015625 1488.67724609375 1487.542724609375 1486.453857421875 1485.42236328125 1484.4437255859375 1483.516357421875 1482.6356201171875 1481.7952880859375 1481.0048828125 1480.2432861328125 1479.498291015625 1478.758056640625 1478.018798828125 1477.275390625 1476.509765625 1475.70166015625
1489.33154296875 1491.214111328125 1493.185302734375 1495.227783203125 1497.3111572265625 1499.3948974609375 1501.408935546875 1503.3004150390625 1505.03271484375 1506.5458984375 -99999 -99999 -99999 -99999 -99999 -99999 -99999 -99999 -99999 -99999 -99999 -99999 -99999 -99999 1500.3197021484375 1499.023193359375 1497.730712890625 1496.4342041015625 1495.140625 1493.8626708984375 1492.6104736328125 1491.3939208984375 1490.21826171875 1489.086181640625 1487.997314453125 1486.9556884765625 1485.9593505859375 1485.0130615234375 1484.1116943359375 1483.248779296875 1482.41748046875 1481.609375 1480.82763671875 1480.0545654296875 1479.28076171875 1478.4871826171875 1477.671142578125 1476.8284912109375
1490.4658203125 1492.37109375 1494.3372802734375 1496.349365234375 1498.3671875 1500.3516845703125 1502.2706298828125 1504.0831298828125 1505.7523193359375 1507.18408203125 -99999 -99999 -99999 -99999 -99999 -99999 -99999 -99999 -99999 -99999 -99999 -99999 1503.93212890625 1502.71826171875 1501.4886474609375 1500.23876953125 1498.9835205078125 1497.7261962890625 1496.474853515625 1495.2327880859375 1494.004150390625 1492.801513671875 1491.6319580078125 1490.5054931640625 1489.4205322265625 1488.3775634765625 1487.3739013671875 1486.4093017578125 1485.4830322265625 1484.5955810546875 1483.740478515625 1482.90771484375 1482.09130859375 1481.276123046875 1480.4630126953125 1479.6392822265625 1478.795654296875 1477.9237060546875
1491.543701171875 1493.4517822265625 1495.4090576171875 1497.385986328125 1499.3525390625 1501.2816162109375 1503.1455078125 1504.8643798828125 1506.425537109375 1507.795654296875 1508.9462890625 -99999 -99999 -99999 -99999 -99999 -99999 -99999 -99999 -99999 1507.0965576171875 1506.0205078125 1504.8746337890625 1503.699951171875 1502.510009765625 1501.311767578125 1500.1102294921875 1498.8922119140625 1497.6737060546875 1496.4595947265625 1495.25537109375 1494.07373046875 1492.921630859375 1491.8040771484375 1490.7205810546875 1489.6708984375 1488.66162109375 1487.691162109375 1486.7530517578125 1485.8448486328125 1484.96337890625 1484.1043701171875 1483.261474609375 1482.423095703125 1481.582763671875 1480.731201171875 1479.855712890625 1478.953125
1492.592041015625 1494.4996337890625 1496.4356689453125 1498.3807373046875 1500.3118896484375 1502.1796875 1503.96044921875 1505.6258544921875 1507.1483154296875 1508.479736328125 1509.548828125 1510.3858642578125 -99999 -99999 -99999 -99999 -99999 -99999 1509.6729736328125 1508.822998046875 1507.8477783203125 1506.795654296875 1505.6915283203125 1504.558349609375 1503.4166259765625 1502.26806640625 1501.1024169921875 1499.9212646484375 1498.7335205078125 1497.5501708984375 1496.3756103515625 1495.21533203125 1494.0750732421875 1492.9620361328125 1491.8897705078125 1490.846923828125 1489.833984375 1488.850830078125 1487.89892578125 1486.981201171875 1486.0855712890625 1485.2076416015625 1484.3421630859375 1483.4833984375 1482.620361328125 1481.7452392578125 1480.852294921875 1479.935791015625
1493.6329345703125 1495.5179443359375 1497.4384765625 1499.35107421875 1501.231201171875 1503.0555419921875 1504.8006591796875 1506.4117431640625 1507.8482666015625 1509.1064453125 1510.1669921875 1511.0084228515625 1511.5650634765625 1511.87109375 1511.9559326171875 1511.8304443359375 1511.49951171875 1510.9569091796875 1510.2637939453125 1509.43994140625 1508.503173828125 1507.4736328125 1506.3895263671875 1505.292724609375 1504.19677734375 1503.10302734375 1501.9722900390625 1500.808349609375 1499.64892578125 1498.494873046875 1497.3460693359375 1496.2042236328125 1495.0850830078125 1493.989501953125 1492.91943359375 1491.875 1490.86279296875 1489.88134765625 1488.9256591796875 1487.9942626953125 1487.0850830078125 1486.197998046875 1485.32080078125 1484.447021484375 1483.5709228515625 1482.68603515625 1481.7801513671875 1480.847412109375
1494.6793212890625 1496.54443359375 1498.424560546875 1500.30029296875 1502.14990234375 1503.927001953125 1505.5975341796875 1507.147705078125 1508.5552978515625 1509.778076171875 1510.76953125 1511.5343017578125 1512.0811767578125 1512.4075927734375 1512.483642578125 1512.32373046875 1511.97607421875 1511.46484375 1510.8037109375 1509.9888916015625 1509.0543212890625 1508.0498046875 1507.00048828125 1505.9281005859375 1504.8572998046875 1503.795166015625 1502.697265625 1501.5699462890625 1500.4384765625 1499.310546875 1498.1904296875 1497.07568359375 1495.97119140625 1494.884033203125 1493.8236083984375 1492.7890625 1491.778076171875 1490.7911376953125 1489.8319091796875 1488.89892578125 1487.9866943359375 1487.09033203125 1486.20556640625 1485.3267822265625 1484.4442138671875 1483.5504150390625 1482.6400146484375 1481.70751953125
1495.7310791015625 1497.5631103515625 1499.416015625 1501.2501220703125 1503.0380859375 1504.761474609375 1506.392333984375 1507.9002685546875 1509.2283935546875 1510.3765869140625 1511.3372802734375 1512.0771484375 1512.595703125 1512.8565673828125 1512.9111328125 1512.7701416015625 1512.422119140625 1511.90673828125 1511.235107421875 1510.445068359375 1509.5484619140625 1508.55908203125 1507.526611328125 1506.4783935546875 1505.426025390625 1504.3724365234375 1503.2987060546875 1502.2086181640625 1501.1175537109375 1500.023193359375 1498.925048828125 1497.8262939453125 1496.7391357421875 1495.6688232421875 1494.6160888671875 1493.584228515625 1492.575927734375 1491.5938720703125 1490.6357421875 1489.69970703125 1488.7857666015625 1487.8887939453125 1487.0050048828125 1486.12548828125 1485.244140625 1484.3515625 1483.44189453125 1482.5068359375
1496.8067626953125 1498.5994873046875 1500.3951416015625 1502.1778564453125 1503.9234619140625 1505.60302734375 1507.1585693359375 1508.58935546875 1509.8702392578125 1510.97412109375 1511.8873291015625 1512.559814453125 1513.0294189453125 1513.2777099609375 1513.3135986328125 1513.14892578125 1512.788330078125 1512.2781982421875 1511.6209716796875 1510.8433837890625 1509.961181640625 1509.0032958984375 1507.9991455078125 1506.964599609375 1505.923828125 1504.8807373046875 1503.832275390625 1502.776123046875 1501.7064208984375 1500.631591796875 1499.5552978515625 1498.4791259765625 1497.4063720703125 1496.344482421875 1495.299072265625 1494.27587890625 1493.273193359375 1492.29296875 1491.3372802734375 1490.403564453125 1489.4951171875 1488.603759765625 1487.7247314453125 1486.85009765625 1485.9739990234375 1485.0894775390625 1484.188720703125 1483.2608642578125
1497.8765869140625 1499.6302490234375 1501.38525390625 1503.12158203125 1504.79296875 1506.3931884765625 1507.8944091796875 1509.2730712890625 1510.499267578125 1511.52734375 1512.3692626953125 1513.00390625 1513.4388427734375 1513.6580810546875 1513.6614990234375 1513.473388671875 1513.1080322265625 1512.59619140625 1511.9482421875 1511.1905517578125 1510.3302001953125 1509.392578125 1508.4080810546875 1507.3973388671875 1506.374755859375 1505.3438720703125 1504.307861328125 1503.265869140625 1502.2191162109375 1501.16552734375 1500.1021728515625 1499.036865234375 1497.9747314453125 1496.9256591796875 1495.889892578125 1494.872314453125 1493.874267578125 1492.8978271484375 1491.948974609375 1491.0242919921875 1490.12255859375 1489.2384033203125 1488.36865234375 1487.508544921875 1486.647216796875 1485.7735595703125 1484.883544921875 1483.9703369140625
1498.9744873046875 1500.675048828125 1502.3619384765625 1504.0296630859375 1505.646728515625 1507.1915283203125 1508.6302490234375 1509.924072265625 1511.06494140625 1512.0416259765625 1512.8419189453125 1513.4337158203125 1513.8094482421875 1513.9769287109375 1513.7572021484375 1513.76953125 1513.4000244140625 1512.8773193359375 1512.2264404296875 1511.4791259765625 1510.646728515625 1509.7408447265625 1508.778564453125 1507.783935546875 1506.7745361328125 1505.7568359375 1504.7349853515625 1503.7049560546875 1502.6668701171875 1501.62158203125 1500.56982421875 1499.5166015625 1498.46533203125 1497.423095703125 1496.3936767578125 1495.3809814453125 1494.390625 1493.4244384765625 1492.4822998046875 1491.564453125 1490.6732177734375 1489.8052978515625 1488.9508056640625 1488.10400390625 1487.2591552734375 1486.41015625 1485.5426025390625 1484.6417236328125
1500.063720703125 1501.708740234375 1503.343994140625 1504.9521484375 1506.5001220703125 1507.9586181640625 1509.314453125 1510.5484619140625 1511.6441650390625 1512.5572509765625 1513.2681884765625 1513.7962646484375 1514.1407470703125 1514.3021240234375 1514.21630859375 1514.0194091796875 1513.6356201171875 1513.1199951171875 1512.4886474609375 1511.74609375 1510.9195556640625 1510.0328369140625 1509.0980224609375 1508.127685546875 1507.134033203125 1506.126220703125 1505.110595703125 1504.0877685546875 1503.0572509765625 1502.017822265625 1500.971923828125 1499.9249267578125 1498.880615234375 1497.844970703125 1496.8240966796875 1495.8201904296875 1494.8360595703125 1493.8740234375 1492.9410400390625 1492.0401611328125 1491.163330078125 1490.30712890625 1489.468017578125 1488.6480712890625 1487.82958984375 1487.0018310546875 1486.1553955078125 1485.281982421875
1501.1641845703125 1502.7501220703125 1504.3212890625 1505.851806640625 1507.3236083984375 1508.71875 1510.019287109375 1511.170654296875 1512.1676025390625 1513.0093994140625 1513.6866455078125 1514.1917724609375 1514.4671630859375 1514.5616455078125 1512.4329833984375 1514.2628173828125 1513.8878173828125 1513.3463134765625 1512.7017822265625 1511.97021484375 1511.165771484375 1510.299560546875 1509.376708984375 1508.42236328125 1507.4444580078125 1506.4490966796875 1505.4407958984375 1504.4205322265625 1503.391845703125 1502.3560791015625 1501.315185546875 1500.273193359375 1499.2359619140625 1498.20751953125 1497.191162109375 1496.1905517578125 1495.214599609375 1494.266845703125 1493.346923828125 1492.454833984375 1491.58935546875 1490.7535400390625 1489.940185546875 1489.1424560546875 1488.35302734375 1487.56201171875 1486.74365234375 1485.886474609375
1502.2672119140625 1503.7869873046875 1505.287109375 1506.7515869140625 1508.1651611328125 1509.4742431640625 1510.67578125 1511.7586669921875 1512.7088623046875 1513.504638671875 1514.0916748046875 1514.5118408203125 1514.7647705078125 1513.3695068359375 1510.4290771484375 1514.4840087890625 1514.07861328125 1513.5548095703125 1512.92626953125 1512.1932373046875 1511.38427734375 1510.523193359375 1509.619384765625 1508.6812744140625 1507.7110595703125 1506.721923828125 1505.7186279296875 1504.703369140625 1503.6781005859375 1502.6439208984375 1501.6064453125 1500.569091796875 1499.535400390625 1498.5093994140625 1497.4996337890625 1496.50927734375 1495.541259765625 1494.599365234375 1493.687744140625 1492.8157958984375 1491.970458984375 1491.1513671875 1490.35791015625 1489.5867919921875 1488.835205078125 1488.0799560546875 1487.299072265625 1486.4720458984375
