gis/input_ras/sw_ww/Hydro Model_ 02 - Basal Clay_younger.asc
ncols        266
nrows        300
xllcorner    2364495.809716653544
yllcorner    243038.907031175506
cellsize     500.000000000000
NODATA_value -99999
[rows 66 to 87 of 300, columns 100 to 149 of 266]
1222.607421875 1224.4736328125 1226.8682861328125 1229.833740234375 1233.393310546875 1237.5245361328125 1242.109619140625 1247.0821533203125 1252.4422607421875 1257.990234375 1263.223876953125 1267.8458251953125 1271.530517578125 1273.7049560546875 1274.7342529296875 1275.1226806640625 1275.0826416015625 1274.6923828125 1274.0377197265625 1273.037841796875 1271.691162109375 1270.114501953125 1268.36474609375 1266.575439453125 1264.6903076171875 1262.8502197265625 -99999 -99999 -99999 -99999 -99999 -99999 -99999 -99999 -99999 -99999 -99999 -99999 -99999 -99999 -99999 -99999 -99999 1310.1846923828125 1314.3211669921875 1318.33642578125 1322.231689453125 1326.064208984375 1329.81982421875 1333.5335693359375
1230.111572265625 1232.0662841796875 1234.5379638671875 1237.5469970703125 1240.9793701171875 1244.844482421875 1249.1842041015625 1253.8370361328125 1258.5699462890625 1263.2518310546875 1267.7587890625 1271.7647705078125 1274.72021484375 1276.569091796875 1277.573974609375 1277.8359375 1277.598876953125 1276.8782958984375 1275.735595703125 1274.2633056640625 1272.5462646484375 1270.6072998046875 1268.4031982421875 1266.0802001953125 1263.73974609375 1261.57421875 -99999 -99999 -99999 -99999 -99999 -99999 -99999 -99999 -99999 -99999 -99999 -99999 -99999 -99999 -99999 -99999 -99999 -99999 1305.5343017578125 1309.2529296875 1312.8236083984375 1316.2857666015625 1319.717529296875 1323.217529296875
1238.019287109375 1240.05712890625 1242.513427734375 1245.443603515625 1248.760986328125 1252.4185791015625 1256.304931640625 1260.3807373046875 1264.623779296875 1268.779052734375 1272.51123046875 1275.6126708984375 1278.0469970703125 1279.6436767578125 1280.4500732421875 1280.4747314453125 1279.9052734375 1278.8548583984375 1277.415283203125 1275.6298828125 1273.4090576171875 1270.9345703125 1268.34423828125 1265.6949462890625 1263.03125 1260.3956298828125 -99999 -99999 -99999 -99999 -99999 -99999 -99999 -99999 -99999 -99999 -99999 -99999 -99999 -99999 -99999 -99999 -99999 -99999 -99999 1300.187744140625 1303.4208984375 1306.62841796875 1309.8074951171875 1312.934814453125
1246.2657470703125 1248.2984619140625 1250.72021484375 1253.5025634765625 1256.5594482421875 1259.939453125 1263.5008544921875 1267.1737060546875 1270.739501953125 1274.0885009765625 1277.1885986328125 1279.7882080078125 1281.7642822265625 1282.8692626953125 1283.2774658203125 1283.0294189453125 1282.22412109375 1280.9212646484375 1279.023681640625 1276.753173828125 1274.19677734375 1271.4029541015625 1268.41748046875 1265.266357421875 1262.1947021484375 1259.29150390625 -99999 -99999 -99999 -99999 -99999 -99999 -99999 -99999 -99999 -99999 -99999 -99999 -99999 -99999 -99999 -99999 -99999 -99999 -99999 -99999 1294.3380126953125 1297.1610107421875 1299.9403076171875 1302.767578125
1254.676513671875 1256.6466064453125 1258.9940185546875 1261.63134765625 1264.4935302734375 1267.5360107421875 1270.614501953125 1273.750732421875 1276.803466796875 1279.651123046875 1282.183349609375 1284.060546875 1285.4149169921875 1286.1483154296875 1286.2562255859375 1285.732666015625 1284.49462890625 1282.7486572265625 1280.562744140625 1277.986083984375 1275.032958984375 1271.748779296875 1268.364501953125 1264.9305419921875 1261.5269775390625 1258.2220458984375 -99999 -99999 -99999 -99999 -99999 -99999 -99999 -99999 -99999 -99999 -99999 -99999 -99999 -99999 -99999 -99999 -99999 -99999 -99999 -99999 -99999 1288.0223388671875 1290.554443359375 1293.0184326171875
1263.251953125 1265.147705078125 1267.322021484375 1269.73046875 1272.309326171875 1275.00439453125 1277.72021484375 1280.390869140625 1282.9248046875 1285.126708984375 1286.9898681640625 1288.4122314453125 1289.330810546875 1289.64208984375 1289.2283935546875 1288.24462890625 1286.7193603515625 1284.6854248046875 1282.1170654296875 1279.08251953125 1275.738525390625 1272.1534423828125 1268.40234375 1264.5506591796875 1260.814453125 1257.25048828125 -99999 -99999 -99999 -99999 -99999 -99999 -99999 -99999 -99999 -99999 -99999 -99999 -99999 -99999 -99999 -99999 -99999 -99999 -99999 -99999 -99999 -99999 -99999 1283.80810546875
1271.8226318359375 1273.5684814453125 1275.59814453125 1277.78125 1280.0634765625 1282.389892578125 1284.712646484375 1286.8865966796875 1288.862548828125 1290.5732421875 1291.9521484375 1292.8690185546875 1293.185302734375 1292.9727783203125 1292.2176513671875 1290.915771484375 1288.97998046875 1286.4757080078125 1283.5296630859375 1280.1888427734375 1276.5064697265625 1272.52197265625 1268.3946533203125 1264.2479248046875 1260.1661376953125 1256.2332763671875 -99999 -99999 -99999 -99999 -99999 -99999 -99999 -99999 -99999 -99999 -99999 -99999 -99999 -99999 -99999 -99999 -99999 -99999 -99999 -99999 -99999 -99999 -99999 -99999
1280.4085693359375 1281.9952392578125 1283.7559814453125 1285.658447265625 1287.68017578125 1289.6341552734375 1291.5006103515625 1293.224365234375 1294.7694091796875 1295.9971923828125 1296.7777099609375 1297.14111328125 1297.047119140625 1296.46533203125 1295.2333984375 1293.4173583984375 1291.09521484375 1288.2879638671875 1285.033935546875 1281.2728271484375 1277.1846923828125 1272.8709716796875 1268.410400390625 1263.9599609375 1259.5604248046875 1255.3538818359375 1251.4129638671875 -99999 -99999 -99999 -99999 -99999 -99999 -99999 -99999 -99999 -99999 -99999 -99999 -99999 -99999 -99999 -99999 -99999 -99999 -99999 -99999 -99999 -99999 -99999
-99999 1290.2734375 1291.8367919921875 1293.4427490234375 1295.0572509765625 1296.6314697265625 1298.1788330078125 1299.4700927734375 1300.462890625 1301.1546630859375 1301.5074462890625 1301.4884033203125 1300.8641357421875 1299.7196044921875 1298.08056640625 1295.9417724609375 1293.306396484375 1290.0408935546875 1286.346435546875 1282.27685546875 1277.9017333984375 1273.303955078125 1268.5037841796875 1263.689453125 1258.9443359375 1254.4307861328125 1250.2215576171875 -99999 -99999 -99999 -99999 -99999 -99999 -99999 -99999 -99999 -99999 -99999 -99999 -99999 -99999 -99999 -99999 -99999 -99999 -99999 -99999 -99999 -99999 -99999
-99999 -99999 1299.6651611328125 1300.999755859375 1302.3453369140625 1303.5382080078125 1304.5562744140625 1305.3765869140625 1305.998779296875 1306.3209228515625 1306.1253662109375 1305.512939453125 1304.47021484375 1302.98193359375 1300.9925537109375 1298.356689453125 1295.253173828125 1291.7005615234375 1287.7337646484375 1283.369384765625 1278.6217041015625 1273.662841796875 1268.5845947265625 1263.5166015625 1258.49853515625 1253.6239013671875 1249.0025634765625 -99999 -99999 -99999 -99999 -99999 -99999 -99999 -99999 -99999 -99999 -99999 -99999 -99999 -99999 -99999 -99999 -99999 -99999 -99999 -99999 -99999 -99999 -99999
-99999 -99999 -99999 1308.4051513671875 1309.297607421875 1310.11669921875 1310.8011474609375 1311.2696533203125 1311.32861328125 1311.0714111328125 1310.49072265625 1309.5208740234375 1308.087646484375 1306.0692138671875 1303.5977783203125 1300.6705322265625 1297.28515625 1293.409423828125 1289.0513916015625 1284.3482666015625 1279.3721923828125 1274.18505859375 1268.8211669921875 1263.3819580078125 1258.0064697265625 1252.86181640625 1247.9632568359375 1243.3641357421875 -99999 -99999 -99999 -99999 -99999 -99999 -99999 -99999 -99999 -99999 -99999 -99999 -99999 -99999 -99999 -99999 -99999 -99999 -99999 -99999 -99999 -99999
-99999 -99999 -99999 -99999 1316.16015625 1316.6177978515625 1316.7811279296875 1316.7332763671875 1316.4346923828125 1315.8194580078125 1314.79833984375 1313.2838134765625 1311.37841796875 1309.04833984375 1306.2757568359375 1302.984619140625 1299.191162109375 1294.9896240234375 1290.409423828125 1285.4898681640625 1280.2158203125 1274.68994140625 1269.062255859375 1263.395751953125 1257.7633056640625 1252.2086181640625 1246.8599853515625 1241.9383544921875 -99999 -99999 -99999 -99999 -99999 -99999 -99999 -99999 -99999 -99999 -99999 -99999 -99999 -99999 -99999 -99999 -99999 -99999 -99999 -99999 -99999 -99999
-99999 -99999 -99999 -99999 -99999 1322.75341796875 1322.5865478515625 1322.1749267578125 1321.4144287109375 1320.268310546875 1318.7979736328125 1316.952392578125 1314.7137451171875 1311.97314453125 1308.76806640625 1305.14990234375 1301.12255859375 1296.700439453125 1291.818359375 1286.5867919921875 1281.0870361328125 1275.372802734375 1269.5010986328125 1263.47802734375 1257.51708984375 1251.6873779296875 1246.047607421875 1240.6634521484375 -99999 -99999 -99999 -99999 -99999 -99999 -99999 -99999 -99999 -99999 -99999 -99999 -99999 -99999 -99999 -99999 -99999 -99999 -99999 -99999 -99999 -99999
-99999 -99999 -99999 -99999 -99999 -99999 1328.189697265625 1327.3045654296875 1326.1241455078125 1324.6273193359375 1322.7947998046875 1320.5 1317.8109130859375 1314.7359619140625 1311.270751953125 1307.4139404296875 1303.0562744140625 1298.3153076171875 1293.2291259765625 1287.8248291015625 1282.130126953125 1276.1251220703125 1269.9779052734375 1263.7467041015625 1257.4957275390625 1251.28173828125 1245.2440185546875 1239.4998779296875 1234.079833984375 -99999 -99999 -99999 -99999 -99999 -99999 -99999 -99999 -99999 -99999 -99999 -99999 -99999 -99999 -99999 -99999 -99999 -99999 -99999 -99999 -99999
-99999 -99999 -99999 -99999 -99999 -99999 -99999 1332.3076171875 1330.766845703125 1328.8197021484375 1326.5228271484375 1323.8843994140625 1320.8963623046875 1317.54931640625 1313.713623046875 1309.51513671875 1304.95849609375 1300.0511474609375 1294.7833251953125 1289.1168212890625 1283.1810302734375 1277.0126953125 1270.653564453125 1264.150390625 1257.591552734375 1251.0789794921875 1244.6815185546875 1238.4691162109375 1232.589111328125 -99999 -99999 -99999 -99999 -99999 -99999 -99999 -99999 -99999 -99999 -99999 -99999 -99999 -99999 -99999 -99999 -99999 -99999 -99999 -99999 -99999
-99999 -99999 -99999 -99999 -99999 -99999 -99999 -99999 1335.1263427734375 1332.8255615234375 1330.2034912109375 1327.2587890625 1323.8719482421875 1320.154541015625 1316.1048583984375 1311.72119140625 1306.956298828125 1301.788818359375 1296.304443359375 1290.5157470703125 1284.438232421875 1278.0709228515625 1271.46728515625 1264.72021484375 1257.882568359375 1251.0384521484375 1244.299560546875 1237.7149658203125 1231.3839111328125 1225.3775634765625 -99999 -99999 -99999 -99999 -99999 -99999 -99999 -99999 -99999 -99999 -99999 -99999 -99999 -99999 -99999 -99999 -99999 -99999 -99999 -99999
-99999 -99999 -99999 -99999 -99999 -99999 -99999 -99999 -99999 1336.7757568359375 1333.726318359375 1330.3870849609375 1326.744384765625 1322.8040771484375 1318.5035400390625 1313.83447265625 1308.8604736328125 1303.5799560546875 1297.9722900390625 1292.0130615234375 1285.739501953125 1279.2052001953125 1272.4351806640625 1265.4979248046875 1258.4005126953125 1251.241943359375 1244.1085205078125 1237.091552734375 1230.3985595703125 1223.979248046875 -99999 -99999 -99999 -99999 -99999 -99999 -99999 -99999 -99999 -99999 -99999 -99999 -99999 -99999 -99999 -99999 -99999 -99999 -99999 -99999
-99999 -99999 -99999 -99999 -99999 -99999 -99999 -99999 -99999 1340.4383544921875 1337.1124267578125 1333.5224609375 1329.5751953125 1325.3062744140625 1320.7686767578125 1315.9542236328125 1310.8447265625 1305.386962890625 1299.6177978515625 1293.5557861328125 1287.1837158203125 1280.53466796875 1273.5770263671875 1266.398193359375 1259.0504150390625 1251.6448974609375 1244.2481689453125 1236.8704833984375 1229.661865234375 1222.7099609375 -99999 -99999 -99999 -99999 -99999 -99999 -99999 -99999 -99999 -99999 -99999 -99999 -99999 -99999 -99999 -99999 -99999 -99999 -99999 -99999
-99999 -99999 -99999 -99999 -99999 -99999 -99999 -99999 -99999 -99999 1340.4189453125 1336.4404296875 1332.22705078125 1327.7705078125 1323.06005859375 1318.0340576171875 1312.75244140625 1307.2030029296875 1301.356689453125 1295.220947265625 1288.7232666015625 1281.929931640625 1274.8460693359375 1267.5252685546875 1260.009521484375 1252.3001708984375 1244.52490234375 1236.8348388671875 1229.31494140625 1222.0181884765625 1215.03173828125 -99999 -99999 -99999 -99999 -99999 -99999 -99999 -99999 -99999 -99999 -99999 -99999 -99999 -99999 -99999 -99999 -99999 -99999 -99999
-99999 -99999 -99999 -99999 -99999 -99999 -99999 -99999 -99999 -99999 1343.52392578125 1339.322998046875 1334.880859375 1330.1390380859375 1325.2032470703125 1320.059326171875 1314.686767578125 1309.0670166015625 1303.137451171875 1296.9139404296875 1290.358154296875 1283.498779296875 1276.3253173828125 1268.820068359375 1261.0792236328125 1253.1873779296875 1245.2127685546875 1237.202392578125 1229.239501953125 1221.53955078125 1214.2186279296875 -99999 -99999 -99999 -99999 -99999 -99999 -99999 -99999 -99999 -99999 -99999 -99999 -99999 -99999 -99999 -99999 -99999 -99999 -99999
-99999 -99999 -99999 -99999 -99999 -99999 -99999 -99999 -99999 -99999 -99999 1342.0367431640625 1337.3182373046875 1332.4071044921875 1327.33642578125 1322.0732421875 1316.594482421875 1310.8887939453125 1304.93408203125 1298.7049560546875 1292.150634765625 1285.2119140625 1277.9052734375 1270.305419921875 1262.4503173828125 1254.35302734375 1246.0980224609375 1237.8399658203125 1229.6519775390625 1221.62109375 1213.830078125 -99999 -99999 -99999 -99999 -99999 -99999 -99999 -99999 -99999 -99999 -99999 -99999 -99999 -99999 -99999 -99999 -99999 -99999 -99999
-99999 -99999 -99999 -99999 -99999 -99999 -99999 -99999 -99999 -99999 -99999 1344.6546630859375 1339.7181396484375 1334.618408203125 1329.355712890625 1323.970703125 1318.4365234375 1312.7330322265625 1306.811767578125 1300.5577392578125 1293.9691162109375 1287.02978515625 1279.73095703125 1272.02734375 1263.982421875 1255.7353515625 1247.3448486328125 1238.8751220703125 1230.3853759765625 1222.091552734375 1214.060791015625 1206.37841796875 -99999 -99999 -99999 -99999 -99999 -99999 -99999 -99999 -99999 -99999 -99999 -99999 -99999 -99999 -99999 -99999 -99999 -99999
