gis/input_ras/sw_ww/Hydro Model_ 08 - Top Clay_younger.asc
ncols        266
nrows        300
xllcorner    2364495.809716653544
yllcorner    243038.907031175506
cellsize     500.000000000000
NODATA_value -99999
[rows 42 to 62 of 300, columns 48 to 95 of 266]
1443.132568359375 1443.132568359375 1442.466796875 1442.466796875 1442.466796875 1442.2392578125 1441.7890625 1441.7890625 1441.666259765625 1441.1346435546875 1441.1346435546875 1440.5345458984375 1440.5345458984375 1448.98291015625 1448.98291015625 1448.98291015625 1448.98291015625 1448.98291015625 1448.98291015625 1448.98291015625 1448.98291015625 1448.98291015625 1448.98291015625 1448.98291015625 1448.98291015625 1448.98291015625 1448.98291015625 1448.98291015625 1448.98291015625 1448.98291015625 1448.98291015625 1448.9691162109375 -99999 -99999 -99999 -99999 -99999 -99999 -99999 -99999 -99999 -99999 1461.9183349609375 1446.6864013671875 1446.6864013671875 1446.6864013671875 1446.6864013671875 1446.6864013671875
1438.615478515625 1438.6153564453125 1438.615478515625 1438.615478515625 1438.615478515625 1438.615478515625 1438.615478515625 1438.615478515625 1438.615478515625 1438.615478515625 1438.615478515625 1438.615478515625 1438.615478515625 1448.073974609375 1448.98291015625 1448.98291015625 1448.98291015625 1448.98291015625 1448.98291015625 1448.98291015625 1448.98291015625 1448.98291015625 1448.98291015625 1448.98291015625 1448.98291015625 1448.98291015625 1448.98291015625 1448.98291015625 1448.98291015625 1448.98291015625 1448.98291015625 1448.978759765625 -99999 -99999 -99999 -99999 -99999 -99999 -99999 -99999 -99999 -99999 1463.5023193359375 1446.6864013671875 1446.6864013671875 1446.6864013671875 1446.6864013671875 1446.6864013671875
1438.615478515625 1438.6153564453125 1438.615478515625 1438.615478515625 1438.615478515625 1438.615478515625 1438.615478515625 1438.615478515625 1438.615478515625 1438.615478515625 1438.615478515625 1438.615478515625 1438.615478515625 1447.7532958984375 1448.98291015625 1448.98291015625 1448.98291015625 1448.98291015625 1448.98291015625 1448.98291015625 1448.98291015625 1448.98291015625 1448.98291015625 1448.98291015625 1448.98291015625 1448.98291015625 1448.98291015625 1448.98291015625 1448.98291015625 1448.98291015625 1448.98291015625 1448.98046875 -99999 -99999 -99999 -99999 -99999 -99999 -99999 -99999 -99999 -99999 1460.432373046875 1446.6864013671875 1446.6864013671875 1446.6864013671875 1446.6864013671875 1446.6864013671875
1438.615478515625 1438.6153564453125 1438.615478515625 1438.615478515625 1438.615478515625 1438.615478515625 1438.615478515625 1438.615478515625 1438.615478515625 1438.615478515625 1438.615478515625 1438.615478515625 1438.615478515625 1448.073974609375 1448.98291015625 1448.98291015625 1448.98291015625 1448.98291015625 1448.98291015625 1448.98291015625 1448.98291015625 1448.98291015625 1448.98291015625 1448.98291015625 1448.98291015625 1448.98291015625 1448.98291015625 1448.98291015625 1448.98291015625 1448.98291015625 1448.98291015625 1448.98291015625 -99999 -99999 -99999 -99999 -99999 -99999 -99999 -99999 -99999 -99999 1459.4998779296875 1446.6864013671875 1446.6864013671875 1446.6864013671875 1446.6864013671875 1446.6864013671875
1438.615478515625 1438.6148681640625 1438.615478515625 1438.615478515625 1438.615478515625 1438.615478515625 1438.615478515625 1438.615478515625 1438.615478515625 1438.615478515625 1438.615478515625 1438.615478515625 1438.615478515625 1447.8878173828125 1448.98291015625 1448.98291015625 1448.98291015625 1448.98291015625 1448.98291015625 1448.98291015625 1448.98291015625 1448.98291015625 1448.98291015625 1448.98291015625 1448.98291015625 1448.98291015625 1448.98291015625 1448.98291015625 1448.98291015625 1448.98291015625 1448.98291015625 1448.98291015625 -99999 -99999 -99999 -99999 -99999 -99999 -99999 -99999 -99999 -99999 1456.30322265625 1446.6864013671875 1446.6864013671875 1446.6864013671875 1446.6864013671875 1446.6864013671875
1438.649169921875 1438.7152099609375 1438.6153564453125 1438.615478515625 1438.615478515625 1438.615478515625 1438.615478515625 1438.615478515625 1438.615478515625 1438.615478515625 1438.615478515625 1438.615478515625 1438.615478515625 1447.7532958984375 1448.98291015625 1448.98291015625 1448.98291015625 1448.98291015625 1448.98291015625 1448.98291015625 1448.98291015625 1448.98291015625 1448.98291015625 1448.98291015625 1448.98291015625 1448.982421875 1448.981689453125 1448.9617919921875 1448.9617919921875 1448.9617919921875 1448.911865234375 1448.911865234375 -99999 -99999 -99999 -99999 -99999 -99999 -99999 -99999 -99999 -99999 1454.2723388671875 1446.6864013671875 1446.6864013671875 1446.6864013671875 1446.6864013671875 1446.6864013671875
1475.6229248046875 1466.418212890625 1440.81396484375 1438.615478515625 1438.615478515625 1438.615478515625 1438.615478515625 1438.615478515625 1438.615478515625 1438.615478515625 1438.615478515625 1438.615478515625 1438.615478515625 1443.6578369140625 1442.75537109375 1443.519287109375 1443.6578369140625 1442.75537109375 1442.75537109375 1445.3978271484375 1448.98291015625 1448.98291015625 1448.98291015625 1448.98291015625 1448.9786376953125 1446.4520263671875 -99999 -99999 -99999 -99999 -99999 -99999 -99999 -99999 -99999 -99999 -99999 -99999 -99999 -99999 -99999 -99999 -99999 1446.6864013671875 1446.6864013671875 1446.6864013671875 1446.6864013671875 1446.6864013671875
1482.932373046875 1477.4796142578125 1468.250244140625 1459.8812255859375 1454.51513671875 1438.6024169921875 1438.615478515625 1438.615478515625 1438.615478515625 1438.615478515625 1438.615478515625 1438.615478515625 1438.615478515625 1438.7593994140625 1438.7593994140625 1438.72314453125 1438.7593994140625 1438.7593994140625 1438.689697265625 1442.4444580078125 1448.98291015625 1448.98291015625 1448.98291015625 1448.98291015625 1448.898681640625 1441.831298828125 -99999 -99999 -99999 -99999 -99999 -99999 -99999 -99999 -99999 -99999 -99999 -99999 -99999 -99999 -99999 -99999 -99999 1448.44580078125 1446.6864013671875 1446.6864013671875 1446.6864013671875 1446.6864013671875
1492.2047119140625 1502.934814453125 1490.0997314453125 1489.533447265625 1493.075927734375 1483.5877685546875 1482.962646484375 1479.666259765625 1476.979736328125 1438.615478515625 1438.615478515625 1438.615478515625 1438.615478515625 1438.615478515625 1438.615478515625 1438.615478515625 1438.615478515625 1438.615478515625 1438.615478515625 1442.2144775390625 1448.98291015625 1448.98291015625 1448.98291015625 1448.98291015625 1448.9373779296875 1441.7418212890625 -99999 -99999 -99999 -99999 -99999 -99999 -99999 -99999 -99999 1443.796630859375 1443.5318603515625 1453.857421875 1450.1907958984375 -99999 -99999 -99999 1456.0015869140625 1454.4014892578125 1447.939208984375 1446.6864013671875 1446.6864013671875 1446.6864013671875
1484.4495849609375 1486.726806640625 1496.0733642578125 1492.399169921875 1490.3436279296875 1481.05859375 1482.8621826171875 1478.1705322265625 1469.42333984375 1456.201904296875 1439.158935546875 1438.615478515625 1438.615478515625 1438.615478515625 1438.615478515625 1438.615478515625 1438.615478515625 1438.615478515625 1438.615478515625 1442.2144775390625 1448.98291015625 1448.98291015625 1448.98291015625 1448.98291015625 1448.9578857421875 1442.343017578125 -99999 -99999 -99999 -99999 -99999 -99999 -99999 -99999 1450.3048095703125 1458.676025390625 1462.382080078125 1462.7752685546875 1461.584228515625 1461.3817138671875 1461.592041015625 1460.128662109375 1457.95068359375 1459.8741455078125 1447.8538818359375 1447.6512451171875 1446.6864013671875 1446.6864013671875
1482.99462890625 1485.2740478515625 1487.1156005859375 1487.6085205078125 1484.49072265625 1481.2265625 1487.80615234375 1484.25341796875 1468.0009765625 1448.5194091796875 1445.7601318359375 1444.08251953125 1438.615478515625 1438.615478515625 1438.615478515625 1438.615478515625 1438.615478515625 1438.615478515625 1438.615478515625 1442.00927734375 1448.98291015625 1448.98291015625 1448.98291015625 1448.98291015625 1448.9578857421875 1441.9283447265625 -99999 -99999 -99999 -99999 -99999 -99999 -99999 1457.1304931640625 1469.6702880859375 1471.2156982421875 1471.424560546875 1469.5745849609375 1467.696044921875 1470.412109375 1469.18896484375 1469.096435546875 1465.931884765625 1465.7196044921875 1456.9202880859375 1447.90185546875 1446.6864013671875 1446.6864013671875
1481.1478271484375 1482.3529052734375 1481.67578125 1481.2476806640625 1478.5360107421875 1477.0780029296875 1481.292236328125 1474.140625 1463.0098876953125 1438.615478515625 1438.615478515625 1438.615478515625 1438.615478515625 1438.615478515625 1438.615478515625 1438.615478515625 1438.615478515625 1438.615478515625 1438.615478515625 1442.00927734375 1448.98291015625 1448.98291015625 1448.98291015625 1448.98291015625 1448.9578857421875 1442.343017578125 -99999 -99999 -99999 -99999 -99999 -99999 1458.675048828125 1474.7667236328125 1473.3421630859375 1473.1741943359375 1476.767333984375 1473.4671630859375 1472.3240966796875 1471.9970703125 1472.9525146484375 1471.2828369140625 1469.6060791015625 1467.3135986328125 1462.713134765625 1460.8466796875 1446.6864013671875 1446.6864013671875
1482.591064453125 1485.6005859375 1485.2266845703125 1478.9881591796875 1469.5076904296875 1468.8095703125 1469.896728515625 1466.774658203125 1450.676513671875 1438.615478515625 1438.615478515625 1438.615478515625 1438.615478515625 1438.615478515625 1438.615478515625 1438.615478515625 1438.615478515625 1438.615478515625 1438.615478515625 1441.7532958984375 1448.98291015625 1448.98291015625 1448.98291015625 1448.98291015625 1448.9578857421875 1442.343017578125 -99999 -99999 -99999 -99999 -99999 -99999 1471.6937255859375 1474.225341796875 1473.38037109375 1475.0009765625 1474.6982421875 1476.936279296875 1473.6566162109375 1474.187744140625 1475.5965576171875 1472.4425048828125 1470.624267578125 1469.3758544921875 1468.197265625 1463.4407958984375 1451.17822265625 1446.6864013671875
1488.083251953125 1490.9263916015625 1493.22509765625 1483.0374755859375 1472.5467529296875 1479.467041015625 1472.654296875 1449.457763671875 1438.615478515625 1438.615478515625 1438.615478515625 1438.615478515625 1438.615478515625 1438.615478515625 1438.615478515625 1438.615478515625 1438.615478515625 1438.615478515625 1438.615478515625 1441.7532958984375 1448.98291015625 1448.98291015625 1448.98291015625 1448.98291015625 1448.9815673828125 1443.1434326171875 -99999 -99999 -99999 -99999 -99999 1463.2503662109375 1473.9954833984375 1474.4449462890625 1473.1351318359375 1474.699951171875 1476.50244140625 1476.1259765625 1478.7015380859375 1481.6732177734375 1481.7196044921875 1476.8277587890625 1476.469482421875 1472.5526123046875 1471.7747802734375 1469.0750732421875 1459.315185546875 1451.469482421875
1490.5301513671875 1492.091796875 1496.04443359375 1492.3870849609375 1473.510009765625 1472.1236572265625 1468.4761962890625 1442.9783935546875 1438.615478515625 1438.615478515625 1438.615478515625 1438.615478515625 1438.615478515625 1438.615478515625 1438.615478515625 1438.615478515625 1438.615478515625 1438.615478515625 1438.615478515625 1441.90966796875 1448.98291015625 1448.98291015625 1448.98291015625 1448.98291015625 1448.98193359375 1443.15625 -99999 -99999 -99999 -99999 1445.8072509765625 1472.5963134765625 1474.058349609375 1475.695068359375 1472.2557373046875 1474.5213623046875 1476.1488037109375 1475.6005859375 1479.53076171875 1485.3785400390625 1484.6591796875 1481.7152099609375 1482.984130859375 1475.6103515625 1475.464599609375 1473.6248779296875 1462.0516357421875 1455.59326171875
1488.947509765625 1484.1549072265625 1494.05859375 1500.519287109375 1495.855224609375 1482.09521484375 1461.6195068359375 1441.218017578125 1438.615478515625 1438.615478515625 1438.615478515625 1438.615478515625 1438.615478515625 1438.615478515625 1438.615478515625 1438.615478515625 1438.615478515625 1438.615478515625 1438.615478515625 1441.7532958984375 1448.98291015625 1448.98291015625 1448.98291015625 1448.98291015625 1448.98291015625 1443.9407958984375 -99999 -99999 -99999 -99999 1456.2061767578125 1467.2073974609375 1472.352294921875 1473.7740478515625 1473.427001953125 1472.647216796875 1474.3140869140625 1477.7547607421875 1479.3887939453125 1481.953125 1487.0374755859375 1486.26513671875 1483.2852783203125 1479.848388671875 1478.4921875 1472.42724609375 1462.9874267578125 1455.4478759765625
1486.4075927734375 1479.045166015625 1479.08154296875 1489.6102294921875 1494.1546630859375 1483.7568359375 1461.0638427734375 1441.359619140625 1438.615478515625 1438.615478515625 1438.615478515625 1438.615478515625 1438.615478515625 1438.615478515625 1438.615478515625 1438.615478515625 1438.615478515625 1438.615478515625 1438.615478515625 1441.44970703125 1448.98291015625 1448.98291015625 1448.98291015625 1448.98291015625 1448.98291015625 1444.1788330078125 -99999 -99999 -99999 1442.4027099609375 1464.681396484375 1464.1507568359375 1471.0235595703125 1475.6827392578125 1474.9222412109375 1475.5428466796875 1476.7646484375 1480.315673828125 1482.3302001953125 1479.772705078125 1482.071044921875 1486.0242919921875 1485.4158935546875 1483.8074951171875 1481.99462890625 1476.34375 1463.6893310546875 1458.6619873046875
1476.779052734375 1477.847412109375 1473.766845703125 1477.4976806640625 1478.193115234375 1465.7452392578125 1459.5921630859375 1438.615478515625 1438.615478515625 1438.615478515625 1438.615478515625 1438.615478515625 1438.615478515625 1438.615478515625 1438.615478515625 1438.615478515625 1438.615478515625 1438.615478515625 1438.615478515625 1441.44970703125 1448.98291015625 1448.98291015625 1448.98291015625 1448.98291015625 1448.98291015625 1444.6990966796875 -99999 -99999 1439.329345703125 1453.3785400390625 1469.9532470703125 1466.37548828125 1465.3616943359375 1469.1776123046875 1471.75634765625 1472.9217529296875 1478.6590576171875 1484.0946044921875 1486.075927734375 1482.806884765625 1480.816650390625 1482.840087890625 1483.0712890625 1485.583740234375 1478.549560546875 1472.557373046875 1464.8870849609375 1460.72119140625
1467.8055419921875 1459.117919921875 1448.6014404296875 1447.224609375 1445.72607421875 1464.736083984375 1466.96875 1438.615478515625 1438.615478515625 1438.615478515625 1438.615478515625 1438.615478515625 1438.615478515625 1438.615478515625 1438.615478515625 1438.615478515625 1438.615478515625 1438.615478515625 1438.615478515625 1441.1070556640625 1448.98291015625 1448.981201171875 1448.981201171875 1448.981201171875 1448.95751953125 1445.1380615234375 -99999 -99999 1449.59814453125 1469.007080078125 1468.670654296875 1468.9210205078125 1471.59716796875 1474.9149169921875 1470.2030029296875 1471.626220703125 1473.314453125 1483.1474609375 1486.912109375 1485.380859375 1485.343505859375 1484.1116943359375 1482.9219970703125 1484.9180908203125 1481.303955078125 1475.9090576171875 1468.04541015625 1466.9114990234375
1453.9498291015625 1437.945556640625 1443.605712890625 1438.615478515625 1438.615478515625 1464.6951904296875 1484.404541015625 1444.835693359375 1438.615478515625 1438.615478515625 1438.615478515625 1438.615478515625 1438.615478515625 1438.615478515625 1438.615478515625 1438.615478515625 1438.615478515625 1438.615478515625 1438.615478515625 1440.2193603515625 1445.5333251953125 1445.5333251953125 1445.5333251953125 1444.8436279296875 1444.8436279296875 1444.037841796875 -99999 1438.615478515625 1469.5888671875 1475.644287109375 1475.56884765625 1473.188232421875 1474.581298828125 1480.0343017578125 1478.939697265625 1472.4080810546875 1472.636962890625 1482.6339111328125 1486.434814453125 1486.8455810546875 1485.402099609375 1485.02392578125 1488.01171875 1487.673095703125 1483.803466796875 1479.7510986328125 1475.4202880859375 1475.4661865234375
1448.2877197265625 1462.92626953125 1445.323486328125 1438.615478515625 1438.615478515625 1451.7501220703125 1472.93017578125 1446.68212890625 1438.615478515625 1438.615478515625 1438.615478515625 1438.615478515625 1438.615478515625 1438.615478515625 1438.615478515625 1438.615478515625 1438.615478515625 1438.615478515625 1438.615478515625 1438.615478515625 1438.7724609375 1438.7724609375 -99999 -99999 -99999 -99999 -99999 1453.7940673828125 1460.916259765625 1470.114501953125 1482.1773681640625 1488.5074462890625 1488.1573486328125 1482.89697265625 1480.4859619140625 1479.50244140625 1483.324462890625 1489.6923828125 1498.744873046875 1484.0654296875 1483.9967041015625 1488.2567138671875 1489.9022216796875 1490.79248046875 1481.0487060546875 1483.441162109375 1476.5128173828125 1473.47314453125
