gis/input_ras/sw_ww/Hydro Model_ 01 - Bedrock_younger.asc
ncols        266
nrows        300
xllcorner    2364495.809716653544
yllcorner    243038.907031175506
cellsize     500.000000000000
NODATA_value -99999
[rows 40 to 59 of 300, columns 44 to 87 of 266]
1274.44384765625 1272.517822265625 1270.59912109375 1268.70556640625 1266.85400390625 1265.1011962890625 1263.43505859375 1261.8648681640625 1260.3984375 1259.064697265625 1257.863525390625 1256.7720947265625 1255.787109375 1254.9073486328125 1254.1572265625 1253.4931640625 1252.908203125 1252.3968505859375 1251.9661865234375 1251.6187744140625 1251.3153076171875 1251.062255859375 1250.856689453125 1250.7208251953125 1250.6253662109375 1250.559326171875 1250.5302734375 1250.5374755859375 1250.6153564453125 1250.7064208984375 1250.8326416015625 1250.996826171875 1251.201171875 1251.482421875 1251.79248046875 1252.1573486328125 1252.58203125 1253.0721435546875 1253.6724853515625 1254.3458251953125 1255.1109619140625 1255.974609375 1256.9434814453125 1258.0758056640625
1276.223388671875 1274.40673828125 1272.5928955078125 1270.832275390625 1269.117431640625 1267.4605712890625 1265.8671875 1264.376708984375 1262.9947509765625 1261.7025146484375 1260.4993896484375 1259.397705078125 1258.39892578125 1257.4801025390625 1256.6304931640625 1255.8448486328125 1255.157470703125 1254.51318359375 1253.908935546875 1253.345947265625 1252.8280029296875 1252.4019775390625 1251.9686279296875 1251.5653076171875 1251.1947021484375 1250.875732421875 1250.636962890625 1250.382568359375 1250.165771484375 1249.98876953125 1249.8818359375 1249.843505859375 1249.816650390625 1249.8438720703125 1249.928955078125 1250.1099853515625 1250.3677978515625 1250.6817626953125 1251.077392578125 1251.5589599609375 1252.173583984375 1252.890625 1253.704345703125 1254.62744140625
1278.0728759765625 1276.41650390625 1274.7696533203125 1273.1348876953125 1271.52392578125 1269.9942626953125 1268.54296875 1267.1578369140625 1265.837890625 1264.59326171875 1263.4439697265625 1262.36181640625 1261.3353271484375 1260.372802734375 1259.4727783203125 1258.6080322265625 1257.771728515625 1256.9608154296875 1256.211181640625 1255.4974365234375 1254.7666015625 1254.0526123046875 1253.3565673828125 1252.7470703125 1252.153564453125 1251.541259765625 1250.9588623046875 1250.4208984375 1249.9852294921875 1249.569091796875 1249.1663818359375 1248.8179931640625 1248.548583984375 1248.38818359375 1248.268798828125 1248.2047119140625 1248.220458984375 1248.34619140625 1248.590576171875 1248.903564453125 1249.302978515625 1249.7977294921875 1250.4317626953125 1251.19921875
1280.0941162109375 1278.558837890625 1277.0340576171875 1275.565673828125 1274.1451416015625 1272.7613525390625 1271.4119873046875 1270.122802734375 1268.9237060546875 1267.776123046875 1266.6697998046875 1265.607421875 1264.5899658203125 1263.604736328125 1262.632568359375 1261.6810302734375 1260.7545166015625 1259.834716796875 1258.8875732421875 1257.93359375 1257.01123046875 1256.111328125 1255.1998291015625 1254.2564697265625 1253.3228759765625 1252.46923828125 1251.6541748046875 1250.8389892578125 1250.032958984375 1249.2760009765625 1248.6502685546875 1248.0828857421875 1247.5462646484375 1247.0684814453125 1246.6837158203125 1246.4404296875 1246.281494140625 1246.1837158203125 1246.172119140625 1246.2738037109375 1246.5107421875 1246.840087890625 1247.2286376953125 1247.7232666015625
1282.1611328125 1280.824951171875 1279.510009765625 1278.186279296875 1276.89599609375 1275.647705078125 1274.48388671875 1273.3543701171875 1272.2431640625 1271.1702880859375 1270.1341552734375 1269.12890625 1268.12451171875 1267.1214599609375 1266.118896484375 1265.103759765625 1264.050048828125 1262.9761962890625 1261.8963623046875 1260.7982177734375 1259.6551513671875 1258.4581298828125 1257.2740478515625 1256.1107177734375 1254.9508056640625 1253.7572021484375 1252.555908203125 1251.44140625 1250.389892578125 1249.3875732421875 1248.3968505859375 1247.4659423828125 1246.6851806640625 1245.99609375 1245.3936767578125 1244.8480224609375 1244.404296875 1244.1259765625 1243.9420166015625 1243.8499755859375 1243.8076171875 1243.8594970703125 1244.0618896484375 1244.3721923828125
1284.4244384765625 1283.2310791015625 1282.0556640625 1280.9124755859375 1279.8392333984375 1278.7694091796875 1277.7275390625 1276.7169189453125 1275.74267578125 1274.8001708984375 1273.8382568359375 1272.8741455078125 1271.9000244140625 1270.9036865234375 1269.8616943359375 1268.7774658203125 1267.6507568359375 1266.478515625 1265.2294921875 1263.9117431640625 1262.5697021484375 1261.1890869140625 1259.7750244140625 1258.2816162109375 1256.78076171875 1255.3170166015625 1253.86669921875 1252.4403076171875 1250.9893798828125 1249.63818359375 1248.388427734375 1247.2152099609375 1246.1229248046875 1245.0814208984375 1244.208251953125 1243.4609375 1242.81982421875 1242.275634765625 1241.806884765625 1241.490234375 1241.2593994140625 1241.1087646484375 1241.0303955078125 1241.032470703125
1286.763671875 1285.7564697265625 1284.784423828125 1283.8236083984375 1282.8914794921875 1281.9873046875 1281.1258544921875 1280.27734375 1279.42578125 1278.57177734375 1277.706298828125 1276.8221435546875 1275.8800048828125 1274.8851318359375 1273.8321533203125 1272.7144775390625 1271.499267578125 1270.1982421875 1268.8193359375 1267.36376953125 1265.8343505859375 1264.1839599609375 1262.5013427734375 1260.775390625 1259.017578125 1257.237060546875 1255.4078369140625 1253.651611328125 1251.93505859375 1250.271484375 1248.6630859375 1247.1356201171875 1245.7552490234375 1244.482666015625 1243.32373046875 1242.2701416015625 1241.36279296875 1240.59716796875 1239.9351806640625 1239.365966796875 1238.8533935546875 1238.450439453125 1238.1456298828125 1237.93701171875
1289.2569580078125 1288.4207763671875 1287.611083984375 1286.8292236328125 1286.083984375 1285.358642578125 1284.646240234375 1283.9385986328125 1283.2265625 1282.4942626953125 1281.7177734375 1280.8914794921875 1280.0045166015625 1279.04638671875 1277.9788818359375 1276.8082275390625 1275.5355224609375 1274.157470703125 1272.6705322265625 1271.0369873046875 1269.3035888671875 1267.47607421875 1265.5635986328125 1263.56640625 1261.506103515625 1259.41650390625 1257.3150634765625 1255.219970703125 1253.1451416015625 1251.148681640625 1249.2301025390625 1247.4033203125 1245.68115234375 1244.08544921875 1242.6544189453125 1241.3555908203125 1240.186279296875 1239.1416015625 1238.2271728515625 1237.422119140625 1236.6966552734375 1236.046875 1235.4700927734375 1234.9759521484375
1291.8714599609375 1291.1976318359375 1290.5565185546875 1289.957275390625 1289.3812255859375 1288.8218994140625 1288.260498046875 1287.697021484375 1287.1142578125 1286.4940185546875 1285.8232421875 1285.0750732421875 1284.2310791015625 1283.287353515625 1282.234130859375 1281.0626220703125 1279.7525634765625 1278.278076171875 1276.6671142578125 1274.92041015625 1273.0408935546875 1271.033935546875 1268.8812255859375 1266.63427734375 1264.3092041015625 1261.923583984375 1259.5322265625 1257.109130859375 1254.7119140625 1252.362548828125 1250.0889892578125 1247.9620361328125 1245.9306640625 1244.030517578125 1242.270263671875 1240.67626953125 1239.2630615234375 1237.9727783203125 1236.80078125 1235.7318115234375 1234.7764892578125 1233.9033203125 1233.0916748046875 1232.334716796875
1294.578369140625 1294.077392578125 1293.610595703125 1293.1728515625 1292.7275390625 1292.32861328125 1291.926513671875 1291.5069580078125 1291.0504150390625 1290.5223388671875 1289.9373779296875 1289.26513671875 1288.4921875 1287.595947265625 1286.5523681640625 1285.35400390625 1284.0037841796875 1282.495849609375 1280.821044921875 1278.9669189453125 1276.9278564453125 1274.7369384765625 1272.403564453125 1269.9613037109375 1267.3963623046875 1264.7279052734375 1262.0086669921875 1259.26416015625 1256.587158203125 1253.9246826171875 1251.320068359375 1248.8138427734375 1246.4256591796875 1244.26708984375 1242.223388671875 1240.3331298828125 1238.5987548828125 1237.02197265625 1235.651123046875 1234.3487548828125 1233.1424560546875 1232.02294921875 1230.99462890625 1230.0579833984375
1297.407470703125 1297.0306396484375 1296.6868896484375 1296.40625 1296.1434326171875 1295.88720703125 1295.5958251953125 1295.2843017578125 1294.94287109375 1294.537353515625 1294.0509033203125 1293.437255859375 1292.7113037109375 1291.84765625 1290.837158203125 1289.6622314453125 1288.29931640625 1286.7469482421875 1284.994140625 1283.05419921875 1280.925048828125 1278.621826171875 1276.11865234375 1273.4466552734375 1270.641357421875 1267.746826171875 1264.8074951171875 1261.775390625 1258.7301025390625 1255.7120361328125 1252.8138427734375 1250.042724609375 1247.342529296875 1244.7890625 1242.396240234375 1240.25341796875 1238.2852783203125 1236.44287109375 1234.7457275390625 1233.1773681640625 1231.78857421875 1230.4835205078125 1229.2398681640625 1228.076904296875
1300.2550048828125 1300.0333251953125 1299.8509521484375 1299.683837890625 1299.5242919921875 1299.37841796875 1299.2315673828125 1299.0506591796875 1298.7943115234375 1298.4625244140625 1298.0452880859375 1297.5179443359375 1296.8642578125 1296.0360107421875 1295.052001953125 1293.884521484375 1292.523193359375 1290.9642333984375 1289.1783447265625 1287.1956787109375 1284.972412109375 1282.5364990234375 1279.9024658203125 1277.095947265625 1274.143798828125 1271.000732421875 1267.754638671875 1264.459228515625 1261.1807861328125 1257.914794921875 1254.6522216796875 1251.479248046875 1248.4783935546875 1245.671142578125 1243.0157470703125 1240.5091552734375 1238.18359375 1236.0960693359375 1234.1907958984375 1232.4051513671875 1230.7225341796875 1229.1531982421875 1227.7393798828125 1226.4217529296875
1303.1959228515625 1303.061279296875 1302.966552734375 1302.916259765625 1302.8935546875 1302.8568115234375 1302.787353515625 1302.68115234375 1302.524658203125 1302.291259765625 1301.9393310546875 1301.4605712890625 1300.852294921875 1300.08447265625 1299.14599609375 1297.9954833984375 1296.6453857421875 1295.0953369140625 1293.2974853515625 1291.2735595703125 1288.99560546875 1286.501708984375 1283.794189453125 1280.83349609375 1277.6829833984375 1274.3856201171875 1270.974853515625 1267.4639892578125 1263.858154296875 1260.26025390625 1256.7598876953125 1253.344970703125 1250.0245361328125 1246.822998046875 1243.832763671875 1241.0867919921875 1238.525634765625 1236.1253662109375 1233.88232421875 1231.84423828125 1229.9715576171875 1228.216796875 1226.5447998046875 1224.9576416015625
1306.1075439453125 1306.0731201171875 1306.089111328125 1306.1214599609375 1306.1654052734375 1306.2069091796875 1306.2371826171875 1306.216796875 1306.1156005859375 1305.932373046875 1305.651611328125 1305.2457275390625 1304.682373046875 1303.945556640625 1303.0394287109375 1301.9493408203125 1300.6353759765625 1299.077392578125 1297.28173828125 1295.2567138671875 1292.9876708984375 1290.44189453125 1287.6331787109375 1284.60205078125 1281.3699951171875 1277.9329833984375 1274.3001708984375 1270.574462890625 1266.790771484375 1262.985107421875 1259.1678466796875 1255.398681640625 1251.813232421875 1248.3740234375 1245.1007080078125 1241.98583984375 1239.085205078125 1236.44677734375 1233.9849853515625 1231.6866455078125 1229.50732421875 1227.485595703125 1225.6153564453125 1223.8377685546875
1309.0323486328125 1309.056640625 1309.1241455078125 1309.2232666015625 1309.349609375 1309.4549560546875 1309.5313720703125 1309.5631103515625 1309.5338134765625 1309.41259765625 1309.1640625 1308.7928466796875 1308.2845458984375 1307.6209716796875 1306.7552490234375 1305.673828125 1304.3887939453125 1302.8887939453125 1301.1500244140625 1299.12060546875 1296.820556640625 1294.2705078125 1291.47216796875 1288.40283203125 1285.0557861328125 1281.5015869140625 1277.7760009765625 1273.9090576171875 1269.8995361328125 1265.8524169921875 1261.823974609375 1257.8472900390625 1253.9586181640625 1250.1630859375 1246.618896484375 1243.262451171875 1240.100830078125 1237.1356201171875 1234.345703125 1231.8050537109375 1229.4140625 1227.15625 1225.01025390625 1222.9437255859375
1311.8951416015625 1311.95703125 1312.08056640625 1312.228759765625 1312.3865966796875 1312.5386962890625 1312.6693115234375 1312.737548828125 1312.735107421875 1312.6474609375 1312.459716796875 1312.1483154296875 1311.659912109375 1311.014404296875 1310.1983642578125 1309.198486328125 1307.974853515625 1306.4822998046875 1304.75537109375 1302.7843017578125 1300.5604248046875 1298.027587890625 1295.18603515625 1292.086669921875 1288.73974609375 1285.1591796875 1281.3193359375 1277.3048095703125 1273.1734619140625 1268.964599609375 1264.7196044921875 1260.494873046875 1256.370849609375 1252.3682861328125 1248.51513671875 1244.8321533203125 1241.402587890625 1238.1842041015625 1235.1571044921875 1232.3104248046875 1229.6234130859375 1227.1290283203125 1224.742919921875 1222.4451904296875
1314.6854248046875 1314.7744140625 1314.910400390625 1315.079833984375 1315.265380859375 1315.440673828125 1315.58642578125 1315.686767578125 1315.7265625 1315.6650390625 1315.48974609375 1315.1956787109375 1314.7691650390625 1314.197021484375 1313.40869140625 1312.4256591796875 1311.2420654296875 1309.8447265625 1308.2120361328125 1306.2623291015625 1304.0455322265625 1301.56103515625 1298.80419921875 1295.756103515625 1292.3697509765625 1288.7342529296875 1284.874267578125 1280.8157958984375 1276.5880126953125 1272.2274169921875 1267.8243408203125 1263.4219970703125 1259.06298828125 1254.8287353515625 1250.748046875 1246.83837890625 1243.11376953125 1239.5838623046875 1236.3106689453125 1233.22412109375 1230.299072265625 1227.5167236328125 1224.8568115234375 1222.332763671875
1317.3668212890625 1317.452392578125 1317.59716796875 1317.7738037109375 1317.9625244140625 1318.147705078125 1318.3084716796875 1318.4169921875 1318.456787109375 1318.4169921875 1318.2840576171875 1318.0234375 1317.612548828125 1317.0509033203125 1316.3291015625 1315.4337158203125 1314.305419921875 1312.936767578125 1311.3363037109375 1309.4935302734375 1307.395263671875 1304.9620361328125 1302.2218017578125 1299.2003173828125 1295.900390625 1292.3199462890625 1288.4437255859375 1284.330322265625 1280.0418701171875 1275.6156005859375 1271.098876953125 1266.5616455078125 1262.044677734375 1257.605224609375 1253.2786865234375 1249.1353759765625 1245.204345703125 1241.4532470703125 1237.890625 1234.5115966796875 1231.3563232421875 1228.3555908203125 1225.45849609375 1222.65283203125
1319.940185546875 1320.009765625 1320.132568359375 1320.2958984375 1320.4810791015625 1320.6585693359375 1320.8104248046875 1320.9229736328125 1320.97607421875 1320.9462890625 1320.8121337890625 1320.56982421875 1320.2083740234375 1319.6939697265625 1319.0087890625 1318.1353759765625 1317.0726318359375 1315.80615234375 1314.2806396484375 1312.495361328125 1310.435302734375 1308.10791015625 1305.503173828125 1302.5496826171875 1299.2943115234375 1295.7418212890625 1291.926025390625 1287.8636474609375 1283.5576171875 1279.0892333984375 1274.5037841796875 1269.8592529296875 1265.207275390625 1260.6365966796875 1256.1610107421875 1251.81494140625 1247.6258544921875 1243.63818359375 1239.888916015625 1236.3037109375 1232.87646484375 1229.595703125 1226.476806640625 1223.48779296875
1322.3692626953125 1322.4150390625 1322.5157470703125 1322.6534423828125 1322.8096923828125 1322.969482421875 1323.112548828125 1323.218017578125 1323.2584228515625 1323.2313232421875 1323.1185302734375 1322.8929443359375 1322.5496826171875 1322.073486328125 1321.45654296875 1320.6558837890625 1319.642578125 1318.4188232421875 1316.9583740234375 1315.269287109375 1313.3076171875 1311.055908203125 1308.5177001953125 1305.6815185546875 1302.5565185546875 1299.0875244140625 1295.32958984375 1291.3065185546875 1287.0518798828125 1282.606689453125 1277.998291015625 1273.3154296875 1268.597900390625 1263.89892578125 1259.2642822265625 1254.786865234375 1250.458984375 1246.285888671875 1242.2796630859375 1238.4588623046875 1234.8583984375 1231.40234375 1228.043701171875 1224.7822265625
