gis/input_ras/sw_ww/Hydro Model_ 04 - Middle Clay_younger.asc
ncols        266
nrows        300
xllcorner    2364495.809716653544
yllcorner    243038.907031175506
cellsize     500.000000000000
NODATA_value -99999
[rows 168 to 188 of 300, columns 96 to 143 of 266]
1416.5189208984375 1418.10400390625 1419.3890380859375 1420.423583984375 1421.2156982421875 1421.82861328125 1422.21484375 1422.3919677734375 1422.2935791015625 1421.677001953125 1420.0628662109375 1417.6500244140625 1415.082275390625 1412.5413818359375 1410.125732421875 1407.978515625 1406.1395263671875 1404.6502685546875 1403.545654296875 1402.86669921875 1402.6849365234375 1403.0382080078125 1403.83935546875 1405.0709228515625 1406.70947265625 1408.7352294921875 1411.1131591796875 1413.698974609375 1416.427978515625 1419.208251953125 1421.9468994140625 1424.5615234375 1426.97607421875 1429.142333984375 1430.96923828125 1432.4058837890625 1433.455322265625 1434.1085205078125 1434.3388671875 1433.990966796875 1432.9381103515625 1431.039306640625 1428.154052734375 1424.39990234375 1420.0421142578125 1415.1800537109375 1410.077880859375 1404.826416015625
1415.5628662109375 1417.2991943359375 1418.828369140625 1420.10498046875 1421.111083984375 1421.912353515625 1422.51708984375 1422.92333984375 1423.0313720703125 1422.5234375 1421.142333984375 1419.0772705078125 1416.799560546875 1414.5098876953125 1412.3182373046875 1410.3065185546875 1408.529296875 1407.0537109375 1406.0040283203125 1405.3466796875 1405.089599609375 1405.242431640625 1405.8232421875 1406.934814453125 1408.419189453125 1410.23974609375 1412.3538818359375 1414.7088623046875 1417.2542724609375 1419.84716796875 1422.4180908203125 1424.8994140625 1427.168212890625 1429.166748046875 1430.86767578125 1432.2386474609375 1433.251220703125 1433.7564697265625 1433.75830078125 1433.23095703125 1432.098876953125 1430.265869140625 1427.48291015625 1423.966552734375 1419.917236328125 1415.454833984375 1410.6903076171875 1405.707763671875
1414.67822265625 1416.513916015625 1418.159423828125 1419.6002197265625 1420.826416015625 1421.8160400390625 1422.525146484375 1422.996337890625 1423.1746826171875 1422.9237060546875 1421.7978515625 1420.0660400390625 1418.1529541015625 1416.171630859375 1414.207763671875 1412.3624267578125 1410.759033203125 1409.40673828125 1408.3416748046875 1407.5963134765625 1407.2879638671875 1407.4007568359375 1407.89501953125 1408.766845703125 1410.005126953125 1411.6717529296875 1413.61767578125 1415.7701416015625 1418.0721435546875 1420.4652099609375 1422.8551025390625 1425.132080078125 1427.2467041015625 1429.1475830078125 1430.78125 1431.9771728515625 1432.797119140625 1433.206298828125 1433.1669921875 1432.58984375 1431.285400390625 1429.3602294921875 1426.81884765625 1423.688232421875 1419.9620361328125 1415.7899169921875 1411.3482666015625 1406.7205810546875
1413.6593017578125 1415.6396484375 1417.4674072265625 1419.0283203125 1420.357177734375 1421.4454345703125 1422.28369140625 1422.8499755859375 1423.0384521484375 1422.7386474609375 1421.9554443359375 1420.7503662109375 1419.21875 1417.529296875 1415.8642578125 1414.2587890625 1412.7718505859375 1411.4720458984375 1410.476806640625 1409.788330078125 1409.412109375 1409.369384765625 1409.73095703125 1410.5166015625 1411.6417236328125 1413.0721435546875 1414.772216796875 1416.75146484375 1418.86474609375 1421.0380859375 1423.2149658203125 1425.3377685546875 1427.328857421875 1429.044921875 1430.4913330078125 1431.62451171875 1432.400634765625 1432.704833984375 1432.4903564453125 1431.79052734375 1430.5809326171875 1428.816162109375 1426.3753662109375 1423.4146728515625 1420.027587890625 1416.2718505859375 1412.172607421875 1407.8284912109375
1412.5531005859375 1414.650634765625 1416.5926513671875 1418.32958984375 1419.829345703125 1421.0081787109375 1421.900146484375 1422.4755859375 1422.72607421875 1422.6495361328125 1422.0836181640625 1421.178955078125 1420.0523681640625 1418.754638671875 1417.3470458984375 1415.902587890625 1414.5911865234375 1413.4317626953125 1412.4588623046875 1411.7294921875 1411.3203125 1411.2669677734375 1411.5382080078125 1412.133544921875 1413.0885009765625 1414.389404296875 1415.9384765625 1417.673583984375 1419.549560546875 1421.5472412109375 1423.5634765625 1425.4798583984375 1427.2720947265625 1428.885498046875 1430.245361328125 1431.25927734375 1431.8677978515625 1432.0865478515625 1431.89208984375 1431.181884765625 1429.940185546875 1428.2022705078125 1426.018798828125 1423.3961181640625 1420.2437744140625 1416.759033203125 1413.015380859375 1409.0606689453125
1411.3087158203125 1413.5972900390625 1415.69287109375 1417.551513671875 1419.1568603515625 1420.4755859375 1421.4888916015625 1422.128662109375 1422.4320068359375 1422.4066162109375 1422.1641845703125 1421.677978515625 1420.8233642578125 1419.7664794921875 1418.6224365234375 1417.42919921875 1416.24560546875 1415.147705078125 1414.2203369140625 1413.5360107421875 1413.0938720703125 1412.9373779296875 1413.1383056640625 1413.659423828125 1414.4935302734375 1415.58837890625 1416.9403076171875 1418.526123046875 1420.2362060546875 1421.9993896484375 1423.7857666015625 1425.557373046875 1427.23193359375 1428.6983642578125 1429.898681640625 1430.817626953125 1431.3812255859375 1431.54833984375 1431.255859375 1430.5318603515625 1429.4046630859375 1427.7952880859375 1425.7508544921875 1423.3154296875 1420.5430908203125 1417.45361328125 1413.9671630859375 1410.2584228515625
1409.9776611328125 1412.407958984375 1414.6871337890625 1416.7489013671875 1418.51806640625 1419.9468994140625 1421.0611572265625 1421.804443359375 1422.1724853515625 1422.287109375 1422.2529296875 1422.03759765625 1421.542236328125 1420.790771484375 1419.8128662109375 1418.747314453125 1417.6807861328125 1416.689453125 1415.80126953125 1415.1090087890625 1414.652099609375 1414.472900390625 1414.596435546875 1414.9962158203125 1415.729736328125 1416.714599609375 1417.9154052734375 1419.2752685546875 1420.7689208984375 1422.3831787109375 1424.02490234375 1425.61572265625 1427.103515625 1428.44580078125 1429.5621337890625 1430.40478515625 1430.8701171875 1430.97265625 1430.6783447265625 1429.970947265625 1428.879150390625 1427.39599609375 1425.6014404296875 1423.42138671875 1420.8831787109375 1418.0462646484375 1414.962890625 1411.6400146484375
1408.6131591796875 1411.2625732421875 1413.6796875 1415.8780517578125 1417.82568359375 1419.4736328125 1420.7640380859375 1421.620849609375 1422.083251953125 1422.2413330078125 1422.593994140625 1422.625732421875 1422.279052734375 1421.668212890625 1420.8651123046875 1419.95263671875 1418.9793701171875 1418.034423828125 1417.1793212890625 1416.478759765625 1415.9979248046875 1415.8116455078125 1415.8980712890625 1416.2447509765625 1416.8497314453125 1417.6737060546875 1418.7457275390625 1419.9736328125 1421.317626953125 1422.712646484375 1424.1519775390625 1425.60986328125 1426.984375 1428.22314453125 1429.214111328125 1429.95068359375 1430.3580322265625 1430.427978515625 1430.1402587890625 1429.4537353515625 1428.4210205078125 1427.0518798828125 1425.40234375 1423.4910888671875 1421.3370361328125 1418.8388671875 1416.012939453125 1412.9415283203125
1407.26708984375 1410.0533447265625 1412.671142578125 1415.0863037109375 1417.1778564453125 1418.984619140625 1420.485107421875 1421.6627197265625 1422.5 1422.9200439453125 1423.261962890625 1423.3367919921875 1423.07666015625 1422.5513916015625 1421.82421875 1420.986572265625 1420.091796875 1419.2034912109375 1418.3763427734375 1417.6798095703125 1417.194091796875 1416.966796875 1417.022705078125 1417.326904296875 1417.8623046875 1418.596923828125 1419.5101318359375 1420.5587158203125 1421.7476806640625 1423.01171875 1424.3179931640625 1425.627685546875 1426.8397216796875 1427.935302734375 1428.8436279296875 1429.520751953125 1429.911865234375 1429.946044921875 1429.6077880859375 1428.9427490234375 1427.9708251953125 1426.7198486328125 1425.302734375 1423.6468505859375 1421.744384765625 1419.5745849609375 1417.146240234375 1414.42431640625
1406.0615234375 1408.951904296875 1411.6717529296875 1414.203125 1416.5174560546875 1418.5867919921875 1420.3087158203125 1421.76953125 1422.9708251953125 1423.87890625 1424.208251953125 1424.1064453125 1423.7978515625 1423.3096923828125 1422.6678466796875 1421.90234375 1421.065673828125 1420.2314453125 1419.43798828125 1418.7249755859375 1418.20947265625 1418.03955078125 1418.08154296875 1418.3133544921875 1418.7357177734375 1419.37158203125 1420.18408203125 1421.1226806640625 1422.162353515625 1423.274169921875 1424.432861328125 1425.592529296875 1426.6944580078125 1427.6947021484375 1428.53076171875 1429.1094970703125 1429.4228515625 1429.4508056640625 1429.1776123046875 1428.5726318359375 1427.5792236328125 1426.383056640625 1425.1142578125 1423.818115234375 1422.3023681640625 1420.4154052734375 1418.2669677734375 1415.8651123046875
1404.930419921875 1407.881103515625 1410.72802734375 1413.3890380859375 1415.8243408203125 1418.0360107421875 1420.0230712890625 1421.7957763671875 1423.34619140625 1424.4849853515625 1424.8848876953125 1424.70849609375 1424.41357421875 1423.9412841796875 1423.3428955078125 1422.649658203125 1421.8941650390625 1421.113525390625 1420.3797607421875 1419.7481689453125 1419.2838134765625 1419.02587890625 1418.9951171875 1419.19287109375 1419.5618896484375 1420.0911865234375 1420.76708984375 1421.5855712890625 1422.51416015625 1423.50537109375 1424.533203125 1425.5684814453125 1426.5618896484375 1427.4393310546875 1428.1710205078125 1428.72021484375 1429.0521240234375 1429.0701904296875 1428.7801513671875 1428.2047119140625 1427.3414306640625 1426.2117919921875 1425.1722412109375 1424.085205078125 1422.7978515625 1421.257080078125 1419.4754638671875 1417.3878173828125
1403.87548828125 1406.8665771484375 1409.758056640625 1412.5166015625 1415.1097412109375 1417.4705810546875 1419.5743408203125 1421.45654296875 1423.0726318359375 1424.32861328125 1424.862060546875 1424.8934326171875 1424.7119140625 1424.3624267578125 1423.8746337890625 1423.2462158203125 1422.5638427734375 1421.8724365234375 1421.2088623046875 1420.6114501953125 1420.1707763671875 1419.9317626953125 1419.8643798828125 1419.96533203125 1420.234130859375 1420.6982421875 1421.2952880859375 1422.00146484375 1422.7989501953125 1423.677734375 1424.60595703125 1425.5220947265625 1426.3992919921875 1427.2042236328125 1427.89501953125 1428.380859375 1428.654052734375 1428.706787109375 1428.5262451171875 1428.0599365234375 1427.31298828125 1426.4322509765625 1425.4984130859375 1424.541259765625 1423.4041748046875 1422.0509033203125 1420.520751953125 1418.8194580078125
1402.82080078125 1405.8544921875 1408.8162841796875 1411.6376953125 1414.2833251953125 1416.734619140625 1418.96923828125 1420.93896484375 1422.5811767578125 1423.76220703125 1424.500244140625 1424.837158203125 1424.8226318359375 1424.581787109375 1424.194580078125 1423.6949462890625 1423.11962890625 1422.4957275390625 1421.8968505859375 1421.3831787109375 1420.973876953125 1420.6923828125 1420.5882568359375 1420.656982421875 1420.8770751953125 1421.2330322265625 1421.7142333984375 1422.34375 1423.0546875 1423.8228759765625 1424.62744140625 1425.4476318359375 1426.255615234375 1426.9664306640625 1427.568359375 1428.038330078125 1428.3385009765625 1428.41455078125 1428.2591552734375 1427.9053955078125 1427.3663330078125 1426.6431884765625 1425.820556640625 1424.9183349609375 1423.8973388671875 1422.7525634765625 1421.4420166015625 1419.9852294921875
1401.7664794921875 1404.8319091796875 1407.8232421875 1410.7005615234375 1413.431640625 1415.939453125 1418.2225341796875 1420.2176513671875 1421.9014892578125 1423.2164306640625 1424.0648193359375 1424.533447265625 1424.71044921875 1424.6588134765625 1424.4049072265625 1423.9951171875 1423.5152587890625 1423.004638671875 1422.491943359375 1422.014892578125 1421.6275634765625 1421.3690185546875 1421.2391357421875 1421.2384033203125 1421.39599609375 1421.695068359375 1422.1119384765625 1422.6260986328125 1423.2237548828125 1423.91259765625 1424.64208984375 1425.35986328125 1426.05517578125 1426.70361328125 1427.267578125 1427.7047119140625 1427.97607421875 1428.0938720703125 1428.0401611328125 1427.7685546875 1427.32275390625 1426.7352294921875 1426.0235595703125 1425.19189453125 1424.2353515625 1423.1697998046875 1422.02001953125 1420.8077392578125
1400.70263671875 1403.8048095703125 1406.8292236328125 1409.7373046875 1412.49658203125 1415.0623779296875 1417.410400390625 1419.44384765625 1421.17041015625 1422.532958984375 1423.5328369140625 1424.1944580078125 1424.4940185546875 1424.5611572265625 1424.446044921875 1424.1954345703125 1423.831787109375 1423.3916015625 1422.94189453125 1422.535400390625 1422.18505859375 1421.9190673828125 1421.772216796875 1421.7459716796875 1421.8486328125 1422.0618896484375 1422.4014892578125 1422.8507080078125 1423.3802490234375 1423.9598388671875 1424.5748291015625 1425.21875 1425.8502197265625 1426.4307861328125 1426.9239501953125 1427.33056640625 1427.60986328125 1427.74609375 1427.7264404296875 1427.5538330078125 1427.2283935546875 1426.7039794921875 1426.0440673828125 1425.243896484375 1424.3231201171875 1423.308837890625 1422.207275390625 1421.0506591796875
1399.635498046875 1402.75634765625 1405.8165283203125 1408.7696533203125 1411.5548095703125 1414.147705078125 1416.52392578125 1418.6236572265625 1420.42333984375 1421.8494873046875 1422.936767578125 1423.70947265625 1424.18896484375 1424.429931640625 1424.417236328125 1424.26318359375 1424.00048828125 1423.676025390625 1423.313232421875 1422.94580078125 1422.6217041015625 1422.364501953125 1422.2030029296875 1422.141845703125 1422.203857421875 1422.3717041015625 1422.6405029296875 1422.996337890625 1423.438232421875 1423.9498291015625 1424.4964599609375 1425.050048828125 1425.5831298828125 1426.0924072265625 1426.544921875 1426.91796875 1427.1829833984375 1427.3343505859375 1427.3475341796875 1427.2196044921875 1426.94873046875 1426.517333984375 1425.877197265625 1425.0546875 1424.1177978515625 1423.0875244140625 1421.947021484375 1420.7138671875
1398.580810546875 1401.7281494140625 1404.8037109375 1407.776123046875 1410.61181640625 1413.2537841796875 1415.649658203125 1417.7713623046875 1419.61328125 1421.1566162109375 1422.3670654296875 1423.2320556640625 1423.8116455078125 1424.1575927734375 1424.302734375 1424.283447265625 1423.947265625 1422.8717041015625 1423.55322265625 1423.2415771484375 1422.9510498046875 1422.709716796875 1422.54150390625 1422.4571533203125 1422.466552734375 1422.5745849609375 1422.7933349609375 1423.0924072265625 1423.4608154296875 1423.878173828125 1422.6009521484375 1424.8087158203125 1425.2783203125 1425.7232666015625 1426.1099853515625 1426.429931640625 1426.6661376953125 1426.80615234375 1426.8402099609375 1426.74658203125 1426.5128173828125 1426.10205078125 1425.4697265625 1424.6094970703125 1423.6016845703125 1422.4759521484375 1421.239990234375 1419.890625
1397.550048828125 1400.7103271484375 1403.823974609375 1406.8280029296875 1409.6669921875 1412.3250732421875 1414.7740478515625 1416.9844970703125 1418.87109375 1417.51953125 1421.7178955078125 1422.71728515625 1423.4476318359375 1416.2137451171875 1414.2420654296875 1412.9212646484375 1414.964599609375 1420.2293701171875 1423.503662109375 1423.4427490234375 1423.1802978515625 1422.9464111328125 1422.7662353515625 1422.6708984375 1422.6568603515625 1422.7239990234375 1422.87109375 1423.091552734375 1423.3951416015625 1423.74365234375 1424.12255859375 1418.315185546875 1420.641357421875 1425.263671875 1425.58935546875 1425.861572265625 1426.0675048828125 1426.1678466796875 1426.1650390625 1426.0516357421875 1425.81298828125 1425.4195556640625 1424.7230224609375 1423.8111572265625 1422.7520751953125 1421.55322265625 1420.194580078125 1418.626953125
1396.564453125 1399.7392578125 1402.853271484375 1405.872314453125 1408.7630615234375 1411.48095703125 1413.9320068359375 1416.1422119140625 1418.09521484375 1419.779052734375 1418.6591796875 1418.31201171875 1410.7666015625 1404.375244140625 1406.313232421875 1415.2142333984375 1419.5423583984375 1423.9534912109375 1423.775390625 1423.551025390625 1423.31201171875 1423.0968017578125 1422.9222412109375 1422.8006591796875 1422.7418212890625 1422.7711181640625 1422.8740234375 1423.0391845703125 1423.2591552734375 1423.524658203125 1423.826904296875 1416.937255859375 1415.8040771484375 1421.4873046875 1424.9903564453125 1425.18701171875 1425.3187255859375 1425.373291015625 1425.337890625 1425.1883544921875 1424.8687744140625 1424.366943359375 1423.6641845703125 1422.756103515625 1421.639404296875 1420.30712890625 1418.790283203125 1417.07421875
1385.1181640625 1398.8165283203125 1401.958251953125 1404.9979248046875 1407.886474609375 1410.6041259765625 1413.1241455078125 1415.419921875 1417.399169921875 1411.8846435546875 1401.6197509765625 1402.1524658203125 1395.2357177734375 1404.120849609375 1415.5274658203125 1423.8570556640625 1423.943359375 1423.89794921875 1423.7532958984375 1423.5643310546875 1423.35498046875 1423.14599609375 1422.9619140625 1422.8306884765625 1422.752685546875 1422.73095703125 1422.766845703125 1422.874267578125 1423.0303955078125 1423.22021484375 1423.4332275390625 1423.658447265625 1417.798828125 1411.7086181640625 1412.4881591796875 1424.3804931640625 1424.4486083984375 1424.4388427734375 1424.314453125 1424.076416015625 1423.70361328125 1423.17041015625 1422.3983154296875 1421.4036865234375 1420.2100830078125 1418.814208984375 1417.207763671875 1415.332275390625
1377.9462890625 1377.9373779296875 1382.61083984375 1384.9918212890625 1387.4327392578125 1396.237548828125 1398.2772216796875 1391.171142578125 1389.6434326171875 1388.608642578125 -99999 1403.350830078125 1412.296142578125 1417.2860107421875 1423.3387451171875 1423.62158203125 1423.744384765625 1423.7496337890625 1423.6634521484375 1423.508056640625 1423.3125 1423.114501953125 1422.929931640625 1422.771240234375 1422.6553955078125 1422.59912109375 1422.5885009765625 1422.6212158203125 1422.692626953125 1422.8087158203125 1422.9510498046875 1423.0867919921875 1423.2154541015625 1423.2041015625 1411.2047119140625 1411.1654052734375 1423.4263916015625 1423.3199462890625 1423.1268310546875 1422.8277587890625 1422.3646240234375 1421.7222900390625 1420.89697265625 1419.873046875 1418.62451171875 1417.1197509765625 1415.3829345703125 1413.420166015625
