gis/input_ras/sw_ww/Hydro Model_ 03 - Lower Aquifer_younger.asc
ncols        266
nrows        300
xllcorner    2364495.809716653544
yllcorner    243038.907031175506
cellsize     500.000000000000
NODATA_value -99999
[rows 156 to 181 of 300, columns 177 to 235 of 266]
1318.115478515625 1318.2747802734375 1320.408203125 1323.43896484375 1326.67919921875 1329.72802734375 1332.0777587890625 1334.13427734375 1336.257080078125 1338.4217529296875 1340.1015625 1340.14990234375 1338.71728515625 1337.4647216796875 1336.30517578125 1335.3818359375 1334.64599609375 1334.1802978515625 1334.0540771484375 1334.178955078125 1334.552734375 1335.1585693359375 1335.9820556640625 1337.166015625 1338.7015380859375 1340.6190185546875 1342.983642578125 1345.79833984375 1349.0091552734375 1352.5657958984375 -99999 -99999 -99999 -99999 -99999 -99999 -99999 -99999 -99999 -99999 -99999 -99999 -99999 -99999 -99999 -99999 -99999 -99999 -99999 -99999 -99999 -99999 -99999 -99999 -99999 -99999 -99999 -99999 -99999
1315.1300048828125 1314.609375 1317.0208740234375 1320.0025634765625 1323.0848388671875 1325.8880615234375 1328.119140625 1330.109619140625 1331.9810791015625 1333.789306640625 1335.0516357421875 1335.1905517578125 1334.720458984375 1333.8702392578125 1333.1236572265625 1332.59814453125 1332.365234375 1332.350830078125 1332.523681640625 1332.918701171875 1333.609375 1334.5445556640625 1335.68896484375 1337.0594482421875 1338.7242431640625 1340.8272705078125 1343.30615234375 1346.1385498046875 1349.368408203125 1352.9366455078125 1356.8721923828125 -99999 -99999 -99999 -99999 -99999 -99999 -99999 -99999 -99999 -99999 -99999 -99999 -99999 -99999 -99999 -99999 -99999 -99999 -99999 -99999 -99999 -99999 -99999 -99999 -99999 -99999 -99999 -99999
1313.5115966796875 1312.7857666015625 1314.89599609375 1317.4571533203125 1319.713134765625 1321.813720703125 1323.761962890625 1325.480712890625 1327.0062255859375 1328.2647705078125 1329.2357177734375 1329.6414794921875 1329.5533447265625 1329.3641357421875 1329.283447265625 1329.2913818359375 1329.4393310546875 1329.793212890625 1330.4488525390625 1331.3251953125 1332.3468017578125 1333.5328369140625 1334.8958740234375 1336.5908203125 1338.5380859375 1340.776611328125 1343.3475341796875 1346.25244140625 1349.545654296875 1353.135498046875 1357.056640625 -99999 -99999 -99999 -99999 -99999 -99999 -99999 -99999 -99999 -99999 -99999 -99999 -99999 -99999 -99999 -99999 -99999 -99999 -99999 -99999 -99999 -99999 -99999 -99999 -99999 -99999 -99999 -99999
1315.1575927734375 1313.935302734375 1314.217041015625 1315.5294189453125 1316.8707275390625 1318.14306640625 1319.2703857421875 1320.297119140625 1321.3692626953125 1322.318359375 1323.0626220703125 1323.5675048828125 1323.9930419921875 1324.30224609375 1324.67431640625 1325.17822265625 1325.97900390625 1326.9381103515625 1327.997314453125 1329.216796875 1330.5914306640625 1332.2147216796875 1333.9564208984375 1335.860107421875 1338.001708984375 1340.40576171875 1343.1488037109375 1346.1826171875 1349.5177001953125 1353.135498046875 1357.034912109375 1361.19091796875 -99999 -99999 -99999 -99999 -99999 -99999 -99999 -99999 -99999 -99999 -99999 -99999 -99999 -99999 -99999 -99999 -99999 -99999 -99999 -99999 -99999 -99999 -99999 -99999 -99999 -99999 -99999
1318.09130859375 1316.02685546875 1315.0081787109375 1314.5841064453125 1314.217041015625 1314.2803955078125 1314.6094970703125 1315.0274658203125 1315.4837646484375 1315.9254150390625 1316.5159912109375 1317.1357421875 1317.80810546875 1318.58203125 1319.6510009765625 1320.78173828125 1322.0653076171875 1323.49609375 1325.076416015625 1326.8612060546875 1328.6708984375 1330.586669921875 1332.619384765625 1334.81494140625 1337.220703125 1339.861083984375 1342.7252197265625 1345.8380126953125 1349.2294921875 1352.912841796875 1356.84228515625 1360.9781494140625 1365.291015625 -99999 -99999 -99999 -99999 -99999 -99999 -99999 -99999 -99999 -99999 -99999 -99999 -99999 -99999 -99999 -99999 -99999 -99999 -99999 -99999 -99999 -99999 -99999 -99999 -99999 -99999
1320.9324951171875 1318.0130615234375 1315.5030517578125 1313.5389404296875 1311.9267578125 1310.689697265625 1309.8656005859375 1309.360595703125 1309.1971435546875 1309.2823486328125 1309.628662109375 1310.2650146484375 1311.3055419921875 1312.60693359375 1314.1351318359375 1315.8590087890625 1317.7821044921875 1319.833251953125 1321.9630126953125 1324.1610107421875 1326.412353515625 1328.7359619140625 1331.1119384765625 1333.6025390625 1336.2166748046875 1339.01171875 1342.0352783203125 1345.3040771484375 1348.7930908203125 1352.4991455078125 1356.4136962890625 1360.5462646484375 1364.8465576171875 -99999 -99999 -99999 -99999 -99999 -99999 -99999 -99999 -99999 -99999 -99999 -99999 -99999 -99999 -99999 -99999 -99999 -99999 -99999 -99999 -99999 -99999 -99999 -99999 -99999 -99999
1323.1707763671875 1319.47119140625 1315.757080078125 1312.23974609375 1309.2208251953125 1306.7808837890625 1304.875244140625 1303.473876953125 1302.5517578125 1302.177734375 1302.3892822265625 1303.156494140625 1304.4478759765625 1306.19677734375 1308.304931640625 1310.7105712890625 1313.25634765625 1315.8970947265625 1318.59716796875 1321.2967529296875 1324.0142822265625 1326.711181640625 1329.4073486328125 1332.1387939453125 1334.9808349609375 1337.99365234375 1341.1767578125 1344.5350341796875 1348.0789794921875 1351.8685302734375 1355.8409423828125 1359.96728515625 1364.224365234375 -99999 -99999 -99999 -99999 -99999 -99999 -99999 -99999 -99999 -99999 -99999 -99999 -99999 -99999 -99999 -99999 -99999 -99999 -99999 -99999 -99999 -99999 -99999 -99999 -99999 -99999
1324.57177734375 1320.0089111328125 1315.1728515625 1310.27001953125 1305.8983154296875 1302.1900634765625 1299.24951171875 1297.159423828125 1295.664794921875 1294.8363037109375 1294.7529296875 1295.5533447265625 1297.2371826171875 1299.61962890625 1302.398193359375 1305.4366455078125 1308.564453125 1311.798095703125 1315.09375 1318.365966796875 1321.57421875 1324.5985107421875 1327.5726318359375 1330.560791015625 1333.6162109375 1336.779541015625 1340.0760498046875 1343.58544921875 1347.2532958984375 1351.0765380859375 1355.053466796875 1359.19482421875 1363.46630859375 1367.810546875 -99999 -99999 -99999 -99999 -99999 -99999 -99999 -99999 -99999 -99999 -99999 -99999 -99999 -99999 -99999 -99999 -99999 -99999 -99999 -99999 -99999 -99999 -99999 -99999 -99999
1324.7940673828125 1319.44970703125 1313.132080078125 1306.8648681640625 1301.54541015625 1297.0177001953125 1293.3321533203125 1290.4432373046875 1288.3106689453125 1287.1282958984375 1286.8612060546875 1287.851806640625 -99999 1293.0318603515625 1296.3681640625 1300.080810546875 1303.923828125 1307.797607421875 1311.61376953125 1315.3197021484375 1319.0277099609375 1322.49755859375 1325.7159423828125 1328.87255859375 1332.0770263671875 1335.4378662109375 1338.91357421875 1342.511474609375 1346.2423095703125 1350.1248779296875 1354.1650390625 1358.318603515625 1362.56884765625 1366.9027099609375 -99999 -99999 -99999 -99999 -99999 -99999 -99999 -99999 -99999 -99999 -99999 -99999 -99999 -99999 -99999 -99999 -99999 -99999 -99999 -99999 -99999 -99999 -99999 -99999 -99999
1322.8861083984375 1316.936279296875 1309.6748046875 1302.385986328125 1296.1004638671875 1290.85107421875 1286.74609375 1283.5185546875 1281.1162109375 1279.454833984375 1278.6334228515625 -99999 -99999 -99999 1290.773193359375 1295.0985107421875 1299.39501953125 1303.7080078125 1308.075439453125 1312.3800048828125 1316.576904296875 1320.307861328125 1323.6861572265625 1327.0836181640625 1330.526123046875 1334.0252685546875 1337.617919921875 1341.31787109375 1345.1539306640625 1349.0933837890625 1353.14794921875 1357.314453125 1361.574462890625 1365.8956298828125 -99999 -99999 -99999 -99999 -99999 -99999 -99999 -99999 -99999 -99999 -99999 -99999 -99999 -99999 -99999 -99999 -99999 -99999 -99999 -99999 -99999 -99999 -99999 -99999 -99999
1318.0814208984375 1312.20166015625 1303.67333984375 1296.0008544921875 1289.506103515625 1284.10009765625 1279.8551025390625 1276.527587890625 1274.051513671875 1272.2576904296875 -99999 -99999 -99999 -99999 -99999 1290.283203125 1295.1729736328125 1300.0262451171875 1304.703125 1309.2899169921875 1313.77197265625 1317.8743896484375 1321.6402587890625 1325.234375 1328.8533935546875 1332.53466796875 1336.2884521484375 1340.097412109375 1343.9852294921875 1347.964599609375 1352.0501708984375 1356.2242431640625 1360.475341796875 1364.7864990234375 -99999 -99999 -99999 -99999 -99999 -99999 -99999 -99999 -99999 -99999 -99999 -99999 -99999 -99999 -99999 -99999 -99999 -99999 -99999 -99999 -99999 -99999 -99999 -99999 -99999
1308.95458984375 1303.0081787109375 1295.2490234375 1288.011962890625 1281.944580078125 1276.8719482421875 1272.84228515625 1269.72021484375 1267.452880859375 1266.189208984375 -99999 -99999 -99999 -99999 -99999 1286.1878662109375 1291.3472900390625 1296.468505859375 1301.516845703125 1306.4228515625 1311.0478515625 1315.380615234375 1319.4466552734375 1323.39306640625 1327.2747802734375 1331.0946044921875 1334.94091796875 1338.8302001953125 1342.7811279296875 1346.7930908203125 1350.8863525390625 1355.054931640625 1359.2899169921875 1363.5782470703125 -99999 -99999 -99999 -99999 -99999 -99999 -99999 -99999 -99999 -99999 -99999 -99999 -99999 -99999 -99999 -99999 -99999 -99999 -99999 -99999 -99999 -99999 -99999 -99999 -99999
1298.30078125 1291.7919921875 1285.694580078125 1279.46728515625 1273.9696044921875 1269.3419189453125 1265.7274169921875 1263.2664794921875 1261.73779296875 1261.1417236328125 1261.6400146484375 -99999 -99999 -99999 1277.2740478515625 1282.6087646484375 1288.0709228515625 1293.4739990234375 1298.712158203125 1303.7740478515625 1308.621337890625 1313.2239990234375 1317.54443359375 1321.6837158203125 1325.7220458984375 1329.6993408203125 1333.660888671875 1337.6058349609375 1341.5791015625 1345.593505859375 1349.6656494140625 1353.8046875 1358.0194091796875 1362.2835693359375 -99999 -99999 -99999 -99999 -99999 -99999 -99999 -99999 -99999 -99999 -99999 -99999 -99999 -99999 -99999 -99999 -99999 -99999 -99999 -99999 -99999 -99999 -99999 -99999 -99999
1288.9468994140625 1282.25537109375 1276.1783447265625 1270.5814208984375 1265.76025390625 1261.99072265625 1259.153564453125 1257.2528076171875 1256.2947998046875 1256.5128173828125 1257.9833984375 1260.640625 1264.3865966796875 1269.0023193359375 1274.257080078125 1279.787353515625 1285.3857421875 1290.9527587890625 1296.4056396484375 1301.646484375 1306.6165771484375 1311.35498046875 1315.878173828125 1320.2159423828125 1324.3876953125 1328.4521484375 1332.4581298828125 1336.4320068359375 1340.3946533203125 1344.382080078125 1348.4210205078125 1352.5162353515625 1356.671142578125 -99999 -99999 -99999 -99999 -99999 -99999 -99999 -99999 -99999 -99999 -99999 -99999 -99999 -99999 -99999 -99999 -99999 -99999 -99999 -99999 -99999 -99999 -99999 -99999 -99999 -99999
1280.70654296875 1273.378662109375 1267.24267578125 1262.143798828125 1258.006103515625 1254.8402099609375 1252.647705078125 1251.62109375 1251.6439208984375 1252.622802734375 1254.5877685546875 1257.5762939453125 1261.77734375 1266.6715087890625 1272.0208740234375 1277.65283203125 1283.4068603515625 1289.1044921875 1294.6485595703125 1299.99853515625 1305.126708984375 1309.9981689453125 1314.5980224609375 1319.013916015625 1323.272216796875 1327.3995361328125 1331.4161376953125 1335.361572265625 1339.2794189453125 1343.2010498046875 1347.148681640625 1351.16162109375 1355.252685546875 -99999 -99999 -99999 -99999 -99999 -99999 -99999 -99999 -99999 -99999 -99999 -99999 -99999 -99999 -99999 -99999 -99999 -99999 -99999 -99999 -99999 -99999 -99999 -99999 -99999 -99999
1272.36572265625 1264.9271240234375 1258.7530517578125 1253.877197265625 1250.2412109375 1248.0240478515625 1246.89990234375 1246.7208251953125 1247.4351806640625 1249.0020751953125 1251.7838134765625 1255.4473876953125 1259.88037109375 1264.951416015625 1270.4989013671875 1276.320068359375 1282.1729736328125 1287.965576171875 1293.620849609375 1299.0263671875 1304.1676025390625 1309.072509765625 1313.7529296875 1318.2200927734375 1322.4774169921875 1326.569580078125 1330.543212890625 1334.42431640625 1338.247802734375 1342.0772705078125 1345.906005859375 1349.7880859375 1353.7545166015625 -99999 -99999 -99999 -99999 -99999 -99999 -99999 -99999 -99999 -99999 -99999 -99999 -99999 -99999 -99999 -99999 -99999 -99999 -99999 -99999 -99999 -99999 -99999 -99999 -99999 -99999
1263.9334716796875 1256.15087890625 1250.052734375 1245.87060546875 1243.2235107421875 1241.8739013671875 1241.572265625 1242.192138671875 1243.9661865234375 1246.49951171875 1249.7808837890625 1253.8223876953125 1258.6365966796875 1264.079345703125 1269.828125 1275.7490234375 1281.6922607421875 1287.539794921875 1293.191650390625 1298.61376953125 1303.7889404296875 1308.689697265625 1313.3282470703125 1317.735107421875 1321.9517822265625 1325.9957275390625 1329.9000244140625 1333.675537109375 1337.363525390625 1341.0120849609375 1344.67138671875 1348.4200439453125 1352.2491455078125 -99999 -99999 -99999 -99999 -99999 -99999 -99999 -99999 -99999 -99999 -99999 -99999 -99999 -99999 -99999 -99999 -99999 -99999 -99999 -99999 -99999 -99999 -99999 -99999 -99999 -99999
1255.42138671875 1247.52197265625 1241.790283203125 1238.2025146484375 1236.3668212890625 1236.009521484375 1237.0811767578125 1238.9517822265625 1241.4771728515625 1244.630615234375 1248.56689453125 1253.2418212890625 1258.4259033203125 1264.04052734375 1269.935546875 1275.9664306640625 1281.958984375 1287.818115234375 1293.4610595703125 1298.8515625 1303.9351806640625 1308.7344970703125 1313.294677734375 1317.631591796875 1321.771240234375 1325.685302734375 1329.4361572265625 1333.0562744140625 1336.603515625 1340.115966796875 1343.5694580078125 1347.0533447265625 -99999 -99999 -99999 -99999 -99999 -99999 -99999 -99999 -99999 -99999 -99999 -99999 -99999 -99999 -99999 -99999 -99999 -99999 -99999 -99999 -99999 -99999 -99999 -99999 -99999 -99999 -99999
1246.7501220703125 1238.8330078125 1233.4111328125 1230.6693115234375 1230.427978515625 1231.6126708984375 1233.63525390625 1236.397705078125 1239.9256591796875 1244.0771484375 1248.6524658203125 1253.6534423828125 1259.106201171875 1264.9566650390625 1270.9796142578125 1277.029541015625 1283.005615234375 1288.83056640625 1294.37353515625 1299.6221923828125 1304.57568359375 1309.260009765625 1313.703125 1317.86376953125 1321.8270263671875 1325.6094970703125 1329.2342529296875 1332.7158203125 1336.024169921875 1339.2916259765625 1342.5513916015625 1345.83056640625 -99999 -99999 -99999 -99999 -99999 -99999 -99999 -99999 -99999 -99999 -99999 -99999 -99999 -99999 -99999 -99999 -99999 -99999 -99999 -99999 -99999 -99999 -99999 -99999 -99999 -99999 -99999
1238.774658203125 1230.076171875 1225.61767578125 1224.5665283203125 1225.5302734375 1227.9173583984375 1231.4508056640625 1235.603271484375 1239.9716796875 1244.6983642578125 1249.7772216796875 1255.2623291015625 1260.9830322265625 1266.9110107421875 1272.9422607421875 1278.9710693359375 1284.8397216796875 1290.490478515625 1295.8778076171875 1300.9764404296875 1305.7666015625 1310.1787109375 1314.3802490234375 1318.3963623046875 1322.2216796875 1325.845703125 1329.24462890625 1332.505126953125 1335.669677734375 1338.7666015625 1341.8116455078125 1344.7657470703125 -99999 -99999 -99999 -99999 -99999 -99999 -99999 -99999 -99999 -99999 -99999 -99999 -99999 -99999 -99999 -99999 -99999 -99999 -99999 -99999 -99999 -99999 -99999 -99999 -99999 -99999 -99999
1231.1414794921875 1222.871337890625 1219.1019287109375 1219.3922119140625 1222.535400390625 1226.642333984375 1231.2177734375 1236.162109375 1241.3641357421875 1246.8839111328125 1252.459228515625 1258.1607666015625 1263.9942626953125 1269.933349609375 1275.857666015625 1281.7086181640625 1287.3994140625 1292.8695068359375 1298.0458984375 1302.8126220703125 1307.2701416015625 1311.4639892578125 1315.4505615234375 1319.26220703125 1322.84814453125 1326.2579345703125 1329.5032958984375 1332.6036376953125 1335.5484619140625 1338.4345703125 1341.2957763671875 1344.1285400390625 1346.9833984375 -99999 -99999 -99999 -99999 -99999 -99999 -99999 -99999 -99999 -99999 -99999 -99999 -99999 -99999 -99999 -99999 -99999 -99999 -99999 -99999 -99999 -99999 -99999 -99999 -99999 -99999
1226.9156494140625 1215.9986572265625 1215.47607421875 1218.1666259765625 1222.41552734375 1227.49853515625 1233.0052490234375 1238.8326416015625 1244.677490234375 1250.56689453125 1256.47265625 1262.370361328125 1268.19677734375 1273.9898681640625 1279.7103271484375 1285.31103515625 1290.707275390625 1295.813720703125 1300.628662109375 1305.125 1309.2943115234375 1313.07421875 1316.770263671875 1320.3505859375 1323.7613525390625 1326.974609375 1329.974365234375 1332.8502197265625 1335.6417236328125 1338.3668212890625 1341.0635986328125 1343.767578125 1346.6387939453125 1349.8106689453125 -99999 -99999 -99999 -99999 -99999 -99999 -99999 -99999 -99999 -99999 -99999 -99999 -99999 -99999 -99999 -99999 -99999 -99999 -99999 -99999 -99999 -99999 -99999 -99999 -99999
1228.470703125 1220.64306640625 1218.574951171875 1221.1744384765625 1225.835205078125 1231.4122314453125 1237.3275146484375 1243.4456787109375 1249.65966796875 1255.86474609375 1261.9473876953125 1267.843017578125 1273.545166015625 1279.069091796875 1284.4307861328125 1289.5927734375 1294.5614013671875 1299.3028564453125 1303.78173828125 1307.894287109375 1311.6456298828125 1315.14501953125 1318.5015869140625 1321.8304443359375 1324.929931640625 1327.8426513671875 1330.619873046875 1333.2901611328125 1335.8865966796875 1338.4259033203125 1340.97802734375 1343.59521484375 1346.3341064453125 1349.2769775390625 1352.5191650390625 1355.9166259765625 -99999 -99999 -99999 -99999 -99999 -99999 -99999 -99999 -99999 -99999 -99999 -99999 -99999 -99999 -99999 -99999 -99999 -99999 -99999 -99999 -99999 -99999 -99999
1237.6539306640625 1229.679931640625 1227.641357421875 1229.4412841796875 1233.1861572265625 1238.16748046875 1243.8819580078125 1250.0374755859375 1256.320068359375 1262.6220703125 1268.790283203125 1274.6265869140625 1280.00439453125 1285.011962890625 1289.8157958984375 1294.4620361328125 1298.9940185546875 1303.259033203125 1307.2406005859375 1310.959716796875 1314.4132080078125 1317.6427001953125 1320.6571044921875 1323.537841796875 1326.2894287109375 1328.91064453125 1331.4483642578125 1333.849609375 1336.216064453125 1338.5714111328125 1340.944580078125 1343.4208984375 1346.01318359375 1348.7623291015625 1351.66650390625 1354.7130126953125 1357.9139404296875 1361.0740966796875 -99999 -99999 -99999 -99999 -99999 -99999 -99999 -99999 -99999 -99999 -99999 -99999 -99999 -99999 -99999 -99999 -99999 -99999 -99999 -99999 -99999
1248.080810546875 1242.38037109375 1239.6375732421875 1239.8194580078125 1242.753173828125 1247.0855712890625 1252.2320556640625 1257.9620361328125 1264.088134765625 1270.434326171875 1276.6324462890625 1282.2666015625 1287.0809326171875 1291.4342041015625 1295.709716796875 1299.7213134765625 1303.6094970703125 1307.3575439453125 1310.9429931640625 1314.334228515625 1317.3582763671875 1320.1854248046875 1322.84130859375 1325.3853759765625 1327.8271484375 1330.087646484375 1332.2811279296875 1334.422607421875 1336.5875244140625 1338.7625732421875 1340.9541015625 1343.2232666015625 1345.588134765625 1348.129638671875 1350.805419921875 1353.553466796875 1356.361328125 1359.1951904296875 1362.0526123046875 1364.760009765625 -99999 -99999 -99999 -99999 -99999 -99999 -99999 -99999 -99999 -99999 -99999 -99999 -99999 -99999 -99999 -99999 -99999 -99999 -99999
1260.1119384765625 1254.8135986328125 1252.13037109375 1252.03857421875 1253.7796630859375 1256.968505859375 1261.492431640625 1266.796142578125 1272.5574951171875 1278.7078857421875 1285.127197265625 1290.5335693359375 1294.79150390625 1298.11572265625 1301.500244140625 1304.8973388671875 1308.359619140625 1311.6865234375 1314.74072265625 1317.60888671875 1320.286865234375 1322.8170166015625 1325.1451416015625 1327.259033203125 1329.2708740234375 1331.2314453125 1333.185546875 1335.0748291015625 1336.96923828125 1338.8780517578125 1340.8798828125 1342.9891357421875 1345.1729736328125 1347.44091796875 1349.80029296875 1352.288818359375 1354.8624267578125 1357.40380859375 1359.897216796875 1362.328369140625 1364.6888427734375 1366.9234619140625 -99999 -99999 -99999 -99999 -99999 -99999 -99999 -99999 -99999 -99999 -99999 -99999 -99999 -99999 -99999 -99999 -99999
