gis/input_ras/sw_ww/Hydro Model_ 04 - Middle Clay_younger.asc
ncols        266
nrows        300
xllcorner    2364495.809716653544
yllcorner    243038.907031175506
cellsize     500.000000000000
NODATA_value -99999
[rows 147 to 167 of 300, columns 96 to 143 of 266]
1420.4951171875 1419.6549072265625 1418.7080078125 1417.703369140625 1416.678466796875 1415.69970703125 1414.799072265625 1413.9833984375 1413.244384765625 1412.5657958984375 1411.916748046875 1411.4036865234375 1411.1165771484375 1411.0797119140625 1411.3070068359375 1411.841796875 1412.5970458984375 1413.468017578125 1414.37744140625 -99999 -99999 -99999 -99999 -99999 -99999 -99999 -99999 -99999 -99999 -99999 -99999 -99999 -99999 -99999 -99999 -99999 1411.3448486328125 1409.7945556640625 1408.40576171875 1407.280517578125 1406.4495849609375 1405.9119873046875 1405.6981201171875 1405.8360595703125 1406.4842529296875 1407.49560546875 1408.8355712890625 1410.4483642578125
1420.6781005859375 1419.8692626953125 1418.905029296875 1417.8592529296875 1416.7606201171875 1415.658447265625 1414.586669921875 1413.6025390625 1412.7115478515625 1411.8482666015625 1411.0797119140625 1410.4521484375 1410.0721435546875 1409.9627685546875 1410.1446533203125 1410.591552734375 1411.2857666015625 1412.1951904296875 1413.1717529296875 -99999 -99999 -99999 -99999 -99999 -99999 -99999 -99999 -99999 -99999 -99999 -99999 -99999 -99999 -99999 -99999 -99999 1413.8497314453125 1412.3245849609375 1410.9296875 1409.6722412109375 1408.584716796875 1407.78955078125 1407.3343505859375 1407.1907958984375 1407.40625 1408.0137939453125 1409.1015625 1410.490966796875
1420.89453125 1420.0931396484375 1419.081787109375 1417.936279296875 1416.71435546875 1415.492431640625 1414.2874755859375 1413.084716796875 1411.9412841796875 1410.9117431640625 1410.0272216796875 1409.2984619140625 1408.79345703125 1408.5460205078125 1408.62255859375 1409.0054931640625 1409.6556396484375 1410.5521240234375 1411.62158203125 -99999 -99999 -99999 -99999 -99999 -99999 -99999 -99999 -99999 -99999 -99999 -99999 -99999 -99999 -99999 -99999 -99999 1416.06884765625 1414.589599609375 1413.123291015625 1411.7574462890625 1410.5244140625 1409.436279296875 1408.5703125 1408.061279296875 1407.9803466796875 1408.2935791015625 1409.0703125 1410.203125
1421.1483154296875 1420.3089599609375 1419.228271484375 1418.0025634765625 1416.667724609375 1415.235595703125 1413.7921142578125 1412.4215087890625 1411.112548828125 1409.8836669921875 1408.7828369140625 1407.8939208984375 1407.281494140625 1406.9288330078125 1406.86474609375 1407.0972900390625 1407.6473388671875 1408.4810791015625 -99999 -99999 -99999 -99999 -99999 -99999 -99999 -99999 -99999 -99999 -99999 -99999 -99999 -99999 -99999 -99999 -99999 1419.39208984375 1418.0142822265625 1416.576416015625 1415.103759765625 1413.59130859375 1412.09423828125 1410.7579345703125 1409.6214599609375 1408.723876953125 1408.0703125 1407.99267578125 1408.653564453125 1409.7044677734375
1421.416748046875 1420.55224609375 1419.4083251953125 1418.0220947265625 1416.513427734375 1414.9364013671875 1413.3277587890625 1411.704345703125 1410.117431640625 1408.7095947265625 1407.4615478515625 1406.40869140625 1405.5919189453125 1405.06005859375 1404.8779296875 1404.982177734375 1405.36669921875 1406.0191650390625 -99999 -99999 -99999 -99999 -99999 -99999 -99999 -99999 -99999 -99999 -99999 -99999 -99999 -99999 -99999 -99999 -99999 1420.9398193359375 1419.729736328125 1418.362060546875 1416.8369140625 1415.231201171875 1413.58056640625 1411.8890380859375 1410.231201171875 1408.956298828125 1407.8565673828125 1407.180908203125 1407.63232421875 1408.924560546875
1421.802490234375 1420.8070068359375 1419.5296630859375 1418.0433349609375 1416.3974609375 1414.603515625 1412.75537109375 1410.9281005859375 1409.1607666015625 1407.5001220703125 1405.9971923828125 1404.7943115234375 1403.8441162109375 1403.1544189453125 1402.735107421875 1402.6051025390625 1402.850341796875 1403.372802734375 -99999 -99999 -99999 -99999 -99999 -99999 -99999 -99999 -99999 -99999 -99999 -99999 -99999 -99999 -99999 -99999 1423.2052001953125 1422.33056640625 1421.2266845703125 1419.932373046875 1418.4569091796875 1416.7689208984375 1414.8748779296875 1412.8643798828125 1410.8087158203125 1408.8016357421875 1406.68994140625 1405.7889404296875 1406.20556640625 1407.2869873046875
1422.1290283203125 1421.084228515625 1419.7230224609375 1418.0653076171875 1416.2235107421875 1414.2630615234375 1412.2239990234375 1410.149169921875 1408.1165771484375 1406.2547607421875 1404.59912109375 1403.1785888671875 1402.0048828125 1401.1451416015625 1400.561767578125 1400.2508544921875 1400.22509765625 1400.49853515625 -99999 -99999 -99999 -99999 -99999 -99999 -99999 -99999 -99999 -99999 -99999 -99999 -99999 -99999 1424.66748046875 1424.5399169921875 1424.1435546875 1423.4945068359375 1422.60205078125 1421.416259765625 1419.94970703125 1418.2288818359375 1416.24560546875 1413.9931640625 1411.3680419921875 1408.6219482421875 1406.2005615234375 1404.724609375 1404.9742431640625 1405.7484130859375
1422.6053466796875 1421.380859375 1419.84765625 1418.0706787109375 1416.0970458984375 1413.9761962890625 1411.712646484375 1409.4075927734375 1407.1353759765625 1404.9910888671875 1403.1361083984375 1401.6077880859375 1400.3077392578125 1399.2257080078125 1398.365966796875 1397.817626953125 1397.5816650390625 1397.6785888671875 -99999 -99999 -99999 -99999 -99999 -99999 -99999 -99999 -99999 -99999 -99999 -99999 -99999 -99999 1424.9224853515625 1425.1070556640625 1424.9803466796875 1424.515625 1423.7767333984375 1422.7581787109375 1421.4532470703125 1419.8135986328125 1417.762939453125 1415.3216552734375 1412.4857177734375 1409.3870849609375 1406.5511474609375 1405.14306640625 1404.731201171875 1404.8016357421875
1422.90625 1421.6373291015625 1420.031005859375 1418.134521484375 1415.9947509765625 1413.7095947265625 1411.291015625 1408.7685546875 1406.2467041015625 1403.851318359375 1401.850341796875 1400.170166015625 1398.7137451171875 1397.4732666015625 1396.4058837890625 1395.55322265625 1394.963134765625 1394.77783203125 1395.0765380859375 -99999 -99999 -99999 -99999 -99999 -99999 -99999 -99999 -99999 -99999 -99999 -99999 -99999 1424.97216796875 1425.4364013671875 1425.58251953125 1425.4189453125 1424.93310546875 1424.06005859375 1422.8682861328125 1421.353759765625 1419.494873046875 1417.162353515625 1414.267578125 1411.149169921875 1408.390869140625 1406.286376953125 1405.134033203125 1404.4879150390625
1423.2205810546875 1421.8768310546875 1420.1566162109375 1418.1568603515625 1415.9539794921875 1413.5889892578125 1411.0576171875 1408.3614501953125 1405.589599609375 1402.890625 1400.8148193359375 1399.0833740234375 1397.470703125 1395.972412109375 1394.6219482421875 1393.5233154296875 1392.6536865234375 1392.1212158203125 1392.061279296875 -99999 -99999 -99999 -99999 -99999 -99999 -99999 -99999 -99999 -99999 -99999 -99999 1423.6328125 1424.8883056640625 1425.7490234375 1426.137939453125 1426.183349609375 1425.89013671875 1425.25927734375 1424.2952880859375 1422.9268798828125 1421.230712890625 1419.0972900390625 1416.2669677734375 1413.0960693359375 1410.1383056640625 1407.74853515625 1405.8336181640625 1404.2742919921875
1423.3463134765625 1422.0382080078125 1420.3221435546875 1418.2880859375 1416.0316162109375 1413.610595703125 1411.006591796875 1408.2381591796875 1405.3927001953125 1402.6829833984375 1400.357177734375 1398.361572265625 1396.586181640625 1394.91357421875 1393.3153076171875 1391.8360595703125 1390.5489501953125 1389.6954345703125 1389.323486328125 1389.6865234375 -99999 -99999 -99999 -99999 -99999 -99999 -99999 -99999 -99999 -99999 -99999 1423.2322998046875 1424.7459716796875 1425.8658447265625 1426.597900390625 1426.9468994140625 1426.841796875 1426.357666015625 1425.511962890625 1424.3118896484375 1422.7620849609375 1420.7822265625 1417.9476318359375 1414.8001708984375 1411.6834716796875 1408.7960205078125 1406.420166015625 1404.368896484375
1423.342041015625 1422.127197265625 1420.4954833984375 1418.5360107421875 1416.2880859375 1413.848876953125 1411.2156982421875 1408.4010009765625 1405.5350341796875 1402.7939453125 1400.3502197265625 1398.1768798828125 1396.1641845703125 1394.2335205078125 1392.4161376953125 1390.7083740234375 1389.1468505859375 1387.7669677734375 1386.7388916015625 1386.904296875 1388.24560546875 1390.753662109375 -99999 -99999 -99999 -99999 -99999 -99999 -99999 -99999 1420.5576171875 1422.8211669921875 1424.6956787109375 1426.1011962890625 1427.03271484375 1427.569580078125 1427.6971435546875 1427.4140625 1426.6700439453125 1425.5091552734375 1423.9658203125 1421.8265380859375 1419.169921875 1416.0718994140625 1412.8896484375 1409.843994140625 1406.93017578125 1404.1888427734375
1423.31396484375 1422.223388671875 1420.677734375 1418.8145751953125 1416.68310546875 1414.2864990234375 1411.640625 1408.811279296875 1405.9293212890625 1403.1207275390625 1400.577880859375 1398.3167724609375 1396.206787109375 1394.1668701171875 1392.1572265625 1390.16064453125 1388.2960205078125 1386.6123046875 1385.2037353515625 1384.3375244140625 1386.15283203125 1389.065673828125 1392.3797607421875 1395.9140625 -99999 -99999 -99999 -99999 1414.05029296875 1417.2337646484375 1420.112548828125 1422.56103515625 1424.625244140625 1426.28662109375 1427.5120849609375 1428.2657470703125 1428.518798828125 1428.3511962890625 1427.76123046875 1426.66259765625 1425.0347900390625 1422.86865234375 1420.2186279296875 1417.1802978515625 1413.8787841796875 1410.5328369140625 1407.3018798828125 1404.2060546875
1423.17724609375 1422.214111328125 1420.876220703125 1419.196044921875 1417.1536865234375 1414.8482666015625 1412.296142578125 1409.5177001953125 1406.5452880859375 1403.6878662109375 1401.14697265625 1398.8958740234375 1396.7740478515625 1394.630615234375 1392.496826171875 1390.400634765625 1388.3818359375 1386.503173828125 1384.9703369140625 1384.4334716796875 1385.7655029296875 1388.4564208984375 1391.651611328125 1395.159423828125 1398.8155517578125 1402.5416259765625 1406.2750244140625 1409.9415283203125 1413.4393310546875 1416.7183837890625 1419.732421875 1422.4375 1424.756591796875 1426.5596923828125 1427.936767578125 1428.8814697265625 1429.3824462890625 1429.3663330078125 1428.79443359375 1427.7366943359375 1426.1729736328125 1424.0572509765625 1421.3380126953125 1418.1817626953125 1414.7684326171875 1411.2113037109375 1407.57568359375 1403.9901123046875
1423.0394287109375 1422.1741943359375 1420.9854736328125 1419.4981689453125 1417.721923828125 1415.6619873046875 1413.2249755859375 1410.51708984375 1407.5684814453125 1404.5546875 1402.093505859375 1400.0283203125 1397.913818359375 1395.7315673828125 1393.5130615234375 1391.3260498046875 1389.3017578125 1387.5484619140625 1386.2667236328125 1385.7713623046875 1386.8131103515625 1389.046142578125 1391.8714599609375 1395.0892333984375 1398.5640869140625 1402.2052001953125 1405.8863525390625 1409.5299072265625 1413.0819091796875 1416.48779296875 1419.603515625 1422.3975830078125 1424.8385009765625 1426.8905029296875 1428.5174560546875 1429.5655517578125 1430.1531982421875 1430.2762451171875 1429.91845703125 1429.01318359375 1427.397705078125 1425.2142333984375 1422.49365234375 1419.291015625 1415.64453125 1411.758056640625 1407.796630859375 1403.8397216796875
1422.546142578125 1421.96533203125 1421.10107421875 1419.872314453125 1418.34619140625 1416.5394287109375 1414.4476318359375 1412.0667724609375 1409.3048095703125 1406.5181884765625 1404.0794677734375 1401.9256591796875 1399.7364501953125 1397.45068359375 1395.1639404296875 1392.9671630859375 1390.949462890625 1389.2232666015625 1388.1805419921875 1387.9833984375 1388.6947021484375 1390.29345703125 1392.69091796875 1395.64599609375 1398.888671875 1402.32958984375 1405.8878173828125 1409.4876708984375 1413.0169677734375 1416.4124755859375 1419.6153564453125 1422.5677490234375 1425.1324462890625 1427.253173828125 1428.958251953125 1430.231689453125 1431.061279296875 1431.312744140625 1431.0203857421875 1430.1856689453125 1428.7635498046875 1426.7076416015625 1423.835205078125 1420.3790283203125 1416.5081787109375 1412.3421630859375 1408.0052490234375 1403.6312255859375
1421.868408203125 1421.570556640625 1421.0146484375 1420.1868896484375 1419.08935546875 1417.6351318359375 1415.889404296875 1413.895263671875 1411.6700439453125 1409.2603759765625 1406.8499755859375 1404.50830078125 1402.1075439453125 1399.6937255859375 1397.3128662109375 1395.0718994140625 1393.113525390625 1391.5535888671875 1390.5140380859375 1390.12451171875 1390.705078125 1392.106201171875 1394.11962890625 1396.642333984375 1399.5880126953125 1402.8594970703125 1406.2547607421875 1409.723876953125 1413.2010498046875 1416.610595703125 1419.82470703125 1422.770263671875 1425.4093017578125 1427.6978759765625 1429.5477294921875 1430.8963623046875 1431.79638671875 1432.2481689453125 1432.22998046875 1431.5948486328125 1430.246826171875 1428.1463623046875 1425.252197265625 1421.639892578125 1417.504638671875 1412.94482421875 1408.226806640625 1403.44921875
1420.9066162109375 1421.0821533203125 1420.9351806640625 1420.4259033203125 1419.700439453125 1418.7374267578125 1417.54296875 1416.0374755859375 1414.2003173828125 1412.1976318359375 1409.9022216796875 1407.39599609375 1404.8359375 1402.2867431640625 1399.82568359375 1397.562255859375 1395.5721435546875 1394.0079345703125 1393.00439453125 1392.687255859375 1393.020263671875 1394.0054931640625 1395.7640380859375 1398.041259765625 1400.7027587890625 1403.662109375 1406.853759765625 1410.224609375 1413.60546875 1416.9244384765625 1420.1220703125 1423.1162109375 1425.7923583984375 1428.0826416015625 1429.98486328125 1431.49560546875 1432.5633544921875 1433.140380859375 1433.22509765625 1432.8197021484375 1431.8409423828125 1429.9061279296875 1426.927001953125 1422.8843994140625 1418.3515625 1413.505126953125 1408.492919921875 1403.408935546875
1419.859619140625 1420.352783203125 1420.6351318359375 1420.6572265625 1420.3995361328125 1419.802978515625 1419.0029296875 1418.0853271484375 1416.9580078125 1415.330322265625 1413.08349609375 1410.4600830078125 1407.7012939453125 1405.009521484375 1402.4813232421875 1400.1885986328125 1398.2215576171875 1396.695556640625 1395.638671875 1395.1947021484375 1395.405029296875 1396.2559814453125 1397.6646728515625 1399.5623779296875 1401.987060546875 1404.7506103515625 1407.7454833984375 1410.8963623046875 1414.1361083984375 1417.3936767578125 1420.54443359375 1423.463134765625 1426.1229248046875 1428.4742431640625 1430.4154052734375 1431.9710693359375 1433.0848388671875 1433.80615234375 1434.1051025390625 1433.903076171875 1433.1651611328125 1431.6397705078125 1428.32666015625 1423.992431640625 1419.18896484375 1414.0928955078125 1408.8021240234375 1403.422607421875
1418.7127685546875 1419.7193603515625 1420.344482421875 1420.69384765625 1420.79833984375 1420.73681640625 1420.506591796875 1420.016357421875 1419.3575439453125 1418.37744140625 1416.1182861328125 1413.3155517578125 1410.4810791015625 1407.7335205078125 1405.1702880859375 1402.8746337890625 1400.9168701171875 1399.3883056640625 1398.3170166015625 1397.8067626953125 1397.836669921875 1398.4644775390625 1399.677001953125 1401.366943359375 1403.4808349609375 1405.941162109375 1408.7421875 1411.746826171875 1414.8519287109375 1417.947265625 1420.97607421875 1423.8414306640625 1426.4619140625 1428.7791748046875 1430.7130126953125 1432.2967529296875 1433.443115234375 1434.20361328125 1434.5548095703125 1434.4718017578125 1433.9520263671875 1432.5386962890625 1429.21630859375 1424.6641845703125 1419.7252197265625 1414.5355224609375 1409.1639404296875 1403.695068359375
1417.5438232421875 1418.8447265625 1419.8984375 1420.7086181640625 1421.160400390625 1421.398681640625 1421.4793701171875 1421.4559326171875 1421.264892578125 1420.4525146484375 1418.4190673828125 1415.7423095703125 1412.96875 1410.276611328125 1407.768310546875 1405.5101318359375 1403.5595703125 1402.0355224609375 1400.9481201171875 1400.3890380859375 1400.3253173828125 1400.760009765625 1401.709228515625 1403.155517578125 1405.0792236328125 1407.3492431640625 1409.9052734375 1412.6630859375 1415.5870361328125 1418.5595703125 1421.4744873046875 1424.238037109375 1426.7542724609375 1428.983154296875 1430.8795166015625 1432.4315185546875 1433.5870361328125 1434.3165283203125 1434.586669921875 1434.41162109375 1433.7452392578125 1432.052734375 1429.054443359375 1424.707763671875 1419.9444580078125 1414.879150390625 1409.5948486328125 1404.16650390625
