gis/input_ras/sw_ww/Hydro Model_ 07 - Upper Aquifer_younger.asc
ncols        266
nrows        300
xllcorner    2364495.809716653544
yllcorner    243038.907031175506
cellsize     500.000000000000
NODATA_value -99999
[rows 40 to 59 of 300, columns 90 to 134 of 266]
1448.2950439453125 1448.31689453125 1448.3599853515625 1448.418212890625 1448.495361328125 1448.592529296875 1448.7154541015625 1448.8668212890625 1449.039306640625 1449.2349853515625 1448.935791015625 1448.92822265625 1448.935791015625 1448.935791015625 1448.92822265625 1448.92822265625 1449 1451.990478515625 1452.5194091796875 1453.0828857421875 1453.678955078125 1454.3096923828125 1454.97412109375 1455.6712646484375 1456.400146484375 1457.1572265625 1457.93310546875 1458.7237548828125 1459.5115966796875 1460.2899169921875 1461.05810546875 1461.8314208984375 1462.6265869140625 1463.452392578125 1464.3138427734375 1465.2132568359375 1466.159912109375 1467.152099609375 1468.183349609375 1469.2501220703125 1470.346923828125 1471.4764404296875 1472.6278076171875 1473.7938232421875 1474.969482421875
1447.337158203125 1447.324951171875 1447.3262939453125 1447.342529296875 1447.292236328125 1447.292236328125 1447.1683349609375 1447.1683349609375 1447.38818359375 1447.0626220703125 1447.0595703125 1447.015869140625 1446.9908447265625 1447.0595703125 1447.037353515625 1446.967041015625 1447.362060546875 1448.994140625 1450.8726806640625 1451.4215087890625 1452.0093994140625 1452.635498046875 1453.3004150390625 1454.0089111328125 1454.7618408203125 1455.5557861328125 1456.3773193359375 1457.2149658203125 1458.0367431640625 1458.8365478515625 1459.607666015625 1460.3740234375 1461.15966796875 1461.987060546875 1462.8634033203125 1463.7864990234375 1464.753173828125 1465.7630615234375 1466.816162109375 1467.9185791015625 1469.0535888671875 1470.2159423828125 1471.400390625 1472.598388671875 1473.81591796875
1446.359619140625 1446.3206787109375 1446.297119140625 1446.2828369140625 1446.282470703125 1446.2974853515625 1446.3426513671875 1446.4095458984375 1446.4949951171875 1446.6055908203125 1446.6864013671875 1446.6864013671875 1446.6864013671875 1446.6864013671875 1446.6864013671875 1446.6864013671875 1446.7916259765625 1448.7635498046875 1449.2589111328125 1449.7769775390625 1450.3450927734375 1450.9639892578125 1451.63037109375 1452.351806640625 1453.124755859375 1453.946044921875 1454.80224609375 1455.691162109375 1456.577880859375 1457.3988037109375 1458.1529541015625 1458.8992919921875 1459.6751708984375 1460.5029296875 1461.3846435546875 1462.3223876953125 1463.3070068359375 1464.3507080078125 1465.439208984375 1466.5689697265625 1467.731201171875 1468.92431640625 1470.1502685546875 1471.3941650390625 1472.6495361328125
1445.38720703125 1445.315185546875 1445.256103515625 1445.214599609375 1445.1888427734375 1445.1754150390625 1445.173828125 1445.1915283203125 1445.24267578125 1445.322265625 1445.4273681640625 1445.559814453125 1445.7235107421875 1445.933349609375 1446.1822509765625 1446.477294921875 1446.7667236328125 1447.20458984375 1447.653076171875 1448.1483154296875 1448.694091796875 1449.2930908203125 1449.95166015625 1450.6768798828125 1451.4576416015625 1452.3033447265625 1453.2032470703125 1454.1517333984375 1455.0994873046875 1455.973388671875 1456.6602783203125 1457.37353515625 1458.1427001953125 1458.973388671875 1459.8658447265625 1460.8284912109375 1461.8453369140625 1462.9124755859375 1464.026123046875 1465.18701171875 1466.3931884765625 1467.6290283203125 1468.885498046875 1470.159423828125 1471.4508056640625
1444.404296875 1444.310791015625 1444.2298583984375 1444.15869140625 1444.0946044921875 1444.045166015625 1444.01416015625 1444.0013427734375 1444.0076904296875 1444.038330078125 1444.106689453125 1444.210205078125 1444.3455810546875 1444.513916015625 1444.7198486328125 1444.9805908203125 1445.2904052734375 1445.646484375 1446.05126953125 1446.5084228515625 1447.035400390625 1447.618408203125 1448.2606201171875 1448.9769287109375 1449.760498046875 1450.61474609375 1451.524658203125 1452.4891357421875 1453.48681640625 1454.3624267578125 1455.0540771484375 1455.7674560546875 1456.54296875 1457.39453125 1458.3140869140625 1459.298095703125 1460.3380126953125 1461.43798828125 1462.5960693359375 1463.796875 1465.0323486328125 1466.2977294921875 1467.5955810546875 1468.9166259765625 1470.2451171875
1443.4410400390625 1443.316162109375 1443.2020263671875 1443.103515625 1443.013916015625 1442.9334716796875 1442.8592529296875 1442.8013916015625 1442.773681640625 1442.7723388671875 1442.7998046875 1442.8553466796875 1442.95166015625 1443.090576171875 1443.2677001953125 1443.48583984375 1443.7474365234375 1444.06884765625 1444.4468994140625 1444.87841796875 1445.3668212890625 1445.9189453125 1446.5506591796875 1447.2540283203125 1448.024169921875 1448.8597412109375 1449.7540283203125 1450.6986083984375 1451.647705078125 1452.5133056640625 1453.288818359375 1454.063720703125 1454.8807373046875 1455.759765625 1456.70263671875 1457.72021484375 1458.8055419921875 1459.9451904296875 1461.133544921875 1462.3662109375 1463.646484375 1464.9571533203125 1466.2884521484375 1467.6378173828125 1469.000244140625
1442.483154296875 1442.33447265625 1442.1953125 1442.0633544921875 1441.9324951171875 1441.8162841796875 1441.710205078125 1441.6180419921875 1441.5439453125 1441.492919921875 1441.4832763671875 1441.5059814453125 1441.5626220703125 1441.6544189453125 1441.7886962890625 1441.9747314453125 1442.20654296875 1442.4871826171875 1442.8199462890625 1443.2208251953125 1443.6900634765625 1444.2210693359375 1444.8172607421875 1445.48583984375 1446.2388916015625 1447.056640625 1447.92333984375 1448.8248291015625 1449.7286376953125 1450.6005859375 1451.4354248046875 1452.2698974609375 1453.1334228515625 1454.06103515625 1455.0556640625 1456.11279296875 1457.2296142578125 1458.40234375 1459.64208984375 1460.923828125 1462.2386474609375 1463.5811767578125 1464.947021484375 1466.3385009765625 1467.7369384765625
1441.5416259765625 1441.36474609375 1441.19384765625 1441.0267333984375 1440.8636474609375 1440.706298828125 1440.556396484375 1440.424560546875 1440.3123779296875 1440.2242431640625 1440.1644287109375 1440.1375732421875 1440.1568603515625 1440.213134765625 1440.3087158203125 1440.4461669921875 1440.6336669921875 1440.8856201171875 1441.193359375 1441.5599365234375 1441.988037109375 1442.4886474609375 1443.0655517578125 1443.7115478515625 1444.4244384765625 1445.1993408203125 1446.0343017578125 1446.9036865234375 1447.783203125 1448.6619873046875 1449.5352783203125 1450.4232177734375 1451.3482666015625 1452.3221435546875 1453.352783203125 1454.4444580078125 1455.6173095703125 1456.84521484375 1458.12255859375 1459.442626953125 1460.800048828125 1462.1883544921875 1463.59326171875 1465.0107421875 1466.4373779296875
1438.615478515625 1440.4068603515625 1440.200439453125 1439.9930419921875 1439.7916259765625 1439.5916748046875 1439.40185546875 1439.2259521484375 1439.067626953125 1438.9404296875 1438.8408203125 1438.773681640625 1438.7413330078125 1438.7457275390625 1438.8052978515625 1438.9072265625 1439.0570068359375 1439.259765625 1439.5230712890625 1439.867431640625 1440.2774658203125 1440.7508544921875 1441.286865234375 1441.89013671875 1442.5772705078125 1443.3232421875 1444.1190185546875 1444.955322265625 1445.82275390625 1446.708740234375 1447.6129150390625 1448.5428466796875 1449.5074462890625 1450.52001953125 1451.608154296875 1452.7569580078125 1453.966064453125 1455.2335205078125 1456.55712890625 1457.9342041015625 -99999 -99999 -99999 -99999 -99999
1438.615478515625 1439.4532470703125 1439.210693359375 1438.958740234375 1438.7078857421875 1438.461669921875 1438.2315673828125 -99999 -99999 -99999 -99999 -99999 -99999 -99999 -99999 -99999 -99999 1437.622314453125 1437.85693359375 1438.1583251953125 1438.527099609375 1438.97900390625 1439.4976806640625 1440.075927734375 1440.712890625 1441.41357421875 1442.1844482421875 1443.0008544921875 1443.8563232421875 1444.7469482421875 1445.6700439453125 1446.62890625 1447.642578125 1448.7083740234375 1449.830322265625 1451.0130615234375 1452.2662353515625 1453.59130859375 -99999 -99999 -99999 -99999 -99999 -99999 -99999
1438.7869873046875 1438.4932861328125 1438.197021484375 1437.9012451171875 1437.61376953125 1437.326171875 -99999 -99999 -99999 -99999 -99999 -99999 -99999 -99999 -99999 -99999 -99999 -99999 -99999 -99999 1436.786376953125 1437.2037353515625 1437.6834716796875 1438.236328125 1438.8470458984375 1439.5155029296875 1440.2420654296875 1441.02978515625 1441.8804931640625 1442.7764892578125 1443.7242431640625 1444.718017578125 1445.7603759765625 1446.856201171875 1448.0185546875 1449.2489013671875 -99999 -99999 -99999 -99999 -99999 -99999 -99999 -99999 -99999
1437.8375244140625 1437.507568359375 1437.174560546875 1436.8311767578125 -99999 -99999 -99999 -99999 -99999 -99999 -99999 -99999 -99999 -99999 -99999 -99999 -99999 -99999 -99999 -99999 -99999 -99999 -99999 1436.396728515625 1436.96240234375 1437.5977783203125 1438.29833984375 1439.0662841796875 1439.9053955078125 1440.809814453125 1441.7757568359375 1442.7904052734375 1443.8663330078125 1445.000244140625 -99999 -99999 -99999 -99999 -99999 -99999 -99999 -99999 -99999 -99999 -99999
1436.876953125 1436.4921875 1436.1019287109375 -99999 -99999 -99999 -99999 -99999 -99999 -99999 -99999 -99999 -99999 -99999 -99999 -99999 -99999 -99999 -99999 -99999 -99999 -99999 -99999 -99999 -99999 -99999 -99999 -99999 1437.9351806640625 1438.841796875 -99999 -99999 -99999 -99999 -99999 -99999 -99999 -99999 -99999 -99999 -99999 -99999 -99999 -99999 -99999
1435.8597412109375 -99999 -99999 -99999 -99999 -99999 -99999 -99999 -99999 -99999 -99999 -99999 -99999 -99999 -99999 -99999 -99999 -99999 -99999 -99999 -99999 -99999 -99999 -99999 -99999 -99999 -99999 -99999 -99999 -99999 -99999 -99999 -99999 -99999 -99999 -99999 -99999 -99999 -99999 -99999 -99999 -99999 -99999 -99999 -99999
-99999 -99999 -99999 -99999 -99999 -99999 -99999 -99999 -99999 -99999 -99999 -99999 -99999 -99999 -99999 -99999 -99999 -99999 -99999 -99999 -99999 -99999 -99999 -99999 -99999 -99999 -99999 -99999 -99999 -99999 -99999 -99999 -99999 -99999 -99999 -99999 -99999 -99999 -99999 -99999 -99999 -99999 -99999 -99999 -99999
-99999 -99999 -99999 -99999 -99999 -99999 -99999 -99999 -99999 -99999 -99999 -99999 -99999 -99999 -99999 -99999 -99999 -99999 -99999 -99999 -99999 -99999 -99999 -99999 -99999 -99999 -99999 -99999 -99999 -99999 -99999 -99999 -99999 -99999 -99999 -99999 -99999 -99999 -99999 -99999 -99999 -99999 -99999 -99999 -99999
-99999 -99999 -99999 -99999 -99999 -99999 -99999 -99999 -99999 -99999 -99999 -99999 -99999 -99999 -99999 -99999 -99999 -99999 -99999 -99999 -99999 -99999 -99999 -99999 -99999 -99999 -99999 -99999 -99999 -99999 -99999 -99999 -99999 -99999 -99999 -99999 -99999 -99999 -99999 -99999 -99999 -99999 -99999 -99999 -99999
-99999 -99999 -99999 -99999 -99999 -99999 -99999 -99999 -99999 -99999 -99999 -99999 -99999 -99999 -99999 -99999 -99999 -99999 -99999 -99999 -99999 -99999 -99999 -99999 -99999 -99999 -99999 -99999 -99999 -99999 -99999 -99999 -99999 -99999 -99999 -99999 -99999 -99999 -99999 -99999 -99999 -99999 -99999 -99999 -99999
-99999 -99999 -99999 -99999 -99999 -99999 -99999 -99999 -99999 -99999 -99999 -99999 -99999 -99999 -99999 -99999 -99999 -99999 -99999 -99999 -99999 -99999 -99999 -99999 -99999 -99999 -99999 -99999 -99999 -99999 -99999 -99999 -99999 -99999 -99999 -99999 -99999 -99999 -99999 -99999 -99999 -99999 -99999 -99999 -99999
-99999 -99999 -99999 -99999 -99999 -99999 -99999 -99999 -99999 -99999 -99999 -99999 -99999 -99999 -99999 -99999 -99999 -99999 -99999 -99999 -99999 -99999 -99999 -99999 -99999 -99999 -99999 -99999 -99999 -99999 -99999 -99999 -99999 -99999 -99999 -99999 -99999 -99999 -99999 -99999 -99999 -99999 -99999 -99999 -99999
