gis/input_ras/sw_ww/Hydro Model_ 05 - Middle Aquifer_younger.asc
ncols        266
nrows        300
xllcorner    2364495.809716653544
yllcorner    243038.907031175506
cellsize     500.000000000000
NODATA_value -99999
[rows 198 to 219 of 300, columns 150 to 199 of 266]
1377.0025634765625 1376.3939208984375 1373.0604248046875 1377.02880859375 1379.2401123046875 1377.9708251953125 1374.9219970703125 1372.09326171875 1369.5482177734375 1367.4195556640625 1365.6611328125 1364.3538818359375 1363.5546875 1363.3653564453125 1364.0556640625 1365.7286376953125 1368.704833984375 1372.226318359375 1376.15966796875 1380.40673828125 1384.8636474609375 1389.4886474609375 1394.0228271484375 1398.0272216796875 1401.6058349609375 1404.764892578125 1407.4625244140625 1409.52685546875 1409.9884033203125 1409.29443359375 1407.6685791015625 1405.5677490234375 1403.2392578125 1400.7469482421875 1398.17822265625 1395.881591796875 1394.3114013671875 1392.91015625 1391.535888671875 1390.26318359375 1389.72509765625 1389.4708251953125 1389.293701171875 1389.295654296875 1390.25927734375 1391.6092529296875 1392.929931640625 1394.0709228515625 1394.7298583984375 1393.59228515625
1385.5687255859375 1378.4764404296875 1376.5242919921875 1376.0443115234375 1375.4921875 1375.4921875 1375.1636962890625 1372.36572265625 1369.914306640625 1367.8780517578125 1366.226318359375 1365.074951171875 1364.487548828125 1364.53076171875 1365.336181640625 1367.0572509765625 1369.6602783203125 1372.8719482421875 1376.615234375 1380.680419921875 1384.94482421875 1389.2052001953125 1393.33203125 1397.1923828125 1400.644775390625 1403.67919921875 1406.03759765625 1407.6805419921875 1408.271240234375 1407.8121337890625 1406.5887451171875 1404.8707275390625 1402.79638671875 1400.4595947265625 1398.05419921875 1395.9423828125 1394.2064208984375 1392.68994140625 1391.24658203125 1389.91845703125 1389.24267578125 1388.8177490234375 1388.5179443359375 1388.4173583984375 1389.197998046875 1390.2242431640625 1391.193359375 1391.9876708984375 1392.3277587890625 1390.968505859375
1394.422119140625 1382.0919189453125 1376.008056640625 1376.0555419921875 1372.747802734375 1376.787353515625 1375.5994873046875 1372.83447265625 1370.4124755859375 1368.4488525390625 1366.97021484375 1365.994140625 1365.541259765625 1365.6768798828125 1366.604248046875 1368.29296875 1370.7371826171875 1373.7476806640625 1377.2021484375 1380.945556640625 1384.8958740234375 1388.88671875 1392.758544921875 1396.37646484375 1399.5587158203125 1402.28271484375 1404.443115234375 1405.9244384765625 1406.569580078125 1406.400146484375 1405.43310546875 1403.9754638671875 1402.1744384765625 1400.16943359375 1398.11669921875 1396.12451171875 1394.364990234375 1392.7645263671875 1391.30029296875 1390.064697265625 1389.1912841796875 1388.5953369140625 1388.16845703125 1388.0238037109375 1388.230712890625 1388.765869140625 1389.2562255859375 1389.5255126953125 1388.9796142578125 1387.5211181640625
1397.4176025390625 1393.6993408203125 1377.4986572265625 1372.723388671875 1374.5726318359375 1377.144287109375 1376.105224609375 1373.3636474609375 1371.0716552734375 1369.20458984375 1367.789306640625 1366.851318359375 1366.5714111328125 1366.932861328125 1367.9146728515625 1369.52587890625 1371.7491455078125 1374.5504150390625 1377.801513671875 1381.307861328125 1384.96533203125 1388.640380859375 1392.171630859375 1395.4755859375 1398.4447021484375 1401.0030517578125 1403.00439453125 1404.2999267578125 1404.905517578125 1404.8646240234375 1404.2412109375 1403.136474609375 1401.6097412109375 1399.8697509765625 1398.0447998046875 1396.234130859375 1394.5325927734375 1392.959716796875 1391.53271484375 1390.290283203125 1389.2745361328125 1388.47216796875 1387.9144287109375 1387.5540771484375 1387.3934326171875 1387.351806640625 1387.1236572265625 1386.6619873046875 1385.6824951171875 1384.044189453125
1398.381591796875 1394.49267578125 1390.611328125 1373.0682373046875 1376.8419189453125 1375.96240234375 1375.366455078125 1374.0794677734375 1371.771484375 1369.89794921875 1368.64453125 1367.9031982421875 1367.6961669921875 1368.046875 1369.0047607421875 1370.6812744140625 1372.85693359375 1375.465087890625 1378.429931640625 1381.6649169921875 1385.0537109375 1388.42822265625 1391.6961669921875 1394.7696533203125 1397.4932861328125 1399.760986328125 1401.5538330078125 1402.8265380859375 1403.5478515625 1403.6090087890625 1403.1148681640625 1402.22119140625 1401.0072021484375 1399.554931640625 1397.9525146484375 1396.313720703125 1394.7083740234375 1393.1727294921875 1391.7369384765625 1390.481201171875 1389.39013671875 1388.4501953125 1387.650146484375 1386.96728515625 1386.4013671875 1385.8155517578125 1385.095458984375 1384.126953125 1382.7352294921875 1380.7896728515625
1398.9957275390625 1395.07421875 1391.1617431640625 1387.3974609375 1373.6571044921875 1375.8472900390625 1374.5364990234375 1374.7562255859375 1372.567626953125 1370.823974609375 1369.556640625 1368.794677734375 1368.6739501953125 1369.195068359375 1370.25146484375 1371.8104248046875 1373.8316650390625 1376.35009765625 1379.164794921875 1382.1651611328125 1385.2701416015625 1388.3994140625 1391.4102783203125 1394.1748046875 1396.6531982421875 1398.7889404296875 1400.5146484375 1401.6456298828125 1402.2843017578125 1402.4610595703125 1402.2034912109375 1401.518798828125 1400.4681396484375 1399.21630859375 1397.822265625 1396.341796875 1394.826171875 1393.361572265625 1391.966796875 1390.659423828125 1389.449951171875 1388.368408203125 1387.3662109375 1386.4075927734375 1385.4512939453125 1384.4462890625 1383.2958984375 1381.8148193359375 1380.013427734375 1377.8980712890625
1399.038330078125 1395.3126220703125 1391.5740966796875 1387.90771484375 1384.3870849609375 1375.6251220703125 1374.99169921875 1373.542724609375 1373.4224853515625 1371.6663818359375 1370.4735107421875 1369.84814453125 1369.7877197265625 1370.287353515625 1371.3570556640625 1372.9808349609375 1375.0115966796875 1377.3597412109375 1379.9632568359375 1382.801025390625 1385.69677734375 1388.550048828125 1391.2962646484375 1393.867919921875 1396.1837158203125 1398.0712890625 1399.5889892578125 1400.7144775390625 1401.4227294921875 1401.632568359375 1401.41015625 1400.8626708984375 1400.03515625 1398.9615478515625 1397.68896484375 1396.33447265625 1394.9339599609375 1393.52099609375 1392.12841796875 1390.7999267578125 1389.526123046875 1387.8916015625 1387.077392578125 1385.8955078125 1384.6610107421875 1383.2777099609375 1381.71533203125 1379.925048828125 1377.8641357421875 1375.452392578125
1398.708984375 1395.330322265625 1391.7713623046875 1388.3001708984375 1384.997314453125 1373.47412109375 1372.5672607421875 1372.60693359375 1374.424072265625 1372.75537109375 1371.5216064453125 1370.8465576171875 1370.836181640625 1371.518798828125 1372.6971435546875 1374.2724609375 1376.228759765625 1378.5120849609375 1381.0115966796875 1383.6239013671875 1386.285888671875 1388.953857421875 1391.51806640625 1393.818115234375 1395.87060546875 1397.644287109375 1399.0760498046875 1400.1109619140625 1400.71875 1400.9722900390625 1400.885498046875 1400.41845703125 1399.67236328125 1398.7127685546875 -99999 -99999 -99999 -99999 -99999 -99999 -99999 -99999 -99999 -99999 -99999 -99999 -99999 -99999 -99999 1368.59716796875
1398.02099609375 1395.038330078125 1391.9107666015625 1388.7398681640625 1385.60498046875 1382.6490478515625 1377.973388671875 1374.7109375 1372.0987548828125 1373.96240234375 1372.7288818359375 1372.0343017578125 1372.14990234375 1372.919921875 1374.1568603515625 1375.7630615234375 1377.7015380859375 1379.861083984375 1382.2108154296875 1384.695068359375 1387.2041015625 1389.6209716796875 1391.918701171875 1394.0526123046875 1395.9556884765625 1397.556640625 1398.8133544921875 1399.763427734375 1395.9962158203125 -99999 -99999 -99999 -99999 -99999 -99999 -99999 -99999 -99999 -99999 -99999 -99999 -99999 -99999 -99999 -99999 -99999 -99999 -99999 -99999 -99999
1397.404052734375 1394.8057861328125 1391.96630859375 1389.0626220703125 1386.2711181640625 1383.6090087890625 1381.1275634765625 1377.3863525390625 1373.2452392578125 1371.817626953125 1373.0369873046875 1372.26806640625 1373.7994384765625 1374.654296875 1375.9285888671875 1377.5050048828125 1379.3863525390625 1381.4742431640625 1383.708984375 1385.9990234375 1388.2991943359375 1390.5595703125 1392.6990966796875 1394.6282958984375 1396.3038330078125 1395.7825927734375 -99999 -99999 -99999 -99999 -99999 -99999 -99999 -99999 -99999 -99999 -99999 -99999 -99999 -99999 -99999 -99999 1386.78076171875 1385.184326171875 1383.48779296875 1381.64404296875 1379.6334228515625 1377.4267578125 1375.02783203125 1372.4805908203125
1396.68798828125 1394.500244140625 1392.1224365234375 1389.59423828125 1387.0538330078125 1384.6197509765625 1382.3680419921875 1380.412353515625 1375.0010986328125 1372.641845703125 1374.162841796875 1372.0692138671875 1372.412841796875 1376.82421875 1378.04150390625 1379.5614013671875 1381.3397216796875 1383.2989501953125 1385.4146728515625 1387.5777587890625 1389.73486328125 1391.791015625 1393.7015380859375 1395.4482421875 -99999 -99999 -99999 -99999 -99999 -99999 -99999 -99999 -99999 -99999 -99999 -99999 -99999 -99999 -99999 1391.2745361328125 1389.8714599609375 1388.422119140625 1386.9080810546875 1385.31640625 1383.63037109375 1381.8258056640625 1379.8927001953125 -99999 -99999 -99999
1396.2586669921875 1394.3973388671875 1392.3226318359375 1390.13134765625 1387.9395751953125 1385.85009765625 1383.88720703125 1382.13427734375 1380.6317138671875 1376.718017578125 1376.28125 1375.3458251953125 1374.4078369140625 1371.894775390625 1374.0823974609375 1380.9326171875 1383.5672607421875 1385.4278564453125 1387.3970947265625 1389.3863525390625 1386.8369140625 1384.0595703125 -99999 -99999 -99999 -99999 -99999 -99999 -99999 -99999 -99999 -99999 1399.5657958984375 1398.73828125 1397.7259521484375 -99999 -99999 -99999 -99999 -99999 -99999 -99999 -99999 -99999 -99999 -99999 -99999 -99999 -99999 -99999
1395.90771484375 1394.4375 1392.73876953125 1390.882568359375 1389.02001953125 1387.212646484375 1385.5169677734375 1384.0382080078125 1382.822021484375 1381.890380859375 1378.3623046875 1376.8902587890625 1374.1907958984375 1374.169921875 1373.60302734375 1370.6822509765625 1373.7100830078125 1375.159423828125 1377.2105712890625 1378.260986328125 -99999 -99999 -99999 -99999 -99999 -99999 -99999 -99999 -99999 1401.2471923828125 1400.9871826171875 1400.508056640625 1399.8017578125 1398.9354248046875 -99999 -99999 -99999 -99999 -99999 -99999 -99999 -99999 -99999 -99999 -99999 -99999 -99999 -99999 -99999 -99999
1395.89013671875 1394.6842041015625 1393.2996826171875 1391.8035888671875 1390.262451171875 1388.75341796875 1387.384521484375 1386.175048828125 1384.017333984375 1384.1956787109375 1383.9969482421875 1383.9580078125 1375.2420654296875 1373.7431640625 1372.3394775390625 -99999 -99999 -99999 -99999 -99999 -99999 -99999 -99999 -99999 -99999 -99999 1400.3448486328125 1401.9107666015625 1401.981201171875 1401.8094482421875 1401.4141845703125 1400.84521484375 1400.1138916015625 -99999 -99999 -99999 -99999 -99999 -99999 -99999 -99999 -99999 -99999 -99999 -99999 -99999 -99999 -99999 -99999 -99999
1396.120849609375 1395.2347412109375 1394.1016845703125 1392.896728515625 1391.685791015625 1390.507080078125 1389.402587890625 1388.39599609375 1383.955322265625 1387.1370849609375 1386.874267578125 1386.8916015625 1387.2630615234375 1381.9677734375 -99999 -99999 -99999 -99999 -99999 -99999 -99999 -99999 -99999 -99999 -99999 1398.4051513671875 1402.767822265625 1402.871826171875 1402.74853515625 1402.4415283203125 1401.96435546875 1401.32666015625 -99999 -99999 -99999 -99999 -99999 -99999 -99999 -99999 -99999 -99999 -99999 -99999 -99999 -99999 -99999 -99999 -99999 -99999
1396.60595703125 1395.9259033203125 1395.1253662109375 1394.2440185546875 1393.2896728515625 1392.3447265625 1391.537109375 1390.8416748046875 1390.291259765625 1389.9202880859375 1389.80615234375 1390.0003662109375 1390.4454345703125 1391.1341552734375 1392.087890625 1393.2476806640625 1387.208984375 1382.3414306640625 -99999 -99999 -99999 -99999 -99999 -99999 1403.4788818359375 1403.8331298828125 1403.96484375 1403.9010009765625 1403.6510009765625 1403.22900390625 1402.6009521484375 1401.838623046875 -99999 -99999 -99999 -99999 -99999 -99999 -99999 -99999 -99999 -99999 -99999 -99999 -99999 -99999 -99999 -99999 -99999 -99999
1397.3739013671875 1396.9310302734375 1396.3292236328125 1395.6710205078125 1395.034912109375 1394.41552734375 1393.8258056640625 1393.3131103515625 1392.96728515625 1392.8323974609375 1392.884765625 1393.1510009765625 1393.6529541015625 1394.397705078125 1395.33203125 1396.4007568359375 1397.59423828125 1398.8524169921875 1400.0972900390625 1401.283935546875 1402.3812255859375 1403.3660888671875 1404.1884765625 -99999 1405.1346435546875 1405.3123779296875 1405.3028564453125 1405.1005859375 1404.65234375 1404.04345703125 1403.3004150390625 1402.454833984375 -99999 -99999 -99999 -99999 -99999 -99999 -99999 -99999 -99999 -99999 -99999 -99999 -99999 -99999 -99999 -99999 -99999 -99999
1398.3333740234375 1398.0633544921875 1397.7421875 1397.3675537109375 1396.9266357421875 1396.5009765625 1396.15576171875 1395.9210205078125 1395.786376953125 1395.7857666015625 1395.959716796875 1396.3570556640625 1396.941650390625 1397.6962890625 1398.6104736328125 1399.6416015625 1400.7291259765625 1401.82763671875 1402.9320068359375 1403.990234375 1404.95166015625 1405.704833984375 1406.287353515625 1406.6942138671875 1406.91259765625 1406.928466796875 1406.70263671875 1406.3057861328125 1405.734130859375 1405.000244140625 1404.1097412109375 1403.088623046875 -99999 -99999 -99999 -99999 -99999 -99999 -99999 -99999 -99999 -99999 -99999 -99999 -99999 -99999 -99999 -99999 -99999 -99999
1399.55859375 1399.4569091796875 1399.2930908203125 1399.0938720703125 1398.9166259765625 1398.7684326171875 1398.622802734375 1398.5523681640625 1398.5819091796875 1398.781494140625 1399.120849609375 1399.604736328125 1400.23876953125 1401.0126953125 1401.9071044921875 1402.8624267578125 1403.8602294921875 1404.862548828125 1405.840576171875 1406.7017822265625 1407.4515380859375 1408.056640625 1408.4884033203125 1408.708984375 1408.6790771484375 1408.4884033203125 1408.1446533203125 1407.639404296875 1406.9417724609375 1405.998291015625 1404.900146484375 1403.733154296875 -99999 -99999 -99999 -99999 -99999 -99999 -99999 -99999 -99999 -99999 -99999 -99999 -99999 -99999 -99999 -99999 -99999 -99999
1400.9173583984375 1400.978759765625 1401.024658203125 1401.0286865234375 1401.026611328125 1401.0433349609375 1401.097412109375 1401.2615966796875 1401.48681640625 1401.8157958984375 1402.259521484375 1402.8265380859375 1403.5306396484375 1404.3299560546875 1405.1943359375 1406.0941162109375 1406.9910888671875 1407.851806640625 1408.6751708984375 1409.407470703125 1410.0164794921875 1410.443359375 1410.634033203125 1410.62841796875 1410.435546875 1410.0780029296875 1409.56982421875 1408.96826171875 1408.1568603515625 1407.0943603515625 1405.79638671875 1404.30859375 1402.8330078125 -99999 -99999 -99999 -99999 -99999 -99999 -99999 -99999 -99999 -99999 -99999 -99999 -99999 -99999 -99999 -99999 -99999
1402.49462890625 1402.697998046875 1402.878173828125 1403.0477294921875 1403.22265625 1403.4393310546875 1403.6885986328125 1403.9952392578125 1404.37109375 1404.83642578125 1405.41064453125 1406.06884765625 1406.8040771484375 1407.602294921875 1408.437255859375 1409.262939453125 1410.058349609375 1410.8143310546875 1411.5130615234375 1412.09130859375 1412.50390625 1412.73291015625 1412.7568359375 1412.56298828125 1412.0989990234375 1411.486572265625 1410.848388671875 1410.2008056640625 1409.4954833984375 1408.235107421875 1406.5897216796875 1404.8475341796875 1403.10302734375 -99999 -99999 -99999 -99999 -99999 -99999 -99999 -99999 -99999 -99999 -99999 -99999 -99999 -99999 -99999 -99999 -99999
1404.2342529296875 1404.57373046875 1404.892333984375 1405.215576171875 1405.552978515625 1405.91552734375 1406.3138427734375 1406.762939453125 1407.2899169921875 1407.880859375 1408.534912109375 1409.2484130859375 1410.0203857421875 1410.822265625 1411.6136474609375 1412.36962890625 1413.07177734375 1413.71630859375 1414.2615966796875 1414.682373046875 1414.94677734375 1415.02392578125 1414.81103515625 1414.3294677734375 1413.6138916015625 1412.7132568359375 1411.732666015625 1411.1097412109375 1410.4937744140625 1409.237548828125 1407.286865234375 1405.2264404296875 1403.2618408203125 1401.3828125 -99999 -99999 -99999 -99999 -99999 -99999 -99999 -99999 -99999 -99999 -99999 -99999 -99999 -99999 -99999 -99999
