gis/input_ras/sw_ww/Hydro Model_ 07 - Upper Aquifer_younger.asc
ncols        266
nrows        300
xllcorner    2364495.809716653544
yllcorner    243038.907031175506
cellsize     500.000000000000
NODATA_value -99999
[rows 240 to 259 of 300, columns 0 to 44 of 266]
1518.21630859375 1517.3961181640625 1516.4317626953125 1515.28076171875 1513.939208984375 1512.422607421875 1510.73828125 1508.8812255859375 1506.745361328125 1504.331298828125 1501.65185546875 1498.713134765625 1495.5384521484375 1492.12109375 1488.6065673828125 1485.0640869140625 1481.63134765625 1478.3104248046875 1475.1220703125 1472.1453857421875 1469.05615234375 1467.07763671875 1465.0469970703125 1462.060546875 1462.0811767578125 1461.142333984375 1460.5604248046875 1460.26171875 1460.259033203125 1460.5281982421875 1461.0845947265625 1461.9444580078125 1463.1700439453125 1464.7745361328125 1466.699951171875 1468.918701171875 1471.394775390625 1474.1783447265625 1477.19677734375 1480.37744140625 1483.638916015625 1486.948974609375 1490.325439453125 1493.6666259765625 1496.9241943359375
1518.7890625 1518.056884765625 1517.1846923828125 1516.1676025390625 1515.0152587890625 1513.700439453125 1512.1998291015625 1510.535400390625 1508.6903076171875 1506.6588134765625 1504.2593994140625 1501.51708984375 1498.5322265625 1495.36962890625 1492.1575927734375 1488.890380859375 1485.666748046875 1482.549072265625 1479.598388671875 1476.896484375 1474.4119873046875 1472.1988525390625 1470.284423828125 1468.7188720703125 1462.739990234375 1466.671875 1466.1025390625 1465.7801513671875 1465.6705322265625 1465.7789306640625 1466.2044677734375 1466.9161376953125 1467.927734375 1469.24462890625 1470.896240234375 1472.893310546875 1475.1453857421875 1477.6297607421875 1480.2835693359375 1483.1392822265625 1486.1463623046875 1489.219482421875 1492.3182373046875 1495.3338623046875 1498.325439453125
1519.2606201171875 1518.6619873046875 1517.90576171875 1516.9893798828125 1515.95361328125 1514.79931640625 1513.52685546875 1512.1417236328125 1510.5667724609375 1508.7806396484375 1506.6998291015625 1504.2279052734375 1501.4261474609375 1498.4720458984375 1495.459716796875 1492.4390869140625 1489.4835205078125 1486.6478271484375 1483.9481201171875 1481.423828125 1479.1016845703125 1477.050048828125 1475.3082275390625 1473.862548828125 1472.7158203125 1471.8648681640625 1469.1597900390625 1471.0133056640625 1470.817138671875 1470.7938232421875 1471.0013427734375 1471.489013671875 1472.339111328125 1473.473388671875 1474.885986328125 1476.56591796875 1478.492431640625 1480.708740234375 1483.1102294921875 1485.6680908203125 1488.3443603515625 1491.0863037109375 1493.89990234375 1496.7042236328125 1499.471435546875
1519.684814453125 1519.1512451171875 1518.4744873046875 1517.6773681640625 1516.7890625 1515.7786865234375 1514.677001953125 1513.4847412109375 1512.19921875 1510.8125 1508.9866943359375 1506.645263671875 1504.0101318359375 1501.28515625 1498.525390625 1495.7730712890625 1493.076416015625 1490.4686279296875 1487.980712890625 1485.678466796875 1483.5789794921875 1481.688232421875 1480.0269775390625 1478.61474609375 1477.53955078125 1476.762451171875 1476.2523193359375 1475.9014892578125 1475.54833984375 1475.37939453125 1475.47412109375 1475.8232421875 1476.4298095703125 1477.294677734375 1478.49951171875 1479.9434814453125 1481.6107177734375 1483.4854736328125 1485.552490234375 1487.822998046875 1490.2066650390625 1492.6739501953125 1495.19482421875 1497.7314453125 1500.2530517578125
1519.9102783203125 1519.515380859375 1518.8912353515625 1518.188232421875 1517.40869140625 1516.5533447265625 1515.6219482421875 1514.5814208984375 1513.4691162109375 1512.2344970703125 1510.7008056640625 1508.6116943359375 1506.1904296875 1503.7369384765625 1501.2572021484375 1498.7803955078125 1496.3238525390625 1493.9656982421875 1491.7381591796875 1489.6409912109375 1487.691162109375 1485.9075927734375 1484.383544921875 1483.0821533203125 1482.0078125 1481.16455078125 1480.58447265625 1476.7188720703125 1479.7965087890625 1479.5450439453125 1479.4827880859375 1479.6929931640625 1480.16064453125 1480.8543701171875 1481.7705078125 1482.9036865234375 1484.321533203125 1485.925537109375 1487.7000732421875 1489.6265869140625 1491.6851806640625 1493.896240234375 1496.13720703125 1498.40966796875 1500.6932373046875
1519.9573974609375 1519.58935546875 1519.1136474609375 1518.5419921875 1517.86865234375 1517.117919921875 1516.300048828125 1515.4034423828125 1514.4132080078125 1513.2578125 1511.791748046875 1510.0103759765625 1508.0120849609375 1505.884521484375 1503.6334228515625 1501.438232421875 1499.281982421875 1497.1826171875 1495.1583251953125 1493.22021484375 1491.4749755859375 1489.8680419921875 1488.41259765625 1487.1317138671875 1486.0758056640625 1485.2393798828125 1484.5654296875 1484.026123046875 1483.599365234375 1483.3114013671875 1483.1966552734375 1483.2601318359375 1483.510498046875 1484.002685546875 1484.7249755859375 1485.626220703125 1486.712646484375 1487.9788818359375 1489.487060546875 1491.1416015625 1492.9041748046875 1494.7705078125 1496.7200927734375 1498.7847900390625 1500.836181640625
1519.865478515625 1519.579345703125 1519.175537109375 1518.692626953125 1518.1395263671875 1517.51513671875 1516.798828125 1515.9852294921875 1515.072021484375 1514.006591796875 1512.7572021484375 1511.2252197265625 1509.4649658203125 1507.640625 1505.7596435546875 1503.8536376953125 1501.9100341796875 1500.0172119140625 1498.2442626953125 1496.5501708984375 1494.9482421875 1493.4427490234375 1492.0855712890625 1490.89599609375 1489.847412109375 1488.9483642578125 1484.505126953125 1487.629638671875 1487.1424560546875 1486.7685546875 1486.5333251953125 1486.4901123046875 1486.608642578125 1486.8819580078125 1487.3150634765625 1487.9541015625 1488.819580078125 1489.824951171875 1490.9766845703125 1492.2752685546875 1493.7647705078125 1495.4007568359375 1497.0784912109375 1498.8232421875 1500.6219482421875
1519.6375732421875 1519.4078369140625 1519.1055908203125 1518.723388671875 1518.2457275390625 1517.6976318359375 1517.085205078125 1516.390625 1515.582275390625 1514.6151123046875 1513.479736328125 1512.1939697265625 1510.7764892578125 1509.20947265625 1507.54638671875 1505.8729248046875 1504.243408203125 1502.6348876953125 1501.0364990234375 1499.4927978515625 1498.0526123046875 1496.71923828125 1495.467529296875 1494.31494140625 1493.2872314453125 1492.39501953125 1488.934814453125 1489.767822265625 1490.3953857421875 1489.9576416015625 1489.6304931640625 1489.414794921875 1489.3280029296875 1489.4329833984375 1489.685302734375 1490.05810546875 1490.57470703125 1491.271240234375 1492.1839599609375 1493.239013671875 1494.3858642578125 1495.65673828125 1497.0758056640625 1498.618408203125 1500.2139892578125
1519.301513671875 1519.1246337890625 1518.8785400390625 1518.566162109375 1518.1956787109375 1517.7567138671875 1517.2186279296875 1516.6004638671875 1515.8905029296875 1515.0772705078125 1514.133544921875 1513.016845703125 1511.7802734375 1510.46826171875 1509.124755859375 1507.7225341796875 1506.281982421875 1504.8563232421875 1503.48828125 1502.1761474609375 1500.890380859375 1499.657470703125 1498.494384765625 1497.427001953125 1496.4366455078125 1495.535888671875 1494.7325439453125 1490.3509521484375 1486.144287109375 1492.840087890625 1492.40673828125 1492.07666015625 1491.8502197265625 1491.7015380859375 1491.663818359375 1491.8260498046875 1492.1273193359375 1492.5616455078125 1493.1005859375 1493.799072265625 1494.711669921875 1495.752685546875 1496.8953857421875 1498.115234375 1499.451416015625
1518.803955078125 1518.696533203125 1518.534912109375 1518.293212890625 1517.9871826171875 1517.619140625 1517.1900634765625 1516.696533203125 1516.08349609375 1515.3743896484375 1514.5623779296875 1513.66162109375 1512.678955078125 1511.5723876953125 1510.4130859375 1509.220947265625 1508.0489501953125 1506.87646484375 1505.6849365234375 1504.5169677734375 1503.3790283203125 1502.3028564453125 1501.253662109375 1500.2423095703125 1498.723876953125 1497.9495849609375 1497.5638427734375 1496.80419921875 1492.5250244140625 1488.9322509765625 1494.9400634765625 1494.42724609375 1494.0177001953125 1493.7073974609375 1493.494384765625 1493.375244140625 1493.3387451171875 1493.5028076171875 1493.8099365234375 1494.255615234375 1494.8214111328125 1495.511962890625 1496.4154052734375 1497.43310546875 1498.5521240234375
1518.1943359375 1518.137451171875 1518.02783203125 1517.8646240234375 1517.652587890625 1517.37060546875 1517.02001953125 1516.6036376953125 1516.1156005859375 1515.5625 1514.8978271484375 1514.1468505859375 1513.3218994140625 1512.4329833984375 1511.528564453125 1510.5504150390625 1509.5589599609375 1508.5633544921875 1507.5711669921875 1506.6165771484375 1505.633544921875 1504.6593017578125 1503.6983642578125 1502.7569580078125 1501.8468017578125 1500.9661865234375 1494.98486328125 1497.6990966796875 1497.46923828125 1490.163330078125 1497.1807861328125 1496.5567626953125 1495.9820556640625 1495.44921875 1494.999755859375 1494.659912109375 1494.4193115234375 1494.288330078125 1494.252685546875 1494.4056396484375 1494.7215576171875 1495.181640625 1495.7828369140625 1496.493896484375 1497.391845703125
1517.43896484375 1517.4500732421875 1517.4105224609375 1517.3128662109375 1517.1666259765625 1516.9705810546875 1516.7225341796875 1516.4097900390625 1516.025390625 1515.577392578125 1515.064453125 1514.4864501953125 1513.8397216796875 1513.1339111328125 1512.3902587890625 1511.6182861328125 1510.8328857421875 1510.037841796875 1509.2342529296875 1508.42236328125 1507.5980224609375 1506.7596435546875 1505.8887939453125 1505.0087890625 1504.1285400390625 1503.2564697265625 1501.9620361328125 1494.3570556640625 1492.08056640625 1488.291015625 1499.1810302734375 1498.4144287109375 1497.6817626953125 1496.9847412109375 1496.334228515625 1495.7420654296875 1495.2301025390625 1494.8431396484375 1494.5733642578125 1494.4332275390625 1494.4332275390625 1494.6107177734375 1494.9661865234375 1495.4677734375 1496.1070556640625
1516.55712890625 1516.6214599609375 1516.64697265625 1516.631591796875 1516.5654296875 1516.447021484375 1516.2833251953125 1516.0718994140625 1515.8111572265625 1515.483154296875 1515.098876953125 1514.6627197265625 1514.177978515625 1513.6500244140625 1513.0682373046875 1512.474365234375 1511.8685302734375 1511.2545166015625 1510.633544921875 1509.9822998046875 1509.3095703125 1508.587158203125 1507.811279296875 1506.98876953125 1506.1334228515625 1505.2718505859375 1504.4078369140625 1499.2611083984375 1497.1358642578125 1490.0848388671875 1492.260009765625 1500.0509033203125 1499.16357421875 1498.2900390625 1497.4439697265625 1496.6357421875 1495.8890380859375 1495.221923828125 1494.685302734375 1494.2864990234375 1494.0313720703125 1493.9295654296875 1493.988037109375 1494.25 1494.6800537109375
1515.552490234375 1515.6861572265625 1515.765869140625 1515.819091796875 1515.8359375 1515.815185546875 1515.7501220703125 1515.6220703125 1515.4649658203125 1515.26611328125 1515.0247802734375 1514.7259521484375 1514.3656005859375 1513.983642578125 1513.5751953125 1513.1485595703125 1512.6932373046875 1512.2315673828125 1511.7818603515625 1511.316650390625 1510.8133544921875 1510.201171875 1509.4896240234375 1508.7052001953125 1507.8809814453125 1507.0316162109375 1506.1630859375 1505.2777099609375 1502.13037109375 1498.8017578125 1496.6175537109375 1493.939453125 1498.6051025390625 1499.4176025390625 1498.369384765625 1497.340576171875 1496.40185546875 1495.5008544921875 1494.6934814453125 1493.9998779296875 1493.46240234375 1493.1363525390625 1492.9569091796875 1492.953125 1493.1241455078125
1514.428466796875 1514.62255859375 1514.78955078125 1514.9281005859375 1515.013427734375 1515.06689453125 1515.0968017578125 1515.09326171875 1515.0540771484375 1514.94921875 1514.81689453125 1514.65869140625 1514.4573974609375 1514.209228515625 1513.9102783203125 1513.61572265625 1513.326904296875 1513.037353515625 1512.7374267578125 1512.4083251953125 1512.065185546875 1511.6053466796875 1510.9459228515625 1510.1864013671875 1509.3778076171875 1508.5457763671875 1507.6842041015625 1506.78759765625 1505.85107421875 1502.8511962890625 1502.40087890625 1498.4403076171875 1492.8870849609375 1500.392578125 1499.195556640625 1497.970703125 1496.7694091796875 1495.61328125 1494.6016845703125 1493.68603515625 1492.882080078125 1492.2333984375 1491.7718505859375 1491.575927734375 1491.5550537109375
1513.2330322265625 1513.4903564453125 1513.7156982421875 1513.921875 1514.1102294921875 1514.272705078125 1514.38623046875 1514.4627685546875 1514.52001953125 1514.5555419921875 1514.562744140625 1514.5089111328125 1514.40673828125 1514.2745361328125 1514.1317138671875 1513.9766845703125 1513.791259765625 1513.6063232421875 1513.44921875 1513.2945556640625 1513.123779296875 1512.75390625 1512.123779296875 1511.3958740234375 1510.6363525390625 1509.835205078125 1508.9871826171875 1508.0955810546875 1507.1400146484375 1506.1143798828125 1505.0115966796875 1503.838623046875 1499.80029296875 1494.6265869140625 1499.8525390625 1498.4627685546875 1497.098388671875 1495.7484130859375 1494.4412841796875 1493.22119140625 1492.191650390625 1491.3302001953125 1490.628173828125 1490.1273193359375 1489.8487548828125
1511.9383544921875 1512.2730712890625 1512.5966796875 1512.889404296875 1513.147705078125 1513.3818359375 1513.60400390625 1513.80517578125 1513.961669921875 1514.0810546875 1514.17333984375 1514.2528076171875 1514.293701171875 1514.265869140625 1513.7520751953125 1514.1558837890625 1514.111572265625 1514.0599365234375 1513.9810791015625 1513.8946533203125 1513.79150390625 1513.503173828125 1513.0067138671875 1512.3450927734375 1511.6431884765625 1510.8978271484375 1510.0963134765625 1509.2210693359375 1508.260009765625 1507.219482421875 1506.076171875 1503.5623779296875 1499.830078125 1494.541748046875 1496.60302734375 1498.1690673828125 1497.3182373046875 1495.7490234375 1494.254638671875 1492.83935546875 1491.49658203125 1490.296630859375 1489.359375 1488.6719970703125 1488.217529296875
1510.623291015625 1511.0279541015625 1511.4173583984375 1511.7899169921875 1512.15869140625 1512.4996337890625 1512.8017578125 1513.0792236328125 1513.33154296875 1513.574951171875 1513.7764892578125 1513.9345703125 1514.056884765625 1514.1495361328125 1514.2359619140625 1512.5472412109375 1511.711181640625 1511.9776611328125 1514.337158203125 1514.3116455078125 1514.20556640625 1513.9710693359375 1513.57275390625 1513.0640869140625 1512.4742431640625 1511.7825927734375 1511.021484375 1510.183837890625 1509.2508544921875 1508.19921875 1507.0128173828125 1505.7071533203125 1503.6866455078125 1495.4033203125 1496.6546630859375 1496.9019775390625 1497.4010009765625 1495.811279296875 1494.03125 1492.3258056640625 1490.7664794921875 1489.3577880859375 1488.1365966796875 1487.150390625 1486.511474609375
1509.256591796875 1509.748046875 1510.246337890625 1510.7093505859375 1511.1536865234375 1511.5775146484375 1511.982177734375 1512.3709716796875 1512.71435546875 1513.03125 1513.3206787109375 1513.5859375 1513.822509765625 1514.01318359375 1514.177978515625 1513.87548828125 1512.806884765625 1514.5357666015625 1514.5828857421875 1514.5830078125 1514.51513671875 1514.3460693359375 1514.0400390625 1513.61572265625 1513.1015625 1512.505615234375 1511.8262939453125 1511.0240478515625 1510.1097412109375 1509.0748291015625 1507.9073486328125 1506.5596923828125 1505.0364990234375 1498.6270751953125 1496.86376953125 1498.0447998046875 1497.7689208984375 1495.8050537109375 1493.8466796875 1491.92431640625 1490.06787109375 1488.3426513671875 1486.898681640625 1485.735107421875 1484.8824462890625
1507.908935546875 1508.4906005859375 1509.064453125 1509.626220703125 1510.1766357421875 1510.6934814453125 1511.185546875 1511.65185546875 1512.09130859375 1512.50732421875 1512.884033203125 1513.233642578125 1513.5555419921875 1513.84912109375 1514.115234375 1514.1474609375 1513.7520751953125 1513.906982421875 1514.76806640625 1514.8055419921875 1514.7572021484375 1514.62158203125 1514.391845703125 1514.0670166015625 1513.636474609375 1513.104736328125 1512.47998046875 1511.7537841796875 1510.9154052734375 1509.9014892578125 1508.71484375 1507.352783203125 1505.81103515625 1504.08251953125 1500.0013427734375 1498.1993408203125 1498.029296875 1495.878173828125 1493.682861328125 1491.52587890625 1489.4453125 1487.489990234375 1485.7197265625 1484.247802734375 1483.303955078125
