gis/input_ras/sw_ww/Hydro Model_ 05 - Middle Aquifer_younger.asc
ncols        266
nrows        300
xllcorner    2364495.809716653544
yllcorner    243038.907031175506
cellsize     500.000000000000
NODATA_value -99999
[rows 66 to 87 of 300, columns 150 to 199 of 266]
1402.637451171875 1402.54541015625 1402.599609375 1402.791748046875 1403.1650390625 1403.7271728515625 1404.478515625 1405.4139404296875 1406.503662109375 1407.7098388671875 1409.001220703125 1410.356689453125 1411.7576904296875 1413.192626953125 1414.6466064453125 1416.115966796875 1417.6014404296875 1419.0965576171875 1420.5660400390625 1422.011474609375 1423.4263916015625 1424.8233642578125 1426.2012939453125 1427.4986572265625 1428.7017822265625 1429.6168212890625 1429.6224365234375 1428.7943115234375 1427.906982421875 1427.0074462890625 1426.1368408203125 1425.3458251953125 1424.65673828125 1424.079833984375 1423.614013671875 1423.2381591796875 1422.917724609375 1422.5816650390625 1422.1602783203125 1421.62158203125 1420.9501953125 1420.165771484375 1419.1512451171875 1417.9659423828125 1416.6563720703125 1415.2381591796875 1413.6435546875 1411.833984375 -99999 -99999
1400.268798828125 1400.0390625 1399.928955078125 1399.9954833984375 1400.316162109375 1400.8466796875 1401.60546875 1402.549560546875 1403.6434326171875 1404.8665771484375 1406.174560546875 1407.5523681640625 1408.96435546875 1410.395263671875 1411.8387451171875 1413.29052734375 1414.7291259765625 1416.1484375 1417.54296875 1418.911865234375 1420.228271484375 1421.44677734375 1422.5770263671875 1423.6231689453125 1424.5513916015625 1425.0787353515625 1425.026611328125 1424.58740234375 1423.8453369140625 1423.0255126953125 1422.2093505859375 1421.4102783203125 1420.6668701171875 1420.0556640625 1419.568115234375 1419.1845703125 1418.822509765625 1418.3968505859375 1417.8555908203125 1417.1705322265625 1416.2230224609375 1415.0570068359375 1413.7115478515625 1412.2816162109375 -99999 -99999 -99999 -99999 -99999 -99999
1398.1597900390625 1397.7662353515625 1397.5386962890625 1397.5001220703125 1397.7286376953125 1398.228759765625 1398.9915771484375 1399.9459228515625 1401.055419921875 1402.2978515625 1403.6182861328125 1404.99853515625 1406.41015625 1407.83544921875 1409.252685546875 1410.6544189453125 1412.044677734375 1413.4083251953125 1414.720703125 1415.9483642578125 1417.0904541015625 1418.148681640625 1419.0968017578125 1419.84912109375 1420.3592529296875 1420.6678466796875 1420.663818359375 1420.3516845703125 1419.8746337890625 1419.263671875 1418.5146484375 1417.7237548828125 1416.9658203125 1416.309814453125 1415.837646484375 1415.499755859375 1415.157958984375 1414.7376708984375 1414.09326171875 1413.189453125 1412.02392578125 1410.6287841796875 -99999 -99999 -99999 -99999 -99999 -99999 -99999 -99999
1396.4610595703125 1395.8680419921875 1395.4041748046875 1395.24560546875 1395.4359130859375 1395.916015625 1396.6705322265625 1397.65478515625 1398.7916259765625 1400.0364990234375 1401.3564453125 1402.728759765625 1404.125244140625 1405.527099609375 1406.9163818359375 1408.284423828125 1409.611083984375 1410.881103515625 1412.094482421875 1413.226318359375 1414.2564697265625 1415.1077880859375 1415.7535400390625 1416.2271728515625 1416.5198974609375 1416.62841796875 1416.6087646484375 1416.5504150390625 1416.275634765625 1415.8314208984375 1415.2320556640625 1414.4798583984375 1413.6441650390625 1412.963623046875 1412.50634765625 1412.279296875 1412.092041015625 1411.6744384765625 1410.9716796875 1409.9781494140625 1408.643798828125 -99999 -99999 -99999 -99999 -99999 -99999 -99999 -99999 -99999
1395.0855712890625 1394.281982421875 1393.6593017578125 1393.317626953125 1393.385498046875 1393.922607421875 1394.739990234375 1395.7381591796875 1396.8714599609375 1398.107421875 1399.4161376953125 1400.7694091796875 1402.140869140625 1403.5133056640625 1404.860595703125 1406.1702880859375 1407.438720703125 1408.6536865234375 1409.8004150390625 1410.8204345703125 1411.693115234375 1412.38916015625 1412.8797607421875 1413.1419677734375 1413.069580078125 1412.982666015625 1413.0323486328125 1413.1510009765625 1413.2362060546875 1413.083984375 1412.5745849609375 1411.84765625 1410.9713134765625 1410.0443115234375 1409.7452392578125 1409.770751953125 1409.7030029296875 1409.385009765625 1408.70556640625 1407.5732421875 1406.033203125 -99999 -99999 -99999 -99999 -99999 -99999 -99999 -99999 -99999
1394.2152099609375 1393.1544189453125 1392.170166015625 1391.6815185546875 1391.784423828125 1392.3399658203125 1393.18994140625 1394.2139892578125 1395.3526611328125 1396.56396484375 1397.8314208984375 1399.1395263671875 1400.4669189453125 1401.79345703125 1403.0968017578125 1404.3660888671875 1405.59228515625 1406.7445068359375 1407.812744140625 1408.7703857421875 1409.5867919921875 1410.220458984375 1410.543701171875 1410.56298828125 1410.2991943359375 1409.946533203125 1409.9296875 1410.5863037109375 1410.9666748046875 1411.0289306640625 1410.7540283203125 1410.1551513671875 1409.1905517578125 1408.1829833984375 1407.8101806640625 1408.2181396484375 1408.318115234375 1407.96728515625 1407.224365234375 1406.0751953125 -99999 -99999 -99999 -99999 -99999 -99999 -99999 -99999 -99999 -99999
1393.8382568359375 1392.554443359375 1391.32421875 1390.47802734375 1390.500732421875 1391.2896728515625 1392.192626953125 1393.1875 1394.260986328125 1395.4053955078125 1396.6175537109375 1397.8634033203125 1399.1290283203125 1400.4000244140625 1401.6622314453125 1402.881591796875 1404.0584716796875 1405.1817626953125 1406.2366943359375 1407.1865234375 1407.96337890625 1408.548583984375 1408.898681640625 1408.968017578125 1408.622802734375 1407.8419189453125 1408.1658935546875 1409.1082763671875 1409.82666015625 1410.0418701171875 1409.871826171875 1409.4205322265625 1408.771240234375 1408.0487060546875 1407.852783203125 1407.91943359375 1407.8741455078125 1407.5428466796875 1406.8446044921875 1405.6085205078125 -99999 -99999 -99999 -99999 -99999 -99999 -99999 -99999 -99999 -99999
1394.05029296875 1392.6746826171875 1391.33349609375 1390.4080810546875 1390.43017578125 1390.9970703125 1391.759521484375 1392.6671142578125 1393.640625 1394.6839599609375 1395.7860107421875 1396.936767578125 1398.1416015625 1399.34375 1400.5439453125 1401.7305908203125 1402.8909912109375 1404.0035400390625 1405.0511474609375 1406.0172119140625 1406.8765869140625 1407.58154296875 1408.03955078125 1408.2752685546875 1408.3094482421875 1408.2796630859375 1408.501953125 1409.2379150390625 1409.753173828125 1410.0213623046875 1410.028564453125 1409.76025390625 1409.343505859375 1408.9964599609375 1408.779052734375 1408.687255859375 1408.555419921875 1408.095947265625 1407.29638671875 1406.1324462890625 -99999 -99999 -99999 -99999 -99999 -99999 -99999 -99999 -99999 -99999
1394.768310546875 1393.3936767578125 1392.206787109375 1391.349853515625 1391.0853271484375 1391.3905029296875 1391.91015625 1392.5902099609375 1393.39013671875 1394.3160400390625 1395.3157958984375 1396.359130859375 1397.4486083984375 1398.5731201171875 1399.7301025390625 1400.8818359375 1402.020751953125 1403.14453125 1404.2425537109375 1405.2637939453125 1406.2039794921875 1407.0511474609375 1407.793212890625 1408.4140625 1408.8118896484375 1409.276123046875 1409.7811279296875 1410.2139892578125 1410.61572265625 1410.8472900390625 1410.8831787109375 1410.8045654296875 1410.6488037109375 1410.44970703125 1410.30810546875 1410.1802978515625 1409.9256591796875 1409.470703125 1408.702880859375 1407.555908203125 -99999 -99999 -99999 -99999 -99999 -99999 -99999 -99999 -99999 -99999
1395.8819580078125 1394.5263671875 1393.3724365234375 1392.5606689453125 1392.172119140625 1392.1212158203125 1392.3951416015625 1392.9083251953125 1393.546875 1394.284912109375 1395.1170654296875 1396.0506591796875 1397.05859375 1398.1024169921875 1399.182373046875 1400.2972412109375 1401.4381103515625 1402.577880859375 1403.714599609375 1404.8399658203125 1405.943115234375 1406.960205078125 1407.8988037109375 1408.848388671875 1409.8204345703125 1410.8272705078125 1411.3975830078125 1411.7550048828125 1411.9931640625 1412.216552734375 1412.379638671875 1412.4234619140625 1412.4151611328125 1412.412109375 1412.373779296875 1412.26318359375 1412.0103759765625 1411.5401611328125 1410.7855224609375 1409.7529296875 -99999 -99999 -99999 -99999 -99999 -99999 -99999 -99999 -99999 -99999
1397.2620849609375 1395.912353515625 1394.7738037109375 1393.888427734375 1393.373046875 1393.1724853515625 1393.226318359375 1393.4766845703125 1393.913818359375 1394.52392578125 1395.2359619140625 1396.025634765625 1396.8944091796875 1397.8524169921875 1398.8851318359375 1399.9642333984375 1401.0927734375 1402.2696533203125 1403.47509765625 1404.6806640625 1405.88134765625 1407.1131591796875 1408.3560791015625 1409.5753173828125 1410.81494140625 1412.1234130859375 1412.9957275390625 1413.375244140625 1413.657958984375 1413.94873046875 1414.222900390625 1414.4822998046875 1414.6949462890625 1414.8095703125 1414.8709716796875 1414.8433837890625 1414.6519775390625 1414.24853515625 1413.557373046875 1412.6024169921875 -99999 -99999 -99999 -99999 -99999 -99999 -99999 -99999 -99999 -99999
1398.799072265625 1397.4488525390625 1396.287841796875 1395.358642578125 1394.69970703125 1394.288818359375 1394.1895751953125 1394.29150390625 1394.564453125 1394.97119140625 1395.5111083984375 1396.1988525390625 1396.978271484375 1397.842041015625 -99999 -99999 -99999 -99999 -99999 -99999 -99999 -99999 1408.84228515625 1410.2730712890625 1411.741455078125 1413.108642578125 1414.1629638671875 1414.8155517578125 1415.385498046875 1415.9410400390625 1416.4234619140625 1416.853515625 1417.2362060546875 1417.578125 1417.82958984375 1417.8931884765625 1417.7791748046875 1417.458984375 1416.89453125 1416.0916748046875 -99999 -99999 -99999 -99999 -99999 -99999 -99999 -99999 -99999 -99999
1400.4405517578125 1399.048095703125 1397.828125 1396.843505859375 1396.0989990234375 1395.5826416015625 1395.28564453125 1395.184814453125 1395.314697265625 1395.600341796875 -99999 -99999 -99999 -99999 -99999 -99999 -99999 -99999 -99999 -99999 -99999 -99999 -99999 -99999 -99999 1414.015869140625 1415.288818359375 1416.333740234375 1417.1976318359375 1418.000244140625 1418.758056640625 1419.50732421875 1420.149169921875 1420.6695556640625 1421.0704345703125 1421.3218994140625 1421.3797607421875 1421.1566162109375 1420.6903076171875 1419.9986572265625 1419.093505859375 -99999 -99999 -99999 -99999 -99999 -99999 -99999 -99999 -99999
1402.08203125 1400.681884765625 1399.431396484375 1398.3568115234375 1397.47900390625 1396.8519287109375 1396.4508056640625 -99999 -99999 -99999 -99999 -99999 -99999 -99999 -99999 -99999 -99999 -99999 -99999 -99999 -99999 -99999 -99999 -99999 -99999 -99999 -99999 -99999 -99999 -99999 1421.30322265625 1422.3092041015625 1423.22705078125 1424.036376953125 1424.675048828125 1425.0775146484375 1425.2611083984375 1425.2115478515625 1424.921142578125 1424.34912109375 1423.5560302734375 1422.5926513671875 -99999 -99999 -99999 -99999 -99999 -99999 1413.1990966796875 1411.543212890625
1403.7301025390625 1402.2816162109375 1400.96240234375 1399.8441162109375 1398.9110107421875 -99999 -99999 -99999 -99999 -99999 -99999 -99999 -99999 -99999 -99999 -99999 -99999 -99999 -99999 -99999 -99999 -99999 -99999 -99999 -99999 -99999 -99999 -99999 -99999 -99999 -99999 -99999 -99999 1427.5855712890625 1428.4661865234375 1429.12646484375 1429.5054931640625 1429.56689453125 1429.3751220703125 1428.9490966796875 1428.3125 1427.46826171875 1426.4744873046875 1425.3839111328125 1424.2109375 1422.963134765625 1421.6142578125 1420.1517333984375 1418.579833984375 1416.9024658203125
1405.31201171875 1403.8533935546875 1402.4970703125 1401.277099609375 -99999 -99999 -99999 -99999 -99999 -99999 -99999 -99999 -99999 -99999 -99999 -99999 -99999 -99999 -99999 -99999 -99999 -99999 -99999 -99999 -99999 -99999 -99999 -99999 -99999 -99999 -99999 -99999 -99999 -99999 1432.48828125 1433.3494873046875 1433.90869140625 1434.1646728515625 1434.114013671875 1433.7518310546875 1433.1785888671875 1432.4447021484375 1431.58349609375 1430.6065673828125 1429.5311279296875 1428.3690185546875 1427.095947265625 1425.691650390625 1424.1280517578125 1422.401611328125
1406.8614501953125 1405.3629150390625 1403.9508056640625 -99999 -99999 -99999 -99999 -99999 -99999 -99999 -99999 -99999 -99999 -99999 -99999 -99999 -99999 -99999 -99999 -99999 -99999 -99999 -99999 -99999 -99999 -99999 -99999 -99999 -99999 -99999 -99999 -99999 -99999 -99999 -99999 1437.7894287109375 1438.4971923828125 1438.8399658203125 1438.8485107421875 1438.5858154296875 1438.1015625 1437.4241943359375 1436.6341552734375 1435.7679443359375 1434.8265380859375 1433.7813720703125 1432.57958984375 1431.2041015625 1429.637939453125 1427.9058837890625
1408.3602294921875 1406.86962890625 -99999 -99999 -99999 -99999 -99999 -99999 -99999 -99999 -99999 -99999 -99999 -99999 -99999 -99999 -99999 -99999 -99999 -99999 -99999 -99999 -99999 -99999 -99999 -99999 -99999 -99999 -99999 -99999 -99999 -99999 -99999 -99999 -99999 -99999 1443.0906982421875 1443.56787109375 1443.6094970703125 1443.3612060546875 1442.872802734375 1442.26025390625 1441.56591796875 1440.7822265625 1439.935302734375 1439.016845703125 1437.950439453125 1436.64794921875 1435.0767822265625 1433.3089599609375
1409.8551025390625 -99999 -99999 -99999 -99999 -99999 -99999 -99999 -99999 -99999 -99999 -99999 -99999 -99999 -99999 -99999 -99999 -99999 -99999 -99999 -99999 -99999 -99999 -99999 -99999 -99999 -99999 -99999 -99999 -99999 -99999 -99999 -99999 -99999 -99999 -99999 1447.6529541015625 1448.1883544921875 1448.20458984375 1447.923828125 1447.4427490234375 1446.8458251953125 1446.184814453125 1445.5076904296875 1444.819580078125 1444.0421142578125 1443.096435546875 1441.894775390625 1440.293701171875 1438.47509765625
1411.320068359375 -99999 -99999 -99999 -99999 -99999 -99999 -99999 -99999 -99999 -99999 -99999 -99999 -99999 -99999 -99999 -99999 -99999 -99999 -99999 -99999 -99999 -99999 -99999 -99999 -99999 -99999 -99999 -99999 -99999 -99999 -99999 -99999 -99999 -99999 -99999 1452.134033203125 1452.5648193359375 1452.5150146484375 1452.1749267578125 1451.65478515625 1451.06396484375 1450.453857421875 1449.8421630859375 1449.2352294921875 1448.6376953125 1448.0201416015625 1446.8258056640625 1445.1881103515625 1443.30126953125
-99999 -99999 -99999 -99999 -99999 -99999 -99999 -99999 -99999 -99999 -99999 -99999 -99999 -99999 -99999 -99999 -99999 -99999 -99999 -99999 -99999 -99999 -99999 -99999 -99999 -99999 -99999 -99999 -99999 -99999 -99999 -99999 -99999 -99999 -99999 -99999 1456.25390625 1456.6219482421875 1456.37451171875 1455.91796875 1455.3756103515625 1454.7969970703125 1454.2159423828125 1453.6693115234375 1453.1614990234375 1452.6749267578125 1452.121826171875 1451.2108154296875 1449.471435546875 1447.61669921875
-99999 -99999 -99999 -99999 -99999 -99999 -99999 -99999 -99999 -99999 -99999 -99999 -99999 -99999 -99999 -99999 -99999 -99999 -99999 -99999 -99999 -99999 -99999 -99999 -99999 -99999 -99999 -99999 -99999 -99999 -99999 -99999 -99999 -99999 -99999 -99999 1459.9949951171875 1459.86083984375 1459.489013671875 1459.012939453125 1458.4869384765625 1457.9537353515625 1457.428466796875 1456.926025390625 1456.443359375 1455.9700927734375 1455.3712158203125 1454.3824462890625 1452.953369140625 1451.3155517578125
