gis/input_ras/sw_ww/Hydro Model_ 01 - Bedrock_younger.asc
ncols        266
nrows        300
xllcorner    2364495.809716653544
yllcorner    243038.907031175506
cellsize     500.000000000000
NODATA_value -99999
[rows 40 to 59 of 300, columns 132 to 175 of 266]
1321.33544921875 1329.946533203125 1338.676513671875 1347.4381103515625 1356.1905517578125 1364.8458251953125 1373.3521728515625 1381.66015625 1389.650146484375 1397.2811279296875 1404.5430908203125 1411.404541015625 1417.837158203125 1423.7119140625 1429.05029296875 1433.901611328125 1438.2650146484375 1442.142822265625 1445.432861328125 1448.2216796875 1450.5789794921875 1452.52734375 1454.08544921875 1455.220947265625 1456.0302734375 1456.58056640625 1456.9056396484375 1457.036376953125 1456.98681640625 1456.828125 1456.5966796875 1456.31591796875 1456.0078125 1455.6925048828125 1455.389404296875 1455.1065673828125 1454.8497314453125 1454.6251220703125 1454.4454345703125 1454.302734375 1454.1976318359375 1454.130615234375 1454.1007080078125 1454.115478515625
1319.475341796875 1328.2379150390625 1337.1566162109375 1346.111083984375 1355.056396484375 1363.9105224609375 1372.5867919921875 1381.0501708984375 1389.240234375 1397.110595703125 1404.5584716796875 1411.5303955078125 1418.01611328125 1424.0184326171875 1429.52099609375 1434.4451904296875 1438.7908935546875 1442.593505859375 1445.90380859375 1448.73779296875 1451.063232421875 1452.905517578125 1454.34375 1455.4366455078125 1456.2177734375 1456.7020263671875 1456.924560546875 1456.970703125 1456.8817138671875 1456.688232421875 1456.42041015625 1456.1051025390625 1455.780029296875 1455.4593505859375 1455.1546630859375 1454.87646484375 1454.63916015625 1454.438232421875 1454.275146484375 1454.15185546875 1454.073974609375 1454.0499267578125 1454.068359375 1454.126708984375
1318.0205078125 1326.919921875 1335.941650390625 1345.0142822265625 1354.08056640625 1363.076904296875 1371.931884765625 1380.5693359375 1388.885009765625 1396.856201171875 1404.423583984375 1411.5614013671875 1418.1878662109375 1424.2593994140625 1429.76171875 1434.7001953125 1439.1014404296875 1442.926513671875 1446.2149658203125 1448.942626953125 1451.1998291015625 1453.030029296875 1454.4283447265625 1455.465087890625 1456.1328125 1456.5452880859375 1456.7418212890625 1456.7484130859375 1456.618896484375 1456.383544921875 1456.0966796875 1455.78125 1455.455810546875 1455.14208984375 1454.8599853515625 1454.6099853515625 1454.39453125 1454.21484375 1454.0802001953125 1453.99609375 1453.9573974609375 1453.9666748046875 1454.021728515625 1454.13134765625
1316.8902587890625 1325.847412109375 1334.9439697265625 1344.111328125 1353.2864990234375 1362.365234375 1371.304443359375 1380.0306396484375 1388.4788818359375 1396.5919189453125 1404.244873046875 1411.4639892578125 1418.1517333984375 1424.3001708984375 1429.8682861328125 1434.8126220703125 1439.2088623046875 1442.963623046875 1446.1904296875 1448.892578125 1451.10205078125 1452.875 1454.1878662109375 1455.15576171875 1455.79638671875 1456.16943359375 1456.3209228515625 1456.288330078125 1456.141357421875 1455.905029296875 1455.6187744140625 1455.3125 1455.0162353515625 1454.7401123046875 1454.487548828125 1454.26806640625 1454.094482421875 1453.9642333984375 1453.87060546875 1453.81591796875 1453.8074951171875 1453.8626708984375 1453.9794921875 1454.148193359375
1316.0291748046875 1325.0130615234375 1334.141357421875 1343.338623046875 1352.541259765625 1361.684326171875 1370.6982421875 1379.47802734375 1387.9837646484375 1396.1719970703125 1403.9359130859375 1411.252197265625 1417.972900390625 1424.156982421875 1429.7733154296875 1434.70654296875 1439.033447265625 1442.731689453125 1445.9034423828125 1448.5513916015625 1450.6658935546875 1452.3485107421875 1453.6201171875 1454.550537109375 1455.158447265625 1455.490478515625 1455.61474609375 1455.57861328125 1455.43310546875 1455.2122802734375 1454.9598388671875 1454.6942138671875 1454.4361572265625 1454.2010498046875 1454.0120849609375 1453.8656005859375 1453.74560546875 1453.65771484375 1453.60498046875 1453.60400390625 1453.6473388671875 1453.7454833984375 1453.904541015625 1454.1214599609375
1315.3924560546875 1324.3448486328125 1333.4329833984375 1342.6243896484375 1351.8369140625 1360.9801025390625 1369.999267578125 1378.8406982421875 1387.41064453125 1395.6217041015625 1403.4307861328125 1410.8023681640625 1417.6715087890625 1423.9063720703125 1429.4276123046875 1434.323486328125 1438.61474609375 1442.27587890625 1445.3135986328125 1447.8037109375 1449.85009765625 1451.4876708984375 1452.7171630859375 1453.58642578125 1454.14453125 1454.4713134765625 1454.607421875 1454.5882568359375 1454.4686279296875 1454.2852783203125 1454.078125 1453.868408203125 1453.6939697265625 1453.5482177734375 1453.4302978515625 1453.346923828125 1453.2962646484375 1453.296142578125 1453.3140869140625 1453.3583984375 1453.4405517578125 1453.572509765625 1453.802001953125 1454.1048583984375
1314.869140625 1323.731201171875 1332.7730712890625 1341.90478515625 1351.0751953125 1360.21875 1369.22216796875 1378.0322265625 1386.6053466796875 1394.893310546875 1402.83349609375 1410.25537109375 1417.10205078125 1423.3519287109375 1428.963134765625 1433.83935546875 1437.9189453125 1441.392333984375 1444.327392578125 1446.769775390625 1448.7091064453125 1450.197509765625 1451.3502197265625 1452.20263671875 1452.7872314453125 1453.1160888671875 1453.245849609375 1453.2608642578125 1453.1954345703125 1453.0810546875 1452.96533203125 1452.8509521484375 1452.7626953125 1452.7066650390625 1452.689453125 1452.7261962890625 1452.7769775390625 1452.850341796875 1452.944091796875 1453.0614013671875 1453.201904296875 1453.380615234375 1453.6585693359375 1454.032958984375
1314.4671630859375 1323.1915283203125 1332.0787353515625 1341.1094970703125 1350.2105712890625 1359.2811279296875 1368.2559814453125 1377.076416015625 1385.6636962890625 1393.9549560546875 1401.9097900390625 1409.4432373046875 1416.4669189453125 1422.7471923828125 1428.1956787109375 1432.9173583984375 1436.9437255859375 1440.326416015625 1443.023681640625 1445.230224609375 1447.040771484375 1448.4952392578125 1449.6295166015625 1450.41162109375 1450.9581298828125 1451.3134765625 1451.5137939453125 1451.5986328125 1451.60205078125 1451.5848388671875 1451.5689697265625 1451.5703125 1451.6072998046875 1451.687744140625 1451.8028564453125 1451.94775390625 1452.116943359375 1452.30859375 1452.5101318359375 1452.718505859375 1452.93212890625 1453.165283203125 1453.5035400390625 1453.964599609375
1314.013916015625 1322.5899658203125 1331.3382568359375 1340.2130126953125 1349.1754150390625 1358.1690673828125 1367.0892333984375 1375.8250732421875 1384.3890380859375 1392.75244140625 1400.8404541015625 1408.4154052734375 1415.416259765625 1421.7415771484375 1427.289306640625 1431.9605712890625 1435.6441650390625 1438.681640625 1441.19970703125 1443.281982421875 1444.9774169921875 1446.2694091796875 1447.2999267578125 1448.0975341796875 1448.6910400390625 1449.0789794921875 1449.322509765625 1449.4913330078125 1449.6168212890625 1449.7266845703125 1449.83251953125 1449.9915771484375 1450.1881103515625 1450.4217529296875 1450.68994140625 1450.9742431640625 1451.295166015625 1451.6248779296875 1451.9583740234375 1452.288330078125 1452.6143798828125 1452.9776611328125 1453.3968505859375 1453.867431640625
1313.598876953125 1321.91943359375 1330.431396484375 1339.1556396484375 1347.987548828125 1356.82080078125 1365.61279296875 1374.306396484375 1382.8477783203125 1391.1826171875 1399.2479248046875 1406.95556640625 1414.1866455078125 1420.6070556640625 1426.0186767578125 1430.39794921875 1433.8834228515625 1436.6845703125 1438.9488525390625 1440.744384765625 1442.2509765625 1443.5025634765625 1444.5128173828125 1445.282958984375 1445.872314453125 1446.333251953125 1446.692626953125 1446.9632568359375 1447.20263671875 1447.4722900390625 1447.7708740234375 1448.10693359375 1448.4569091796875 1448.8663330078125 1449.3240966796875 1449.8017578125 1450.2916259765625 1450.7518310546875 1451.2322998046875 1451.713623046875 1452.1907958984375 1452.6685791015625 1453.1492919921875 1453.662841796875
1313.0189208984375 1321.1527099609375 1329.488525390625 1337.9547119140625 1346.545166015625 1355.228271484375 1363.902099609375 1372.4285888671875 1380.8585205078125 1389.1611328125 1397.2498779296875 1404.9957275390625 1412.2459716796875 1418.8896484375 1424.49951171875 1428.6126708984375 1431.66259765625 1433.990478515625 1435.950439453125 1437.6107177734375 1439.0067138671875 1440.1566162109375 1441.1070556640625 1441.906494140625 1442.5665283203125 1443.08837890625 1443.537841796875 1443.9674072265625 1444.3994140625 1444.837646484375 1445.287841796875 1445.8275146484375 1446.4271240234375 1447.0631103515625 1447.6986083984375 1448.3304443359375 1449.00927734375 1449.68212890625 1450.338623046875 1450.9488525390625 1451.5391845703125 1452.1441650390625 1452.730224609375 1453.2869873046875
1312.3895263671875 1320.2186279296875 1328.3018798828125 1336.5697021484375 1344.97412109375 1353.3792724609375 1361.777099609375 1370.146484375 1378.4542236328125 1386.62939453125 1394.5799560546875 1402.2861328125 1409.649658203125 1416.516845703125 1422.383056640625 1425.8914794921875 1428.4422607421875 1430.537353515625 1432.3087158203125 1433.7913818359375 1435.0618896484375 1436.17822265625 1437.1324462890625 1437.950927734375 1438.66455078125 1439.31787109375 1439.927490234375 1440.48974609375 1441.0650634765625 1441.7318115234375 1442.462646484375 1443.235107421875 1444.0191650390625 1444.841552734375 1445.739013671875 1446.635986328125 1447.4996337890625 1448.319091796875 1449.1229248046875 1449.9224853515625 1450.6829833984375 1451.3853759765625 1452.04248046875 1452.6580810546875
1311.6461181640625 1319.25048828125 1327.057861328125 1334.9560546875 1343.0364990234375 1351.219482421875 1359.3984375 1367.502197265625 1375.50341796875 1383.4322509765625 1391.2176513671875 1398.764404296875 1405.9432373046875 1412.6148681640625 1418.2945556640625 1421.7237548828125 1424.1724853515625 1426.137451171875 1427.7904052734375 1429.2059326171875 1430.4451904296875 1431.542724609375 1432.5216064453125 1433.416748046875 1434.22119140625 1434.9757080078125 1435.70654296875 1436.500244140625 1437.347412109375 1438.212646484375 1439.139404296875 1440.13818359375 1441.24462890625 1442.37060546875 1443.45654296875 1444.5357666015625 1445.6097412109375 1446.6719970703125 1447.6715087890625 1448.590576171875 1449.4613037109375 1450.2874755859375 1451.0582275390625 1451.7452392578125
1310.8026123046875 1318.0107421875 1325.5157470703125 1333.179443359375 1340.957763671875 1348.765380859375 1356.55078125 1364.3443603515625 1372.0814208984375 1379.7318115234375 1387.1566162109375 1394.2821044921875 1401.030029296875 1407.20458984375 1412.393310546875 1416.0791015625 1418.708984375 1420.7342529296875 1422.430419921875 1423.87646484375 1425.126220703125 1426.25 1427.280517578125 1428.2418212890625 1429.15771484375 1430.0936279296875 1431.0277099609375 1431.996826171875 1433.0294189453125 1434.1602783203125 1435.427490234375 1436.7142333984375 1438.0382080078125 1439.3883056640625 1440.7681884765625 1442.148193359375 1443.4207763671875 1444.638671875 1445.7972412109375 1446.9012451171875 1447.9195556640625 1448.824462890625 1449.6552734375 1450.407958984375
1309.702392578125 1316.659912109375 1323.7930908203125 1331.0447998046875 1338.458740234375 1345.9454345703125 1353.419189453125 1360.84423828125 1368.1131591796875 1375.3453369140625 1382.3826904296875 1389.130859375 1395.4832763671875 1401.0306396484375 1405.704833984375 1409.4140625 1412.2935791015625 1414.5433349609375 1416.314453125 1417.7872314453125 1419.096923828125 1420.29248046875 1421.416259765625 1422.4918212890625 1423.54638671875 1424.6202392578125 1425.73583984375 1426.94921875 1428.2794189453125 1429.6888427734375 1431.1845703125 1432.75341796875 1434.4163818359375 1436.0740966796875 1437.6956787109375 1439.27587890625 1440.7965087890625 1442.2586669921875 1443.580322265625 1444.7994384765625 1445.9158935546875 1446.926025390625 1447.81103515625 1448.5478515625
1308.3233642578125 1314.935791015625 1321.73974609375 1328.6883544921875 1335.698486328125 1342.7958984375 1349.8531494140625 1356.8397216796875 1363.7408447265625 1370.5303955078125 1377.142822265625 1383.353759765625 1389.105712890625 1394.274169921875 1398.7601318359375 1402.4578857421875 1405.266845703125 1407.558349609375 1409.4522705078125 1411.053955078125 1412.4517822265625 1413.7255859375 1414.9427490234375 1416.13525390625 1417.3360595703125 1418.5986328125 1419.9508056640625 1421.40966796875 1422.9832763671875 1424.6729736328125 1426.5025634765625 1428.3980712890625 1430.3299560546875 1432.269287109375 1434.1864013671875 1436.0391845703125 1437.7760009765625 1439.4024658203125 1440.909912109375 1442.2918701171875 1443.4957275390625 1444.5411376953125 1445.4322509765625 1446.156005859375
1306.6759033203125 1312.9395751953125 1319.3472900390625 1325.9276123046875 1332.58251953125 1339.2474365234375 1345.901123046875 1352.48291015625 1358.9742431640625 1365.2623291015625 1371.330078125 1377.097900390625 1382.4793701171875 1387.2889404296875 1391.365478515625 1394.8331298828125 1397.73095703125 1400.121337890625 1402.032470703125 1403.6776123046875 1405.168701171875 1406.5560302734375 1407.879638671875 1409.18994140625 1410.5662841796875 1412.027587890625 1413.5992431640625 1415.2947998046875 1417.1717529296875 1419.1949462890625 1421.3250732421875 1423.5352783203125 1425.7679443359375 1428.015869140625 1430.2078857421875 1432.3126220703125 1434.3035888671875 1436.125244140625 1437.7738037109375 1439.2598876953125 1440.5738525390625 1441.7044677734375 1442.60791015625 1443.2589111328125
1304.67138671875 1310.6400146484375 1316.6915283203125 1322.847900390625 1329.07666015625 1335.370849609375 1341.6551513671875 1347.794921875 1353.80029296875 1359.6318359375 1365.287841796875 1370.6092529296875 1375.45263671875 1379.8428955078125 1383.7406005859375 1387.0875244140625 1389.8275146484375 1392.1290283203125 1394.1129150390625 1395.852294921875 1397.4033203125 1398.8504638671875 1400.2825927734375 1401.7470703125 1403.2847900390625 1404.905029296875 1406.74072265625 1408.7496337890625 1410.923583984375 1413.2464599609375 1415.6485595703125 1418.2032470703125 1420.7801513671875 1423.33740234375 1425.8157958984375 1428.13916015625 1430.3380126953125 1432.3638916015625 1434.206298828125 1435.835693359375 1437.2274169921875 1438.38671875 1439.2994384765625 1439.9521484375
1302.486083984375 1307.9974365234375 1313.6397705078125 1319.491455078125 1325.3704833984375 1331.213623046875 1337.015380859375 1342.7642822265625 1348.4395751953125 1353.84423828125 1358.9520263671875 1363.7681884765625 1368.2657470703125 1372.367919921875 1375.898193359375 1378.964599609375 1381.630126953125 1383.9150390625 1385.882080078125 1387.6060791015625 1389.2034912109375 1390.7381591796875 1392.258056640625 1393.8243408203125 1395.551513671875 1397.441650390625 1399.5159912109375 1401.7576904296875 1404.1939697265625 1406.867431640625 1409.6622314453125 1412.5364990234375 1415.3709716796875 1418.1944580078125 1420.956298828125 1423.5767822265625 1426.0218505859375 1428.20654296875 1430.1968994140625 1431.968505859375 1433.4996337890625 1434.7530517578125 1435.6834716796875 1436.28466796875
1299.957275390625 1305.1700439453125 1310.4698486328125 1315.8360595703125 1321.2620849609375 1326.7841796875 1332.2843017578125 1337.583984375 1342.7535400390625 1347.7054443359375 1352.4774169921875 1356.956787109375 1360.9725341796875 1364.6173095703125 1367.8978271484375 1370.7911376953125 1373.308349609375 1375.4398193359375 1377.3438720703125 1379.070556640625 1380.6798095703125 1382.247802734375 1383.8770751953125 1385.6165771484375 1387.5035400390625 1389.565673828125 1391.8660888671875 1394.4527587890625 1397.2486572265625 1400.1920166015625 1403.2440185546875 1406.41357421875 1409.6259765625 1412.7843017578125 1415.767822265625 1418.5845947265625 1421.232177734375 1423.678466796875 1425.90087890625 1427.80029296875 1429.4427490234375 1430.780517578125 1431.764404296875 1432.3544921875
