gis/input_ras/sw_ww/Hydro Model_ 07 - Upper Aquifer_younger.asc
ncols        266
nrows        300
xllcorner    2364495.809716653544
yllcorner    243038.907031175506
cellsize     500.000000000000
NODATA_value -99999
[rows 100 to 119 of 300, columns 0 to 44 of 266]
1505.6063232421875 1504.6546630859375 1503.6588134765625 1502.614013671875 1501.51416015625 1500.35400390625 1499.0960693359375 1497.7369384765625 1496.26171875 1494.64794921875 1492.8848876953125 1490.937255859375 1488.85205078125 1486.6339111328125 1484.317138671875 1481.9342041015625 1479.494140625 1477.0343017578125 1474.59130859375 1472.2010498046875 1469.90234375 1467.75048828125 1465.7601318359375 1463.980712890625 1462.4111328125 1461.092041015625 1460.046142578125 1459.254638671875 1458.7440185546875 1458.4793701171875 -99999 1458.6646728515625 1459.0498046875 1459.607177734375 1460.2838134765625 1461.0435791015625 1461.8414306640625 1462.6441650390625 1463.3927001953125 1463.9898681640625 1464.28466796875 1463.4844970703125 1462.926513671875 1463.8157958984375 1463.30859375
1506.9769287109375 1506.043701171875 1505.0791015625 1504.0692138671875 1503.0042724609375 1501.8831787109375 1500.695068359375 1499.419921875 1498.0050048828125 1496.4373779296875 1494.716796875 1492.819580078125 1490.7652587890625 1488.55615234375 1486.2464599609375 1483.8680419921875 1481.4451904296875 1479.0008544921875 1476.56201171875 1474.17236328125 1471.866455078125 1469.69140625 1467.6676025390625 1465.8565673828125 1464.2525634765625 1462.8822021484375 1461.7767333984375 1460.9483642578125 1460.4219970703125 -99999 -99999 1460.3841552734375 1460.8243408203125 1461.423583984375 1462.1434326171875 1462.966064453125 1463.8465576171875 1464.736083984375 1465.575927734375 1466.2674560546875 1466.6097412109375 1466.572021484375 1462.95361328125 1466.01220703125 1465.5106201171875
1508.304443359375 1507.381591796875 1506.4307861328125 1505.4464111328125 1504.4249267578125 1503.35546875 1502.21337890625 1500.98681640625 1499.653076171875 1498.164306640625 1496.476318359375 1494.6026611328125 1492.5736083984375 1490.4044189453125 1488.1148681640625 1485.74267578125 1483.3369140625 1480.9127197265625 1478.4915771484375 1476.1126708984375 1473.8165283203125 1471.634765625 1469.5926513671875 1467.7255859375 1466.0614013671875 1464.66552734375 1463.51513671875 1462.624267578125 -99999 -99999 -99999 -99999 1462.5355224609375 1463.1922607421875 1463.9749755859375 1464.83740234375 1465.7467041015625 1466.6766357421875 1467.600341796875 1468.429931640625 1468.710205078125 1468.6536865234375 1468.4527587890625 1468.1253662109375 1467.64453125
1509.5943603515625 1508.68017578125 1507.743896484375 1506.7734375 1505.7720947265625 1504.735107421875 1503.6544189453125 1502.5054931640625 1501.2210693359375 1499.7735595703125 1498.1441650390625 1496.3211669921875 1494.3118896484375 1492.15673828125 1489.8983154296875 1487.56396484375 1485.1864013671875 1482.79638671875 1480.4073486328125 1478.0526123046875 1475.759033203125 1473.565673828125 1471.5228271484375 1469.6441650390625 1467.9464111328125 1466.451416015625 1465.1998291015625 1464.27587890625 -99999 -99999 -99999 -99999 1464.2626953125 1464.9608154296875 1465.7662353515625 1466.6474609375 1467.5714111328125 1468.4921875 1469.3629150390625 1470.1002197265625 1470.4849853515625 1470.5299072265625 1470.3843994140625 1470.1092529296875 1469.697021484375
1510.8685302734375 1509.950927734375 1509.0155029296875 1508.0577392578125 1507.07568359375 1506.0616455078125 1505.0133056640625 1503.912841796875 1502.7276611328125 1501.383056640625 1499.729248046875 1497.9061279296875 1495.939208984375 1493.8482666015625 1491.63818359375 1489.339111328125 1487.0067138671875 1484.6593017578125 1482.3111572265625 1479.9901123046875 1477.733642578125 1475.5654296875 1473.5064697265625 1471.576416015625 1469.843017578125 1468.3199462890625 1467.0133056640625 -99999 -99999 -99999 -99999 -99999 -99999 1466.7242431640625 1467.569580078125 1468.45556640625 1469.353271484375 1470.232177734375 1471.044921875 1471.67138671875 1472.065185546875 1472.2393798828125 1472.2279052734375 1472.0537109375 1471.6923828125
1512.1419677734375 1511.218505859375 1510.2808837890625 1509.317138671875 1508.3343505859375 1507.3330078125 1506.3116455078125 1505.252685546875 1504.134033203125 1502.802978515625 1501.2216796875 1499.4327392578125 1497.49609375 1495.44970703125 1493.3084716796875 1491.0911865234375 1488.8182373046875 1486.5281982421875 1484.24072265625 1481.9735107421875 1479.7479248046875 1477.5902099609375 1475.5595703125 1473.650146484375 1471.8818359375 1470.2734375 1468.8701171875 -99999 -99999 -99999 -99999 -99999 -99999 1468.600341796875 1469.43408203125 1470.301513671875 1471.1708984375 1471.98486328125 1472.7115478515625 1473.31396484375 1473.7564697265625 1473.9678955078125 1474.01025390625 1473.9075927734375 1473.656005859375
1513.4390869140625 1512.49951171875 1511.5489501953125 1510.579833984375 1509.591552734375 1508.583740234375 1507.5533447265625 1506.4896240234375 1505.36572265625 1504.09814453125 1502.5294189453125 1500.818359375 1498.9854736328125 1497.0438232421875 1494.968017578125 1492.82470703125 1490.6416015625 1488.4354248046875 1486.217529296875 1483.9971923828125 1481.8389892578125 1479.7459716796875 1477.7332763671875 1475.8179931640625 1474.04833984375 1472.4505615234375 1471.0152587890625 -99999 -99999 -99999 -99999 -99999 -99999 -99999 1471.4317626953125 1472.2608642578125 1473.0692138671875 1473.8326416015625 1474.523193359375 1475.07275390625 1475.472412109375 1475.7275390625 1475.8370361328125 1475.7845458984375 1475.5821533203125
1514.771728515625 1513.8150634765625 1512.854736328125 1511.8702392578125 -99999 -99999 1508.7967529296875 1507.7181396484375 1506.5513916015625 1505.2578125 1503.8211669921875 1502.2056884765625 1500.449951171875 1498.5902099609375 1496.638671875 1494.611328125 1492.507080078125 1490.3768310546875 1488.248779296875 1486.1292724609375 1484.0369873046875 1481.9903564453125 1480.030029296875 1478.1796875 1476.4422607421875 1474.841064453125 1473.4140625 -99999 -99999 -99999 -99999 -99999 -99999 -99999 1473.5914306640625 1474.369140625 1475.13330078125 1475.8250732421875 1476.4371337890625 1476.95361328125 1477.3465576171875 1477.597412109375 1477.6859130859375 1477.639892578125 1472.6378173828125
1516.1734619140625 1515.1904296875 1514.20556640625 1513.2088623046875 1512.1905517578125 1511.1529541015625 1510.0823974609375 1508.97314453125 1507.8043212890625 1506.529296875 1505.1263427734375 1503.6019287109375 1501.9691162109375 1500.212890625 1498.344970703125 1496.40869140625 1494.4361572265625 1492.428466796875 1490.3841552734375 1488.3369140625 1486.3302001953125 1484.387939453125 1482.51220703125 1480.7125244140625 1479.0216064453125 1477.4923095703125 1476.1478271484375 -99999 -99999 -99999 -99999 -99999 -99999 -99999 -99999 -99999 1477.350341796875 1477.9791259765625 1478.544189453125 1479.013671875 1479.3470458984375 1479.56201171875 1479.6436767578125 1479.58203125 1474.9613037109375
1517.643798828125 1516.638916015625 1515.6361083984375 1514.6236572265625 1513.588623046875 1512.5311279296875 1511.447509765625 1510.327392578125 1509.150634765625 1507.89697265625 1506.5567626953125 1505.0947265625 1503.531005859375 1501.875732421875 1500.145751953125 1498.3353271484375 1496.4522705078125 1494.532958984375 1492.607421875 1490.693359375 1488.789794921875 1486.9249267578125 1485.1251220703125 1483.43408203125 1481.851806640625 1480.4033203125 1479.1297607421875 -99999 -99999 -99999 -99999 -99999 -99999 -99999 -99999 -99999 1479.8040771484375 1480.35986328125 1480.8359375 1481.231689453125 1481.5233154296875 1481.6990966796875 1481.7373046875 1481.62548828125 1477.6041259765625
1519.2271728515625 1518.1898193359375 1517.1539306640625 1516.1231689453125 1515.0782470703125 1514.0130615234375 1512.9205322265625 1511.794921875 1510.62060546875 1509.3861083984375 1508.0802001953125 1506.69677734375 1505.235595703125 1503.6658935546875 1502.02294921875 1500.317626953125 1498.5765380859375 1496.7962646484375 1494.974365234375 1493.1549072265625 1491.3544921875 1489.6253662109375 1487.95703125 1486.36279296875 1484.86865234375 1483.5025634765625 1482.3460693359375 -99999 -99999 -99999 -99999 -99999 -99999 -99999 -99999 -99999 -99999 1481.7088623046875 1483.3511962890625 1483.6856689453125 1483.908203125 1484.003662109375 1483.9730224609375 1483.8160400390625 1477.72607421875
1520.9171142578125 1519.85205078125 1518.793212890625 1517.7374267578125 1516.677001953125 1515.603759765625 1514.5069580078125 1513.3824462890625 1512.223876953125 1511.0220947265625 1509.7557373046875 1508.423095703125 1507.0245361328125 1505.5599365234375 1504.047607421875 1502.452880859375 1500.81396484375 1499.1424560546875 1497.4512939453125 1495.7840576171875 1494.1160888671875 1492.490966796875 1490.9261474609375 1489.4461669921875 1488.0968017578125 1486.8651123046875 1485.790283203125 -99999 -99999 -99999 -99999 -99999 -99999 -99999 -99999 -99999 -99999 -99999 1486.117431640625 1486.3509521484375 1486.4891357421875 1486.5179443359375 1486.428466796875 1486.18359375 1483.7950439453125
1522.74560546875 1521.6484375 1520.558837890625 1519.478271484375 1518.3990478515625 1517.3155517578125 1516.22216796875 1515.1060791015625 1513.959228515625 1512.778564453125 1511.558349609375 1510.2933349609375 1508.970458984375 1507.59033203125 1506.1629638671875 1504.6922607421875 1503.18701171875 1501.6470947265625 1500.0906982421875 1498.537353515625 1497.0018310546875 1495.5126953125 1494.0882568359375 1492.74609375 1491.501708984375 1490.370849609375 1489.3948974609375 -99999 -99999 -99999 -99999 -99999 -99999 -99999 -99999 -99999 -99999 -99999 -99999 1489.2884521484375 1489.345458984375 1489.257080078125 1489.0447998046875 1488.709716796875 -99999
1524.7205810546875 1523.595458984375 1522.4793701171875 1521.371826171875 1520.272705078125 1519.1751708984375 1518.073486328125 1516.9627685546875 1515.8377685546875 1514.6883544921875 1513.506103515625 1512.2921142578125 1511.0445556640625 1509.762451171875 1508.433837890625 1507.0731201171875 1505.6871337890625 1504.281982421875 1502.86572265625 1498.048095703125 1499.4371337890625 1498.7083740234375 1497.4149169921875 1496.1898193359375 1495.0697021484375 1494.081787109375 1493.221923828125 -99999 -99999 -99999 -99999 -99999 -99999 -99999 -99999 -99999 -99999 -99999 1492.4937744140625 1492.5120849609375 1492.4271240234375 1492.2293701171875 1491.910888671875 -99999 -99999
-99999 1525.6983642578125 1524.560791015625 1523.4300537109375 1522.3087158203125 1521.1953125 1520.087890625 1518.979736328125 1517.865234375 1516.741943359375 1515.6063232421875 1514.4503173828125 1513.263427734375 1512.061767578125 1510.8399658203125 1509.5992431640625 1508.3280029296875 1507.0416259765625 1505.767578125 1504.5040283203125 1502.69580078125 1502.0361328125 1500.8857421875 1499.8187255859375 1498.8360595703125 1497.94970703125 1497.1717529296875 -99999 -99999 -99999 -99999 -99999 -99999 -99999 -99999 -99999 -99999 1496.132080078125 -99999 1494.7431640625 -99999 -99999 -99999 -99999 -99999
-99999 -99999 -99999 -99999 1524.502197265625 1523.37548828125 1522.2581787109375 1521.14990234375 1520.049072265625 1518.9459228515625 1517.841064453125 1516.736083984375 1515.626953125 1514.50927734375 1513.36279296875 1512.22021484375 1511.081298828125 1509.9437255859375 1508.802490234375 1507.6527099609375 1506.561279296875 1505.5162353515625 1504.52197265625 1503.579833984375 1502.705810546875 1501.97314453125 1501.342529296875 -99999 -99999 -99999 -99999 -99999 -99999 -99999 -99999 -99999 -99999 -99999 -99999 -99999 -99999 1498.96337890625 -99999 -99999 -99999
-99999 -99999 -99999 -99999 -99999 -99999 1524.580810546875 1523.470703125 1522.374755859375 1521.2939453125 1520.2266845703125 1519.162109375 1518.0987548828125 1517.0516357421875 1516.0152587890625 1514.9864501953125 1513.9410400390625 1512.9017333984375 1511.911376953125 1510.947998046875 1510.0091552734375 1509.085693359375 1508.218994140625 1507.4571533203125 1506.7705078125 1506.158935546875 1505.629150390625 -99999 -99999 -99999 -99999 -99999 -99999 -99999 -99999 -99999 -99999 -99999 -99999 -99999 -99999 1501.6143798828125 -99999 -99999 1499.6185302734375
-99999 -99999 -99999 -99999 -99999 -99999 -99999 -99999 -99999 1523.77587890625 1522.7254638671875 1521.70556640625 1520.7095947265625 1519.7261962890625 1518.75439453125 1517.7994384765625 1516.890869140625 1516.015380859375 1515.1446533203125 1514.2999267578125 1513.49951171875 1512.77197265625 1511.9586181640625 1511.452880859375 1510.888427734375 1510.4267578125 1510.079833984375 1509.8118896484375 -99999 -99999 -99999 -99999 -99999 -99999 -99999 -99999 -99999 -99999 -99999 -99999 -99999 -99999 -99999 -99999 -99999
-99999 -99999 -99999 -99999 -99999 -99999 -99999 -99999 -99999 -99999 -99999 1524.3675537109375 1523.405517578125 1522.4765625 1521.595947265625 1520.7474365234375 1519.930908203125 1519.153564453125 1518.4302978515625 1517.772705078125 1517.1343994140625 1516.532958984375 1515.9822998046875 1515.518310546875 1515.150146484375 1514.846435546875 1514.6240234375 1514.482421875 -99999 -99999 -99999 -99999 -99999 -99999 -99999 1514.784423828125 1514.599609375 -99999 -99999 -99999 1512.0655517578125 -99999 -99999 -99999 -99999
-99999 -99999 -99999 -99999 -99999 -99999 -99999 -99999 -99999 -99999 -99999 -99999 -99999 1525.335205078125 1524.509521484375 1523.733642578125 1523.0313720703125 1522.3955078125 1521.8013916015625 1521.2552490234375 1520.757080078125 1520.3404541015625 1519.979736328125 1519.674072265625 1519.4417724609375 1519.291015625 1519.27001953125 1519.3140869140625 1519.411865234375 1519.558837890625 -99999 -99999 -99999 1520.23583984375 1520.266845703125 1520.185302734375 1519.913818359375 -99999 -99999 -99999 -99999 -99999 -99999 -99999 -99999
