gis/input_ras/sw_ww/Hydro Model_ 03 - Lower Aquifer_younger.asc
ncols        266
nrows        300
xllcorner    2364495.809716653544
yllcorner    243038.907031175506
cellsize     500.000000000000
NODATA_value -99999
[rows 52 to 77 of 300, columns 118 to 176 of 266]
1315.871826171875 1322.78369140625 1328.713134765625 1333.851318359375 1338.262939453125 1341.9921875 1345.0897216796875 1347.4779052734375 1349.308349609375 1350.577392578125 1351.4638671875 1352.0682373046875 1352.504638671875 1352.985595703125 1353.7923583984375 1355.7373046875 1358.2813720703125 1361.0955810546875 1364.1285400390625 1367.4013671875 1370.94580078125 1375.2030029296875 1379.8924560546875 1384.860595703125 -99999 -99999 -99999 -99999 -99999 -99999 -99999 -99999 -99999 -99999 -99999 -99999 -99999 -99999 -99999 -99999 -99999 -99999 -99999 -99999 -99999 -99999 -99999 -99999 -99999 -99999 -99999 -99999 -99999 -99999 -99999 -99999 -99999 -99999 -99999
1316.7861328125 1323.45556640625 1329.198974609375 1334.20458984375 1338.494873046875 1342.085693359375 1345.01708984375 1347.34619140625 1349.1358642578125 1350.4156494140625 1351.2508544921875 1351.8177490234375 1352.303466796875 1352.8680419921875 1353.8272705078125 1355.399658203125 1357.6788330078125 1360.289794921875 1363.1539306640625 1366.275146484375 1369.762939453125 1373.7921142578125 1378.2366943359375 1382.9598388671875 1387.8682861328125 -99999 -99999 -99999 -99999 -99999 -99999 -99999 -99999 -99999 -99999 -99999 -99999 -99999 -99999 -99999 -99999 -99999 -99999 -99999 -99999 -99999 -99999 -99999 -99999 -99999 -99999 -99999 -99999 -99999 -99999 -99999 -99999 -99999 -99999
1318.1466064453125 1324.6749267578125 1330.1572265625 1334.759033203125 1338.7880859375 1342.2305908203125 1345.1153564453125 1347.4088134765625 1349.084228515625 1350.2833251953125 1351.130615234375 1351.735107421875 1352.2445068359375 1352.8958740234375 1353.89453125 1355.3450927734375 1357.2493896484375 1359.5401611328125 1362.2398681640625 1365.2554931640625 1368.6015625 1372.31201171875 1376.3450927734375 1380.7635498046875 1385.3489990234375 -99999 -99999 -99999 -99999 -99999 -99999 -99999 -99999 -99999 -99999 -99999 -99999 -99999 -99999 -99999 -99999 -99999 -99999 -99999 -99999 -99999 -99999 -99999 -99999 -99999 -99999 -99999 -99999 -99999 -99999 -99999 -99999 -99999 -99999
1320.345703125 1326.052490234375 1331.019775390625 1335.395263671875 1339.1895751953125 1342.522705078125 1345.1990966796875 1347.361083984375 1349.0400390625 1350.27783203125 1351.092041015625 1351.677490234375 1352.2337646484375 1352.8902587890625 1353.7713623046875 1355.0732421875 1356.81103515625 1358.9058837890625 1361.3331298828125 1364.0743408203125 1367.2042236328125 1370.66455078125 1374.4049072265625 1378.385009765625 1382.540283203125 -99999 -99999 -99999 -99999 -99999 -99999 -99999 -99999 -99999 -99999 -99999 -99999 -99999 -99999 -99999 -99999 -99999 -99999 -99999 -99999 -99999 -99999 -99999 -99999 -99999 -99999 -99999 -99999 -99999 -99999 -99999 -99999 -99999 -99999
1322.183837890625 1327.3121337890625 1331.87548828125 1335.921142578125 1339.4835205078125 1342.6185302734375 1345.28271484375 1347.4482421875 1349.0108642578125 1350.1551513671875 1350.9825439453125 1351.590576171875 1352.106201171875 1352.7322998046875 1353.5877685546875 1354.73046875 1356.198974609375 1358.055419921875 1360.2977294921875 1362.8389892578125 1365.6669921875 1368.766845703125 1372.1766357421875 1375.7965087890625 1379.5325927734375 -99999 -99999 -99999 -99999 -99999 -99999 -99999 -99999 -99999 -99999 -99999 -99999 -99999 -99999 -99999 -99999 -99999 -99999 -99999 -99999 -99999 -99999 -99999 -99999 -99999 -99999 -99999 -99999 -99999 -99999 -99999 -99999 -99999 -99999
1323.036865234375 1327.7603759765625 1332.073974609375 1336.0484619140625 1339.6036376953125 1342.6895751953125 1345.226806640625 1347.27294921875 1348.8643798828125 1350.0406494140625 1350.8265380859375 1351.37548828125 1351.8765869140625 1352.430419921875 1353.139404296875 1354.1632080078125 1355.499755859375 1357.1400146484375 1359.079833984375 1361.3397216796875 1363.9427490234375 1366.773193359375 1369.80517578125 1373.001708984375 1376.36865234375 1379.7880859375 -99999 -99999 -99999 -99999 -99999 -99999 -99999 -99999 -99999 -99999 -99999 -99999 -99999 -99999 -99999 -99999 -99999 -99999 -99999 -99999 -99999 -99999 -99999 -99999 -99999 -99999 -99999 -99999 -99999 -99999 -99999 -99999 -99999
1322.071533203125 1327.2822265625 1331.7772216796875 1335.8023681640625 1339.3380126953125 1342.4310302734375 1345.028564453125 1347.0771484375 1348.63134765625 1349.7210693359375 1350.4898681640625 1351.0306396484375 1351.4764404296875 1351.96923828125 1352.6092529296875 1353.455322265625 1354.5494384765625 1356.0177001953125 1357.7725830078125 1359.7864990234375 1362.0416259765625 1364.5357666015625 1367.3094482421875 1370.1959228515625 1373.1424560546875 1376.1197509765625 -99999 -99999 -99999 -99999 -99999 -99999 -99999 -99999 -99999 -99999 -99999 -99999 -99999 -99999 -99999 -99999 -99999 -99999 -99999 -99999 -99999 -99999 -99999 -99999 -99999 -99999 -99999 -99999 -99999 -99999 -99999 -99999 -99999
1320.2220458984375 1325.9566650390625 1330.889892578125 1335.192626953125 1338.8843994140625 1342.01953125 1344.6220703125 1346.653076171875 1348.2086181640625 1349.302734375 1350.041015625 1350.5369873046875 1350.9267578125 1351.325439453125 1351.8577880859375 1352.5933837890625 1353.5626220703125 1354.7781982421875 1356.2425537109375 1358.042724609375 1360.0849609375 1362.30712890625 1364.6802978515625 1367.1865234375 1369.862060546875 1372.5672607421875 1375.1805419921875 -99999 -99999 -99999 -99999 -99999 -99999 -99999 -99999 -99999 -99999 -99999 -99999 -99999 -99999 -99999 -99999 -99999 -99999 -99999 -99999 -99999 -99999 -99999 -99999 -99999 -99999 -99999 -99999 -99999 -99999 -99999 -99999
1318.281005859375 1324.5443115234375 1329.7393798828125 1334.2547607421875 1338.13720703125 1341.4044189453125 1344.0460205078125 1346.0858154296875 1347.6417236328125 1348.7210693359375 1349.4229736328125 1349.8760986328125 1350.2205810546875 1350.565185546875 1350.989501953125 1351.5596923828125 1352.36376953125 1353.4254150390625 1354.7239990234375 1356.235107421875 1357.9443359375 1359.9058837890625 1362.0408935546875 1364.296142578125 1366.5699462890625 1368.8779296875 1371.2408447265625 1373.5543212890625 -99999 -99999 -99999 -99999 -99999 -99999 -99999 -99999 -99999 -99999 -99999 -99999 -99999 -99999 -99999 -99999 -99999 -99999 -99999 -99999 -99999 -99999 -99999 -99999 -99999 -99999 -99999 -99999 -99999 -99999 -99999
1316.4619140625 1322.9541015625 1328.5225830078125 1333.24609375 1337.255859375 1340.5755615234375 1343.3026123046875 1345.396728515625 1346.927978515625 1347.9586181640625 1348.6475830078125 1349.08935546875 1349.372314453125 1349.6302490234375 1349.97607421875 1350.45556640625 1351.1063232421875 1351.9464111328125 1353.0233154296875 1354.34423828125 1355.8555908203125 1357.5333251953125 1359.3167724609375 1361.2562255859375 1363.2923583984375 1365.364013671875 1367.41845703125 1369.3958740234375 1371.3553466796875 -99999 -99999 -99999 -99999 -99999 -99999 -99999 -99999 -99999 -99999 -99999 -99999 -99999 -99999 -99999 -99999 -99999 -99999 -99999 -99999 -99999 -99999 -99999 -99999 -99999 -99999 -99999 -99999 -99999 -99999
1315.11328125 1321.6051025390625 1327.2423095703125 1332.115234375 1336.330078125 1339.73779296875 1342.4012451171875 1344.4801025390625 1346.03369140625 1347.1162109375 1347.7606201171875 1348.135986328125 1348.3934326171875 1348.610595703125 1348.857666015625 1349.2054443359375 1349.7412109375 1350.451416015625 1351.3431396484375 1352.41064453125 1353.65380859375 1355.09521484375 1356.6630859375 1358.333984375 1360.0592041015625 1361.82861328125 1363.62890625 1365.4033203125 1367.1326904296875 1368.7645263671875 1370.3282470703125 -99999 -99999 -99999 -99999 -99999 -99999 -99999 -99999 -99999 -99999 -99999 -99999 -99999 -99999 -99999 -99999 -99999 -99999 -99999 -99999 -99999 -99999 -99999 -99999 -99999 -99999 -99999 -99999
1313.8887939453125 1320.4593505859375 1326.2513427734375 1331.111328125 1335.226806640625 1338.6109619140625 1341.4176025390625 1343.580078125 1345.03955078125 1346.04345703125 1346.7008056640625 1347.099365234375 1347.3226318359375 1347.4781494140625 1347.671875 1347.9466552734375 1348.3369140625 1348.8692626953125 1349.6055908203125 1350.4952392578125 1351.5303955078125 1352.7015380859375 1353.9913330078125 1355.4171142578125 1356.9110107421875 1358.4482421875 1360.0028076171875 1361.5223388671875 1363.0125732421875 1364.4476318359375 1365.8233642578125 1367.1414794921875 1368.3975830078125 -99999 -99999 -99999 -99999 -99999 -99999 -99999 -99999 -99999 -99999 -99999 -99999 -99999 -99999 -99999 -99999 -99999 -99999 -99999 -99999 -99999 -99999 -99999 -99999 -99999 -99999
1313.277587890625 1319.5770263671875 1325.1632080078125 1330.046142578125 1334.2392578125 1337.6737060546875 1340.3001708984375 1342.37353515625 1343.900146484375 1344.961181640625 1345.592529296875 1345.944091796875 1346.154052734375 1346.2904052734375 1346.4154052734375 1346.6143798828125 1346.9228515625 1347.3466796875 1347.892822265625 1348.5653076171875 1349.4134521484375 1350.3751220703125 1351.44580078125 1352.6143798828125 1353.8721923828125 1355.1966552734375 1356.5247802734375 1357.841552734375 1359.12939453125 1360.3824462890625 1361.55517578125 1362.6763916015625 1363.758544921875 1364.8238525390625 1365.9405517578125 -99999 -99999 -99999 -99999 -99999 -99999 -99999 -99999 -99999 -99999 -99999 -99999 -99999 -99999 -99999 -99999 -99999 -99999 -99999 -99999 -99999 -99999 -99999 -99999
1312.7181396484375 1318.9085693359375 1324.4278564453125 1329.166259765625 1333.1192626953125 1336.4937744140625 1339.177734375 1341.255126953125 1342.7064208984375 1343.69873046875 1344.3560791015625 1344.7508544921875 1344.9508056640625 1345.0531005859375 1345.1483154296875 1345.2869873046875 1345.494140625 1345.8116455078125 1346.23583984375 1346.75634765625 1347.3787841796875 1348.1083984375 1348.9996337890625 1349.97412109375 1351.0252685546875 1352.12890625 1353.26025390625 1354.4227294921875 1355.51953125 1356.578369140625 1357.5960693359375 1358.5758056640625 1359.522705078125 1360.426513671875 1361.3359375 1362.5997314453125 1364.8060302734375 -99999 -99999 -99999 -99999 -99999 -99999 -99999 -99999 -99999 -99999 -99999 -99999 -99999 -99999 -99999 -99999 -99999 -99999 -99999 -99999 -99999 -99999
1312.572021484375 1318.4375 1323.6170654296875 1328.192138671875 1332.140625 1335.3892822265625 1337.9488525390625 1339.91796875 1341.4066162109375 1342.45361328125 1343.1104736328125 1343.4898681640625 1343.699951171875 1343.8028564453125 1343.8597412109375 1343.9625244140625 1344.134033203125 1344.352294921875 1344.627197265625 1344.995849609375 1345.4739990234375 1346.0255126953125 1346.6868896484375 1347.4622802734375 1348.3619384765625 1349.3232421875 1350.2799072265625 1351.2335205078125 1352.1722412109375 1353.1080322265625 1353.9991455078125 1354.8487548828125 1355.6944580078125 1356.56787109375 1357.5279541015625 1358.9013671875 1360.7674560546875 1362.9205322265625 1365.2255859375 1367.6544189453125 -99999 -99999 -99999 -99999 -99999 -99999 -99999 -99999 -99999 -99999 -99999 -99999 -99999 -99999 -99999 -99999 -99999 -99999 -99999
1312.4317626953125 1317.970703125 1322.9573974609375 1327.35693359375 1331.0501708984375 1334.144287109375 1336.6617431640625 1338.616943359375 1340.089111328125 1341.10205078125 1341.7982177734375 1342.23583984375 1342.4588623046875 1342.5677490234375 1342.62255859375 1342.697998046875 1342.8154296875 1342.969970703125 1343.1636962890625 1343.386962890625 1343.657470703125 1344.0244140625 1344.550048828125 1345.199951171875 1345.94189453125 1346.7252197265625 1347.54638671875 1348.38037109375 1349.1812744140625 1349.94970703125 1350.708251953125 1351.4822998046875 1352.274169921875 1353.126953125 1354.1517333984375 1355.4132080078125 1357.08056640625 1359.033935546875 1361.11767578125 1363.285400390625 1365.5013427734375 1367.7745361328125 -99999 -99999 -99999 -99999 -99999 -99999 -99999 -99999 -99999 -99999 -99999 -99999 -99999 -99999 -99999 -99999 -99999
1312.46142578125 1317.691162109375 1322.3045654296875 1326.4031982421875 1329.9468994140625 1332.93017578125 1335.3834228515625 1337.2518310546875 1338.7196044921875 1339.757568359375 1340.478759765625 1340.948486328125 1341.22607421875 1341.38232421875 1341.45166015625 1341.523681640625 1341.605712890625 1341.6871337890625 1341.77734375 1341.9044189453125 1342.0638427734375 1342.2587890625 1342.5594482421875 1343.122802734375 1343.7786865234375 1344.466552734375 1345.141357421875 1345.799560546875 1346.4627685546875 1347.1339111328125 1347.801025390625 1348.465576171875 1349.17724609375 1349.99755859375 1350.9876708984375 1352.2052001953125 1353.6826171875 1355.3662109375 1357.2586669921875 1359.2508544921875 1361.2779541015625 1363.2222900390625 1365.0596923828125 -99999 -99999 -99999 -99999 -99999 -99999 -99999 -99999 -99999 -99999 -99999 -99999 -99999 -99999 -99999 -99999
1312.497314453125 1317.279541015625 1321.638916015625 1325.5279541015625 1328.9080810546875 1331.7113037109375 1334.0274658203125 1335.876708984375 1337.3291015625 1338.4072265625 1339.17333984375 1339.6783447265625 1340.0018310546875 1340.20263671875 1340.325439453125 1340.404541015625 1340.46142578125 1340.5135498046875 1340.564208984375 1340.607421875 1340.6435546875 1340.7154541015625 1340.9390869140625 1341.39599609375 1341.923583984375 1342.4549560546875 1343.0125732421875 1343.5662841796875 1344.1138916015625 1344.6346435546875 1345.1761474609375 1345.7669677734375 1346.4136962890625 1347.15185546875 1348.03955078125 1349.1483154296875 1350.507568359375 1352.0626220703125 1353.7637939453125 1355.512451171875 1357.2890625 1359.02490234375 1360.6419677734375 1362.0303955078125 -99999 -99999 -99999 -99999 -99999 -99999 -99999 -99999 -99999 -99999 -99999 -99999 -99999 -99999 -99999
1312.5789794921875 1317.0377197265625 1321.0906982421875 1324.6529541015625 1327.7783203125 1330.467529296875 1332.7298583984375 1334.5517578125 1335.947265625 1337.0306396484375 1337.8319091796875 1338.4136962890625 1338.81298828125 1339.0645751953125 1339.2235107421875 1339.329833984375 1339.400634765625 1339.4429931640625 1339.4652099609375 1339.480224609375 1339.497314453125 1339.5306396484375 1339.670654296875 1339.9874267578125 1340.3790283203125 1340.7916259765625 1341.2100830078125 1341.60498046875 1342.0301513671875 1342.46142578125 1342.908935546875 1343.3839111328125 1343.9105224609375 1344.5634765625 1345.363525390625 1346.3499755859375 1347.5601806640625 1348.9927978515625 1350.5675048828125 1352.1865234375 1353.796875 1355.3099365234375 1356.6580810546875 1357.7906494140625 1358.6309814453125 -99999 -99999 -99999 -99999 -99999 -99999 -99999 -99999 -99999 -99999 -99999 -99999 -99999 -99999
1312.75 1316.7718505859375 1320.4674072265625 1323.8114013671875 1326.785400390625 1329.318603515625 1331.413818359375 1333.158447265625 1334.57373046875 1335.7105712890625 1336.5531005859375 1337.153564453125 1337.606689453125 1337.933349609375 1338.1622314453125 1338.310791015625 1338.40380859375 1338.463623046875 1338.4984130859375 1338.515380859375 1338.5302734375 1338.575927734375 1338.6834716796875 1338.865478515625 1339.1024169921875 1339.3721923828125 1339.6614990234375 1339.9595947265625 1340.2662353515625 1340.577392578125 1340.922119140625 1341.3072509765625 1341.7470703125 1342.262451171875 1342.8792724609375 1343.765625 1344.9227294921875 1346.2806396484375 1347.758056640625 1349.2591552734375 1350.7215576171875 1352.0848388671875 1353.303466796875 1354.3289794921875 1355.027099609375 1355.3511962890625 -99999 -99999 -99999 -99999 -99999 -99999 -99999 -99999 -99999 -99999 -99999 -99999 -99999
1312.9365234375 1316.599609375 1320.0098876953125 1323.0548095703125 1325.744384765625 1328.1109619140625 1330.1571044921875 1331.8900146484375 1333.2449951171875 1334.3455810546875 1335.2281494140625 1335.93359375 1336.4576416015625 1336.83056640625 1337.1162109375 1337.3265380859375 1337.4779052734375 1337.577880859375 1337.6397705078125 1337.6817626953125 1337.7154541015625 1337.7535400390625 1337.81884765625 1337.9251708984375 1338.0582275390625 1338.2117919921875 1338.38037109375 1338.5679931640625 1338.77001953125 1338.9937744140625 1339.2452392578125 1339.5313720703125 1339.8780517578125 1340.2901611328125 1340.783203125 1341.4769287109375 1342.5489501953125 1343.94287109375 1345.3673095703125 1346.786376953125 1348.165771484375 1349.4696044921875 1350.5975341796875 1351.529541015625 1352.2303466796875 1352.67138671875 1352.80419921875 -99999 -99999 -99999 -99999 -99999 -99999 -99999 -99999 -99999 -99999 -99999 -99999
1313.269287109375 1316.5146484375 1319.5228271484375 1322.2940673828125 1324.8109130859375 1327.0479736328125 1328.9219970703125 1330.539306640625 1331.9156494140625 1333.0673828125 1333.9757080078125 1334.6981201171875 1335.282958984375 1335.7620849609375 1336.1243896484375 1336.3931884765625 1336.599365234375 1336.7607421875 1336.8797607421875 1336.9625244140625 1337.015380859375 1337.0609130859375 1337.1016845703125 1337.14404296875 1337.1990966796875 1337.267333984375 1337.33935546875 1337.423828125 1337.528564453125 1337.671142578125 1337.848876953125 1338.0728759765625 1338.3515625 1338.6949462890625 1339.11962890625 1339.7626953125 1340.8060302734375 1342.0789794921875 1343.4298095703125 1344.80126953125 1346.122314453125 1347.3719482421875 1348.5211181640625 1349.540771484375 1350.3184814453125 1350.886962890625 1351.2852783203125 1351.572509765625 1351.81396484375 -99999 -99999 -99999 -99999 -99999 -99999 -99999 -99999 -99999 -99999
1313.5546875 1316.4041748046875 1319.1259765625 1321.6552734375 1323.88232421875 1325.8994140625 1327.7037353515625 1329.27978515625 1330.616943359375 1331.739013671875 1332.6978759765625 1333.5081787109375 1334.1573486328125 1334.686767578125 1335.1278076171875 1335.4908447265625 1335.7869873046875 1336.0050048828125 1336.1785888671875 1336.3123779296875 1336.407470703125 1336.4669189453125 1336.4970703125 1336.505859375 1336.4915771484375 1336.473876953125 1336.4603271484375 1336.4715576171875 1336.4993896484375 1336.56640625 1336.6734619140625 1336.8472900390625 1337.0928955078125 1337.4354248046875 1337.9027099609375 1338.5506591796875 1339.4727783203125 1340.64111328125 1341.9022216796875 1343.2088623046875 1344.5235595703125 1345.7952880859375 1346.9808349609375 1348.067138671875 1349.0335693359375 1349.8677978515625 1350.494384765625 1351.0369873046875 1351.5672607421875 -99999 -99999 -99999 -99999 -99999 -99999 -99999 -99999 -99999 -99999
1313.9517822265625 1316.445068359375 1318.7442626953125 1320.920166015625 1322.9630126953125 1324.8424072265625 1326.511962890625 1327.982666015625 1329.299072265625 1330.4501953125 1331.4359130859375 1332.2818603515625 1333.013916015625 1333.646728515625 1334.16796875 1334.5999755859375 1334.9716796875 1335.2872314453125 1335.54736328125 1335.7349853515625 1335.8717041015625 1335.96435546875 1335.9993896484375 1335.9755859375 1335.9207763671875 1335.844970703125 1335.7550048828125 1335.6781005859375 1335.630859375 1335.6507568359375 1335.7127685546875 1335.8448486328125 1336.0653076171875 1336.4013671875 1336.8807373046875 1337.553466796875 1338.4349365234375 1339.4892578125 1340.6934814453125 1341.9825439453125 1343.2999267578125 1344.6224365234375 1345.9224853515625 1347.1497802734375 1348.2620849609375 1349.2906494140625 1350.2467041015625 1351.1239013671875 1351.888916015625 -99999 -99999 -99999 -99999 -99999 -99999 -99999 -99999 -99999 -99999
1314.3074951171875 1316.33203125 1318.3675537109375 1320.303466796875 1322.0904541015625 1323.7408447265625 1325.2864990234375 1326.7054443359375 1327.9881591796875 1329.1309814453125 1330.1611328125 1331.0765380859375 1331.8682861328125 1332.5654296875 1333.185546875 1333.7340087890625 1334.197265625 1334.583251953125 1334.911865234375 1335.1920166015625 1335.4073486328125 1335.531982421875 1335.5755615234375 1335.548095703125 1335.439208984375 1335.2901611328125 1335.14404296875 1335.014892578125 1334.9129638671875 1334.85791015625 1334.8712158203125 1334.988037109375 1335.2017822265625 1335.54541015625 1336.0389404296875 1336.7030029296875 1337.564697265625 1338.589599609375 1339.7635498046875 1341.051025390625 1342.4176025390625 1343.80810546875 1345.1927490234375 1346.580078125 1347.946533203125 1349.23193359375 1350.4010009765625 1351.497314453125 1352.5845947265625 1353.637451171875 -99999 -99999 -99999 -99999 -99999 -99999 -99999 -99999 -99999
1314.710205078125 1316.39404296875 1318.00927734375 1319.5806884765625 1321.1591796875 1322.6666259765625 1324.092529296875 1325.4110107421875 1326.65380859375 1327.8021240234375 1328.857421875 1329.8226318359375 1330.70556640625 1331.504150390625 1332.20068359375 1332.825439453125 1333.3841552734375 1333.890625 1334.321533203125 1334.6693115234375 1334.9478759765625 1335.1485595703125 1335.234375 1335.17431640625 1335.0272216796875 1334.833740234375 1334.619384765625 1334.4151611328125 1334.263427734375 1334.1759033203125 1334.161376953125 1334.245361328125 1334.452880859375 1334.8109130859375 1335.3182373046875 1335.9849853515625 1336.843505859375 1337.862060546875 1339.05224609375 1340.3602294921875 1341.7606201171875 1343.25830078125 1344.810302734375 1346.3521728515625 1347.880615234375 1349.3779296875 1350.8807373046875 1352.2969970703125 1353.6053466796875 1354.8719482421875 -99999 -99999 -99999 -99999 -99999 -99999 -99999 -99999 -99999
