gis/input_ras/sw_ww/Hydro Model_ 08 - Top Clay_younger.asc
ncols        266
nrows        300
xllcorner    2364495.809716653544
yllcorner    243038.907031175506
cellsize     500.000000000000
NODATA_value -99999
[rows 105 to 125 of 300, columns 0 to 47 of 266]
1571.3050537109375 1580.759521484375 1607.9130859375 1616.0601806640625 1615.8836669921875 1616.98046875 1592.8719482421875 1596.27978515625 1597.1842041015625 1598.509521484375 1587.03125 1562.8575439453125 1558.8272705078125 1563.9830322265625 1582.3604736328125 1551.8905029296875 1534.3577880859375 1530.955322265625 1534.53662109375 1527.7750244140625 1540.5433349609375 1550.8482666015625 1539.9732666015625 1516.5224609375 1531.2706298828125 1551.7607421875 1524.497314453125 1499.2567138671875 1492.1173095703125 1481.4942626953125 1474.379638671875 1475.7564697265625 1492.6431884765625 1496.8231201171875 1504.889404296875 1508.04931640625 1502.4456787109375 1505.6617431640625 1506.9443359375 1507.6263427734375 1499.673828125 1498.9359130859375 1509.814697265625 1520.0867919921875 1524.0391845703125 1484.479736328125 1494.5400390625 1474.2010498046875
1561.784423828125 1579.317626953125 1597.9522705078125 1617.1785888671875 1602.7578125 1608.353271484375 1598.561279296875 1598.8382568359375 1572.472900390625 1564.6910400390625 1540.263916015625 1532.3916015625 1542.1226806640625 1570.7684326171875 1604.5523681640625 1567.472412109375 1543.3839111328125 1532.3802490234375 1541.5960693359375 1526.3692626953125 1526.6654052734375 1538.3795166015625 1542.6304931640625 1535.765869140625 1531.676513671875 1533.9205322265625 1513.3759765625 1509.360595703125 1497.8121337890625 1487.7763671875 1475.059326171875 1475.9930419921875 1488.850341796875 1500.7373046875 1501.2008056640625 1507.672119140625 1513.0291748046875 1510.4849853515625 1514.6676025390625 1502.491943359375 1498.928955078125 1506.970947265625 1528.9298095703125 1498.2041015625 1499.744873046875 1475.3349609375 1475.58056640625 1495.2940673828125
1555.3477783203125 1573.857421875 1590.8389892578125 1616.3773193359375 1615.0718994140625 1613.0302734375 1612.114013671875 1628.140625 1583.9683837890625 1560.7666015625 1535.394287109375 1531.1744384765625 1531.1351318359375 1546.6754150390625 1573.0556640625 1561.358642578125 1542.5841064453125 1538.343994140625 1550.7803955078125 1525.803955078125 1523.4395751953125 1532.3704833984375 1533.7132568359375 1531.40625 1529.68994140625 1515.6251220703125 1501.3040771484375 1499.7330322265625 1490.54443359375 1493.2578125 1475.145263671875 1475.7769775390625 1491.3687744140625 1498.2392578125 1496.4996337890625 1495.0888671875 1502.580810546875 1506.2100830078125 1502.2779541015625 1506.4764404296875 1511.18505859375 1512.513427734375 1525.099853515625 1481.087890625 -99999 -99999 -99999 1490.2103271484375
1555.3477783203125 1560.445068359375 1581.57275390625 1611.681884765625 1613.3211669921875 1617.8466796875 1635.6328125 1626.28076171875 1626.241943359375 1567.5833740234375 1531.1351318359375 1531.1351318359375 1531.1351318359375 1551.8358154296875 1611.630859375 1579.31640625 1562.4744873046875 1541.8521728515625 1531.35205078125 1524.0322265625 1524.7244873046875 1527.291748046875 1505.2724609375 1497.9901123046875 1519.56787109375 1520.669189453125 1489.69140625 1480.4658203125 1481.1473388671875 1479.2177734375 1476.4976806640625 -99999 1478.003173828125 1483.912109375 1478.798095703125 -99999 1486.1690673828125 1490.5697021484375 1487.566650390625 1520.462158203125 1532.6827392578125 1520.0245361328125 1513.5960693359375 1496.5133056640625 -99999 -99999 -99999 1491.0889892578125
1555.3477783203125 1555.3477783203125 1575.6650390625 1614.5433349609375 1600.0904541015625 1603.7020263671875 1617.3516845703125 1624.6033935546875 1596.0604248046875 1564.346435546875 1535.3621826171875 1534.1524658203125 1559.6103515625 1573.141357421875 1601.5615234375 1604.1717529296875 1576.176513671875 1553.0771484375 1535.595947265625 1523.6231689453125 1516.1220703125 1512.831787109375 1500.226318359375 1512.3052978515625 1503.264892578125 1502.1417236328125 1486.9366455078125 1488.7869873046875 1496.5634765625 1486.1212158203125 1481.41162109375 -99999 -99999 1486.35400390625 1484.4130859375 -99999 1481.8619384765625 1494.490478515625 1503.1424560546875 1501.326416015625 1511.787353515625 1517.0035400390625 1505.650634765625 1512.478271484375 -99999 -99999 -99999 -99999
1557.5238037109375 1563.06103515625 1577.9749755859375 1604.2613525390625 1599.4501953125 1587.70703125 1592.5828857421875 1584.5128173828125 1580.5592041015625 1556.954345703125 1542.0267333984375 1545.792236328125 1555.924072265625 1568.0736083984375 1591.7315673828125 1596.589599609375 1584.76171875 1555.537841796875 1538.637939453125 1522.2962646484375 1509.93505859375 1504.8624267578125 1518.367431640625 1511.2913818359375 1499.5587158203125 1510.647705078125 1495.2769775390625 1490.373779296875 1490.192626953125 1484.9517822265625 -99999 -99999 -99999 1486.677978515625 1498.3182373046875 1486.1121826171875 -99999 -99999 1504.57958984375 1507.277099609375 1508.72998046875 1511.33447265625 1505.86962890625 1508.30078125 -99999 -99999 -99999 -99999
1594.22021484375 1574.4407958984375 1564.28857421875 1579.4425048828125 1581.7232666015625 1571.4530029296875 1567.119873046875 1577.6768798828125 1584.5595703125 1576.0621337890625 1579.396728515625 1576.976806640625 1554.564208984375 1551.4356689453125 1588.2587890625 1581.2325439453125 1567.8460693359375 1554.435302734375 1535.1348876953125 1519.5755615234375 1506.1885986328125 1497.9658203125 1498.2960205078125 1499.586181640625 1500.8636474609375 1510.0726318359375 1508.72021484375 1500.2764892578125 1496.2635498046875 1499.233154296875 1491.1483154296875 -99999 -99999 -99999 1488.8438720703125 1502.2415771484375 -99999 -99999 1489.719970703125 1506.1859130859375 1509.1749267578125 1508.681640625 1507.3145751953125 1501.0794677734375 -99999 -99999 -99999 -99999
1602.7008056640625 1574.927490234375 1562.22705078125 1596.5908203125 1589.4368896484375 1581.99951171875 1580.9510498046875 1585.1019287109375 1603.76171875 1599.610107421875 1606.053955078125 1597.596435546875 1566.6241455078125 1545.236083984375 1573.675537109375 1593.3336181640625 1583.2642822265625 1573.9500732421875 1525.6688232421875 1501.00732421875 1499.82080078125 1502.00244140625 1507.3741455078125 1515.6019287109375 1514.751953125 1514.3682861328125 1512.690185546875 1515.3760986328125 1505.62255859375 1496.3765869140625 -99999 1491.6673583984375 -99999 -99999 -99999 1489.9266357421875 -99999 -99999 -99999 1502.3160400390625 1506.5006103515625 1504.116455078125 1495.7459716796875 1492.7235107421875 -99999 -99999 -99999 -99999
1606.366455078125 1582.7811279296875 1561.791748046875 1596.6845703125 1604.20849609375 1594.885009765625 1615.0469970703125 1619.47802734375 1624.9296875 1629.4697265625 1624.59765625 1614.95703125 1590.3927001953125 1580.6466064453125 1542.1485595703125 1598.2777099609375 1589.2225341796875 1546.833984375 1511.3177490234375 -99999 -99999 1511.5115966796875 1544.0640869140625 1533.67138671875 1524.6470947265625 1518.7459716796875 1517.919677734375 1506.4833984375 1503.5572509765625 1504.2799072265625 1511.4334716796875 1505.2889404296875 -99999 -99999 -99999 -99999 -99999 -99999 1503.66650390625 1501.7677001953125 1499.2532958984375 1498.37109375 1495.4056396484375 -99999 -99999 -99999 -99999 -99999
1606.40087890625 1587.09521484375 1566.602783203125 1599.9383544921875 1607.3648681640625 1597.50830078125 1589.5255126953125 1607.58056640625 1611.501708984375 1613.4852294921875 1642.102783203125 1628.6641845703125 1610.4510498046875 1585.700439453125 1540.587890625 1555.960693359375 1560.0159912109375 1513.567626953125 1505.985107421875 1506.924560546875 -99999 1507.4959716796875 1540.134765625 1551.2679443359375 1534.302734375 1520.7357177734375 1515.3785400390625 1514.9151611328125 1513.814208984375 1510.191650390625 1509.4075927734375 -99999 -99999 -99999 -99999 -99999 -99999 1498.0966796875 -99999 -99999 -99999 -99999 -99999 -99999 -99999 -99999 -99999 1493.6014404296875
1605.27978515625 1594.7763671875 1572.445556640625 1571.2314453125 1584.5460205078125 1603.666259765625 1609.4371337890625 1602.5096435546875 1635.0511474609375 1646.0015869140625 1648.7286376953125 1659.6575927734375 1573.6207275390625 1571.6793212890625 1541.12646484375 1520.0618896484375 1515.5216064453125 1524.0531005859375 1550.5113525390625 1540.4566650390625 1514.15576171875 1509.0919189453125 1512.292236328125 1528.5521240234375 1541.3291015625 1552.8504638671875 1515.841796875 1517.4903564453125 1516.1861572265625 1511.08251953125 1506.3917236328125 -99999 -99999 1505.6767578125 -99999 1504.589599609375 -99999 -99999 -99999 -99999 -99999 1502.0240478515625 -99999 -99999 -99999 1505.908935546875 1506.8013916015625 1499.4730224609375
1603.2716064453125 1596.3199462890625 1574.623291015625 1574.0982666015625 1584.3336181640625 1595.8172607421875 1615.3660888671875 1616.2142333984375 1632.828369140625 1638.38623046875 1638.301513671875 1643.2686767578125 1568.2252197265625 1559.3665771484375 1550.9951171875 1550.62353515625 1542.6314697265625 1529.4144287109375 1545.997314453125 1548.276123046875 1520.05029296875 1510.647705078125 1510.1270751953125 1513.804931640625 1522.7864990234375 1562.29248046875 1525.4910888671875 1520.66357421875 1520.6031494140625 1528.8375244140625 1509.962890625 -99999 -99999 1511.8533935546875 1507.83447265625 1506.8768310546875 -99999 -99999 -99999 -99999 -99999 -99999 -99999 -99999 1500.7203369140625 1505.3497314453125 1506.8721923828125 1500.9630126953125
1603.0078125 1603.7236328125 1593.5179443359375 1597.72998046875 1584.6697998046875 1617.388671875 1624.6614990234375 1625.9163818359375 1616.9349365234375 1624.2919921875 1625.032470703125 1619.5587158203125 1619.4954833984375 1613.1419677734375 1590.40625 1586.201416015625 1576.9727783203125 1540.3450927734375 1528.3927001953125 1523.1298828125 1541.9830322265625 1531.38916015625 -99999 1513.6551513671875 1523.203369140625 1533.6373291015625 1535.952880859375 1551.8271484375 1556.44482421875 1528.34814453125 1521.25341796875 1521.7733154296875 1518.531005859375 1515.2706298828125 1521.265869140625 1534.1343994140625 -99999 -99999 -99999 -99999 -99999 -99999 -99999 -99999 -99999 1502.7149658203125 1506.556640625 1501.9111328125
1601.4261474609375 1600.2708740234375 1601.851806640625 1591.5220947265625 1589.5404052734375 1600.3289794921875 1610.3096923828125 1635.1795654296875 1635.899658203125 1631.0709228515625 1625.5281982421875 1612.590576171875 1628.5218505859375 1622.13916015625 1617.808837890625 1599.472412109375 1588.4176025390625 1547.7315673828125 1523.1298828125 1523.1298828125 1523.1298828125 1525.2294921875 1522.7236328125 1517.0858154296875 1536.8773193359375 1525.5706787109375 1531.8465576171875 1539.8604736328125 1535.6094970703125 1529.2266845703125 1546.096923828125 1547.7103271484375 1534.881591796875 1530.05224609375 1542.122314453125 1542.4671630859375 1520.3863525390625 -99999 -99999 -99999 1515.0234375 -99999 -99999 -99999 -99999 -99999 -99999 1501.8216552734375
1600.6749267578125 1600.7642822265625 1600.7078857421875 1590.472900390625 1594.40380859375 1619.5091552734375 1602.5938720703125 1624.0013427734375 1656.9072265625 1646.5479736328125 1636.250732421875 1638.2869873046875 1617.9415283203125 1609.328125 1608.255859375 1616.9154052734375 1611.6724853515625 1576.959716796875 1549.8013916015625 1523.1298828125 1523.1298828125 1523.1298828125 1525.681640625 1527.9136962890625 1554.115966796875 1540.3228759765625 1547.752197265625 1558.658935546875 1535.8211669921875 1539.2918701171875 1576.0567626953125 1556.2803955078125 1547.7984619140625 1534.937255859375 1548.6572265625 1541.9161376953125 1525.84228515625 -99999 -99999 -99999 -99999 -99999 -99999 -99999 -99999 -99999 -99999 -99999
1599.3472900390625 1598.2679443359375 1598.0665283203125 1605.261474609375 1614.6602783203125 1611.849609375 1618.389404296875 1614.7076416015625 1651.8377685546875 1660.3367919921875 1636.216064453125 1642.123291015625 1623.356689453125 1610.0496826171875 1604.3558349609375 1623.279052734375 1619.7972412109375 1603.7890625 1578.104736328125 1532.6387939453125 -99999 -99999 -99999 1528.9998779296875 1543.48681640625 1541.5087890625 1563.1455078125 1557.03369140625 1554.536376953125 1558.7353515625 1539.927978515625 1559.7391357421875 1558.6982421875 1560.4521484375 1578.37255859375 1562.1361083984375 1526.8211669921875 -99999 -99999 -99999 -99999 -99999 -99999 -99999 -99999 -99999 -99999 -99999
1597.2657470703125 1597.236083984375 1592.3756103515625 1600.2398681640625 1616.772216796875 1619.9288330078125 1623.05419921875 1629.5782470703125 1625.335693359375 1641.9234619140625 1650.3238525390625 1646.7967529296875 1647.4229736328125 1629.399169921875 1602.6033935546875 1620.7164306640625 1620.2281494140625 1593.24755859375 1571.490478515625 1546.283935546875 1530.156005859375 -99999 -99999 -99999 1548.2889404296875 -99999 1562.7183837890625 1578.4027099609375 1570.7835693359375 1548.401123046875 -99999 1537.7137451171875 1562.408935546875 1566.622314453125 1570.4239501953125 1560.9139404296875 1534.506591796875 -99999 -99999 -99999 -99999 -99999 -99999 -99999 -99999 -99999 -99999 -99999
1598.2601318359375 1591.4542236328125 1587.0814208984375 1593.2960205078125 1619.9090576171875 1642.156494140625 1634.6180419921875 1634.3330078125 1624.794921875 1628.5927734375 1661.6810302734375 1665.3555908203125 1657.297607421875 1650.03564453125 1606.078125 1598.1278076171875 1590.134521484375 1579.465576171875 1563.5155029296875 1561.3646240234375 1542.810791015625 1532.5440673828125 -99999 -99999 -99999 -99999 1564.927734375 1573.809814453125 1594.7978515625 1558.85693359375 1542.39697265625 -99999 -99999 -99999 -99999 1553.42431640625 1539.9176025390625 -99999 -99999 -99999 -99999 -99999 -99999 -99999 -99999 -99999 -99999 -99999
1595.5960693359375 1592.3544921875 1592.3216552734375 1595.5635986328125 1601.3636474609375 1618.555419921875 1633.8505859375 1635.6650390625 1616.6221923828125 1625.8861083984375 1627.435791015625 1633.348876953125 1628.772705078125 1649.195556640625 1624.6492919921875 1598.6380615234375 1582.0728759765625 1565.7420654296875 1585.701904296875 1563.5482177734375 1555.3662109375 1558.2996826171875 1536.2431640625 -99999 -99999 -99999 -99999 1565.14453125 1576.021728515625 1583.181640625 1577.0445556640625 -99999 -99999 -99999 1553.4451904296875 1561.61767578125 1548.6026611328125 -99999 -99999 -99999 -99999 -99999 -99999 -99999 -99999 -99999 -99999 -99999
1594.8077392578125 1588.770751953125 1587.292724609375 1592.5418701171875 1589.7276611328125 1600.44677734375 1612.038330078125 1621.090576171875 1618.47900390625 1600.521484375 1604.8603515625 1622.2537841796875 1622.3338623046875 1635.535400390625 1644.2999267578125 1597.97705078125 1597.8447265625 1574.708984375 1579.1856689453125 1585.1463623046875 1551.7628173828125 1546.976318359375 1549.30078125 -99999 -99999 1554.6044921875 -99999 -99999 1547.7164306640625 1562.50439453125 1592.0157470703125 1573.7977294921875 1578.3841552734375 1576.0001220703125 1575.867919921875 1554.3782958984375 -99999 -99999 -99999 -99999 -99999 -99999 -99999 1532.8623046875 1529.4515380859375 -99999 -99999 1533.9298095703125
1594.47900390625 1570.281005859375 1567.04638671875 1583.580078125 1576.1900634765625 1575.8046875 1605.3011474609375 1608.341552734375 1615.858642578125 1604.811279296875 1590.9849853515625 1594.7586669921875 1623.5762939453125 1621.5362548828125 1613.505615234375 1590.215087890625 1577.933837890625 1568.17724609375 1572.939453125 1588.0902099609375 1561.3714599609375 1549.1627197265625 -99999 1551.63330078125 1557.119873046875 -99999 -99999 1559.4007568359375 1598.5123291015625 1570.42138671875 1584.531494140625 1617.6304931640625 1604.93603515625 1567.1192626953125 1559.42431640625 -99999 -99999 -99999 -99999 -99999 -99999 -99999 -99999 1538.915771484375 1542.9365234375 1536.227294921875 1525.181396484375 1521.6231689453125
