gis/input_ras/sw_ww/Hydro Model_ 05 - Middle Aquifer_younger.asc
ncols        266
nrows        300
xllcorner    2364495.809716653544
yllcorner    243038.907031175506
cellsize     500.000000000000
NODATA_value -99999
[rows 22 to 43 of 300, columns 150 to 199 of 266]
1480.6221923828125 1481.9990234375 1483.3309326171875 1484.6202392578125 1485.8709716796875 1487.0697021484375 1488.21630859375 1489.312744140625 1490.3563232421875 1491.3436279296875 1492.2576904296875 1493.10791015625 1493.8946533203125 1494.615966796875 1495.265625 1495.8291015625 1496.326416015625 1496.7601318359375 1497.1317138671875 1497.4365234375 1497.6356201171875 1497.7105712890625 1497.6700439453125 1497.53125 1497.3145751953125 1497.0302734375 1496.6846923828125 1496.2764892578125 1495.8043212890625 1495.2576904296875 1494.6417236328125 1493.9722900390625 1493.255615234375 1492.498779296875 1491.7099609375 1490.9013671875 1490.089599609375 1489.2862548828125 1488.5059814453125 1478.5880126953125 1475.85302734375 1475.85302734375 1477.6527099609375 1485.4429931640625 1485.0374755859375 1476.2913818359375 1478.926025390625 1484.3695068359375 1484.38720703125 1484.5947265625
1480.51904296875 1481.933349609375 1483.29638671875 1484.609375 1485.8795166015625 1487.1041259765625 1488.2802734375 1489.3946533203125 1490.4412841796875 1491.429443359375 1492.357177734375 1493.2222900390625 1494.00830078125 1494.71630859375 1495.35595703125 1495.9281005859375 1496.4346923828125 1496.8653564453125 1497.238525390625 1497.56201171875 1497.8115234375 1497.933837890625 1497.8167724609375 1497.637451171875 1497.409912109375 1497.1357421875 1496.80908203125 1496.407958984375 1495.94775390625 1495.4298095703125 1494.85595703125 1494.224853515625 1493.5390625 1492.819580078125 1492.074462890625 1491.3116455078125 1490.5389404296875 1489.779052734375 1489.0443115234375 1488.346435546875 1477.6480712890625 1478.4833984375 1482.8525390625 1486.158447265625 1485.779052734375 1475.4417724609375 1477.348876953125 1485.220947265625 1485.28369140625 1485.491455078125
1480.4322509765625 1481.8612060546875 1483.2476806640625 1484.591064453125 1485.8875732421875 1487.125244140625 1488.3056640625 1489.4285888671875 1490.491455078125 1491.4892578125 1492.4110107421875 1493.261962890625 1494.0447998046875 1494.758544921875 1495.3973388671875 1495.952880859375 1496.4415283203125 1496.8719482421875 1497.2493896484375 1497.581298828125 1497.8592529296875 1497.926025390625 1497.833251953125 1497.65478515625 1497.431884765625 1497.163330078125 1496.8468017578125 1496.479248046875 1496.0584716796875 1495.5653076171875 1495.0205078125 1494.4300537109375 1493.798828125 1493.1298828125 1492.4246826171875 1491.71142578125 1490.994140625 1490.2823486328125 1489.5850830078125 1488.9273681640625 1481.903076171875 1484.37646484375 1483.9273681640625 1483.9105224609375 1486.55419921875 1476.8868408203125 1474.607177734375 1474.3602294921875 1480.673095703125 1486.4134521484375
1480.34033203125 1481.79736328125 1483.200439453125 1484.556884765625 1485.8634033203125 1487.1173095703125 1488.3134765625 1489.440185546875 1490.4957275390625 1491.4833984375 1492.4053955078125 1493.2574462890625 1494.03369140625 1494.725830078125 1495.346435546875 1495.8988037109375 1496.3819580078125 1496.80029296875 1497.1512451171875 1497.4454345703125 1497.665283203125 1497.765380859375 1497.69482421875 1497.553955078125 1497.3624267578125 1497.126708984375 1496.8349609375 1496.4892578125 1496.09326171875 1495.64892578125 1495.1580810546875 1494.6068115234375 1494.0177001953125 1493.4024658203125 1492.764892578125 1492.1112060546875 1491.436279296875 1490.777099609375 1490.141845703125 1489.5360107421875 1488.9696044921875 1479.0338134765625 1481.5213623046875 1479.7808837890625 1480.0189208984375 1475.1134033203125 1470.5732421875 1470.22021484375 1473.321533203125 1481.151123046875
1480.2449951171875 1481.7135009765625 1483.1363525390625 1484.5115966796875 1485.8271484375 1487.086669921875 1488.2767333984375 1489.400390625 1490.457275390625 1491.4381103515625 1492.3516845703125 1493.180908203125 1493.9395751953125 1494.6263427734375 1495.2353515625 1495.7728271484375 1496.2320556640625 1496.62841796875 1496.9617919921875 1497.2298583984375 1497.4146728515625 1497.4903564453125 1497.478515625 1497.3800048828125 1497.216064453125 1497.0052490234375 1496.7484130859375 1496.446533203125 1496.08935546875 1495.6788330078125 1495.2276611328125 1494.7406005859375 1494.2200927734375 1493.6568603515625 1493.067138671875 1492.473876953125 1491.878173828125 1491.2850341796875 1490.6949462890625 1490.131103515625 1489.623779296875 1489.1656494140625 1481.008544921875 1484.2969970703125 1481.0570068359375 1472.14013671875 1468.459716796875 1469.844970703125 1471.63037109375 1478.3065185546875
1480.1429443359375 1481.6265869140625 1483.0587158203125 1484.44189453125 1485.7611083984375 1487.0191650390625 1488.2059326171875 1489.3232421875 1490.3697509765625 1491.3330078125 1492.2261962890625 1493.04248046875 1493.786865234375 1494.4549560546875 1495.0416259765625 1495.559814453125 1496.004638671875 1496.3856201171875 1496.6968994140625 1496.934814453125 1497.103515625 1497.1861572265625 1497.1890869140625 1497.1224365234375 1497.0015869140625 1496.8282470703125 1496.599853515625 1496.327880859375 1496.015625 1495.665771484375 1495.270263671875 1494.829345703125 1494.35693359375 1493.868896484375 1493.36376953125 1492.8341064453125 1492.2918701171875 1491.7529296875 1491.2421875 1490.7520751953125 1489.2943115234375 1489.865966796875 1489.50244140625 1469.0506591796875 1469.4755859375 1468.7047119140625 1468.8477783203125 1472.100830078125 1475.5421142578125 1478.86181640625
1480.022216796875 1481.52197265625 1482.9644775390625 1484.3458251953125 1485.6617431640625 1486.9149169921875 1488.09716796875 1489.1973876953125 1490.2200927734375 1491.1676025390625 1492.044189453125 1492.8419189453125 1493.5587158203125 1494.2003173828125 1494.770751953125 1495.2734375 1495.701171875 1496.0594482421875 1496.3497314453125 1496.5762939453125 1496.7374267578125 1496.8250732421875 1496.8509521484375 1496.80615234375 1496.7103271484375 1496.5684814453125 1496.386474609375 1496.1641845703125 1495.8916015625 1495.5830078125 1495.2406005859375 1494.877197265625 1494.4815673828125 1494.0509033203125 1493.602783203125 1493.14501953125 1492.6934814453125 1492.2342529296875 1491.777099609375 1491.3387451171875 1490.576904296875 1490.5753173828125 1490.258056640625 1476.3427734375 1469.936279296875 1480.4110107421875 1482.629638671875 1482.7105712890625 1475.9144287109375 1477.9178466796875
1479.8936767578125 1481.3929443359375 1482.836181640625 1484.2200927734375 1485.53515625 1486.7701416015625 1487.927734375 1489.0123291015625 1490.0230712890625 1490.9490966796875 1491.7906494140625 1492.5577392578125 1493.2542724609375 1493.8812255859375 1494.4278564453125 1494.9007568359375 1495.3077392578125 1495.653076171875 1495.93798828125 1496.153564453125 1496.3048095703125 1496.3970947265625 1496.434814453125 1496.4215087890625 1496.3624267578125 1496.2513427734375 1496.1019287109375 1495.917724609375 1495.7017822265625 1495.4617919921875 1495.1776123046875 1494.8675537109375 1494.5341796875 1494.185546875 1493.8280029296875 1493.4439697265625 1493.0540771484375 1492.6634521484375 1492.2869873046875 1490.5150146484375 1491.5821533203125 1490.064208984375 1490.98974609375 1485.4801025390625 1481.03125 1489.0318603515625 1490.4508056640625 1490.478271484375 1480.3157958984375 1474.48828125
1479.729736328125 1481.243896484375 1482.68994140625 1484.0538330078125 1485.348388671875 1486.571533203125 1487.72119140625 1488.78076171875 1489.7515869140625 1490.647216796875 1491.4688720703125 1492.218505859375 1492.880615234375 1493.4688720703125 1493.9915771484375 1494.450927734375 1494.848876953125 1495.171630859375 1495.435546875 1495.645751953125 1495.8035888671875 1495.9102783203125 1495.960205078125 1495.964111328125 1495.929443359375 1495.8592529296875 1495.75830078125 1495.6209716796875 1495.4539794921875 1495.2623291015625 1495.04736328125 1494.8167724609375 1494.556884765625 1494.2802734375 1493.9903564453125 1493.689697265625 1493.390380859375 1493.079345703125 1492.772705078125 1492.4755859375 1490.054443359375 1485.500732421875 1490.0477294921875 1485.446533203125 1479.47314453125 1476.94091796875 1491.2454833984375 1491.2740478515625 1491.3658447265625 1490.8751220703125
1479.5477294921875 1481.04931640625 1482.4822998046875 1483.844482421875 1485.133544921875 1486.3250732421875 1487.434814453125 1488.466796875 1489.4210205078125 1490.2978515625 1491.074462890625 1491.7796630859375 1492.41650390625 1492.9871826171875 1493.4910888671875 1493.916748046875 1494.2860107421875 1494.6009521484375 1494.8642578125 1495.072998046875 1495.22509765625 1495.3350830078125 1495.4058837890625 1495.4403076171875 1495.4361572265625 1495.39892578125 1495.336669921875 1495.2515869140625 1495.145263671875 1495.0146484375 1494.8651123046875 1494.6995849609375 1494.51953125 1494.326416015625 1494.1171875 1493.8994140625 1493.6754150390625 1493.4476318359375 1493.2191162109375 1492.9952392578125 1490.143310546875 1484.7930908203125 1486.7177734375 1485.58935546875 1480.4891357421875 1471.878173828125 1478.1072998046875 1492.0291748046875 1492.0887451171875 1492.215087890625
1479.3135986328125 1480.8203125 1482.247802734375 1483.5792236328125 1484.8309326171875 1486.00341796875 1487.0960693359375 1488.102294921875 1489.0087890625 1489.8382568359375 1490.593017578125 1491.2760009765625 1491.88232421875 1492.4111328125 1492.880615234375 1493.293701171875 1493.6529541015625 1493.9517822265625 1494.197998046875 1494.4019775390625 1494.56640625 1494.6922607421875 1494.775634765625 1494.8302001953125 1494.8599853515625 1494.8677978515625 1494.8504638671875 1494.812255859375 1494.7625732421875 1494.69970703125 1494.6243896484375 1494.5269775390625 1494.4229736328125 1494.3114013671875 1494.1904296875 1494.060546875 1493.9093017578125 1493.76513671875 1493.6185302734375 1493.4713134765625 1493.3260498046875 1486.5194091796875 1481.9229736328125 1485.1082763671875 1463.4033203125 1463.3638916015625 1470.516845703125 1492.7452392578125 1492.7802734375 1492.85302734375
1479.0440673828125 1480.527099609375 1481.9288330078125 1483.2486572265625 1484.4825439453125 1485.6260986328125 1486.6705322265625 1487.6337890625 1488.5174560546875 1489.3204345703125 1490.0390625 1490.675048828125 1491.2457275390625 1491.7550048828125 1492.203857421875 1492.5904541015625 1492.922607421875 1493.2108154296875 1493.45849609375 1493.6619873046875 1493.8267822265625 1493.9615478515625 1494.0712890625 1494.1578369140625 1494.2142333984375 1494.2586669921875 1494.29248046875 1494.3162841796875 1494.3271484375 1494.316162109375 1494.3115234375 1494.3006591796875 1494.282958984375 1494.2496337890625 1494.197998046875 1494.154296875 1494.103271484375 1494.0447998046875 1493.9688720703125 1493.8858642578125 1493.8115234375 1485.5107421875 1485.87841796875 1483.29833984375 1466.7529296875 -99999 -99999 1493.399169921875 1493.406982421875 1493.44287109375
1478.6976318359375 1480.17529296875 1481.5599365234375 1482.8524169921875 1484.044189453125 1485.150146484375 1486.16943359375 1487.1031494140625 1487.945556640625 1488.7005615234375 1489.3829345703125 1489.9942626953125 1490.5391845703125 1491.0133056640625 1491.42919921875 1491.796875 1492.1180419921875 1492.396484375 1492.6322021484375 1492.8367919921875 1493.01513671875 1493.1639404296875 1493.2894287109375 1493.401611328125 1493.50341796875 1493.5970458984375 1493.6715087890625 1493.73974609375 1493.815673828125 1493.8897705078125 1493.9599609375 1494.0107421875 1494.06103515625 1494.1195068359375 1494.17236328125 1494.2122802734375 1494.2286376953125 1494.244140625 1494.259765625 1494.264404296875 1494.250732421875 1492.9837646484375 1491.4237060546875 1487.994384765625 1473.898193359375 1465.7293701171875 -99999 1476.484130859375 1487.9423828125 1493.9481201171875
1478.291015625 1479.747802734375 1481.1014404296875 1482.3626708984375 1483.5272216796875 1484.604736328125 1485.58154296875 1486.466796875 1487.271484375 1487.9970703125 1488.650634765625 1489.2220458984375 1489.7288818359375 1490.1788330078125 1490.576171875 1490.927001953125 1491.22802734375 1491.495361328125 1491.731201171875 1491.938232421875 1492.12158203125 1492.2869873046875 1492.4415283203125 1492.582763671875 1492.71435546875 1492.843994140625 1492.982666015625 1493.124267578125 1493.2550048828125 1493.3836669921875 1493.5194091796875 1493.666748046875 1493.814208984375 1493.939697265625 1494.059814453125 1494.18359375 1494.306396484375 1494.4140625 1494.49072265625 1494.5540771484375 1494.6112060546875 1486.9376220703125 1489.544189453125 1484.57763671875 1471.52685546875 -99999 -99999 1464.404296875 1472.296875 1478.7252197265625
1477.7974853515625 1479.225341796875 1480.556396484375 1481.7938232421875 1482.9200439453125 1483.9498291015625 1484.8870849609375 1485.741455078125 1486.516357421875 1487.19677734375 1487.8065185546875 1488.3494873046875 1488.833740234375 1489.26318359375 1489.6334228515625 1489.9635009765625 1490.256103515625 1490.517822265625 1490.75146484375 1490.9605712890625 1491.1533203125 1491.3321533203125 1491.50341796875 1491.674072265625 1491.854248046875 1492.0364990234375 1492.22021484375 1492.4095458984375 1492.614013671875 1492.833740234375 1493.0455322265625 1493.2548828125 1493.4654541015625 1493.6884765625 1493.9149169921875 1494.1165771484375 1494.3050537109375 1494.480712890625 1494.652099609375 1494.80322265625 1494.911865234375 1494.9698486328125 1483.744384765625 1482.0574951171875 1475.8582763671875 -99999 -99999 -99999 -99999 1460.6754150390625
1477.20556640625 1478.6234130859375 1479.9189453125 1481.106689453125 1482.1976318359375 1483.197509765625 1484.1083984375 1484.913330078125 1485.6370849609375 1486.2882080078125 1486.8721923828125 1487.390380859375 1487.8411865234375 1488.2413330078125 1488.598876953125 1488.9189453125 1489.204345703125 1489.45751953125 1489.686279296875 1489.89794921875 1490.097412109375 1490.29248046875 1490.4915771484375 1490.6943359375 1490.906494140625 1491.13037109375 1491.3782958984375 1491.6429443359375 1491.912841796875 1492.1920166015625 1492.478515625 1492.78564453125 1493.087158203125 1493.381591796875 1493.673095703125 1493.958740234375 1494.249267578125 1494.50732421875 1494.73828125 1494.9444580078125 1495.1234130859375 1495.2744140625 1492.763427734375 1490.755126953125 1483.69970703125 -99999 1464.6136474609375 1465.5458984375 -99999 -99999
1476.5185546875 1477.8878173828125 1479.1544189453125 1480.32080078125 1481.385498046875 1482.3326416015625 1483.1903076171875 1483.9664306640625 1484.6656494140625 1485.2867431640625 1485.828857421875 1486.3134765625 1486.7471923828125 1487.1351318359375 1487.4788818359375 1487.783203125 1488.0579833984375 1488.3076171875 1488.5369873046875 1488.7523193359375 1488.96142578125 1489.1732177734375 1489.392822265625 1489.624755859375 1489.883544921875 1490.1619873046875 1490.4615478515625 1490.7816162109375 1491.120849609375 1491.4906005859375 1491.8619384765625 1492.2391357421875 1492.6185302734375 1492.9986572265625 1493.3836669921875 1493.7496337890625 1494.101806640625 1494.4351806640625 1494.7470703125 1495.0211181640625 1495.24951171875 1495.437255859375 1495.58154296875 1495.678466796875 1495.712158203125 1473.7384033203125 1475.06884765625 -99999 1461.765869140625 -99999
1475.7041015625 1477.058349609375 1478.2955322265625 1479.4061279296875 1480.42041015625 1481.342529296875 1482.1768798828125 1482.9168701171875 1483.568603515625 1484.1539306640625 1484.67822265625 1485.147216796875 1485.558349609375 1485.92431640625 1486.256103515625 1486.5565185546875 1486.8280029296875 1487.071533203125 1487.3001708984375 1487.5220947265625 1487.7435302734375 1487.9708251953125 1488.2176513671875 1488.487548828125 1488.7835693359375 1489.107666015625 1489.462158203125 1489.853759765625 1490.26953125 1490.705322265625 1491.1571044921875 1491.620849609375 1492.087890625 1492.5506591796875 1493.0069580078125 1493.453857421875 1493.88525390625 1494.2860107421875 1494.6544189453125 1494.9852294921875 1495.27392578125 1495.5067138671875 1495.6771240234375 1495.79150390625 1493.2939453125 1484.75927734375 1464.7236328125 -99999 1465.5985107421875 1474.143310546875
1474.78369140625 1476.0806884765625 1477.2706298828125 1478.358154296875 1479.3472900390625 1480.22509765625 1481.0089111328125 1481.7149658203125 1482.348876953125 1482.9150390625 1483.4088134765625 1483.850341796875 1484.2496337890625 1484.6116943359375 1484.9388427734375 1485.22802734375 1485.493408203125 1485.7410888671875 1485.9766845703125 1486.2052001953125 1486.4412841796875 1486.692138671875 1486.96435546875 1487.2637939453125 1487.595703125 1487.9761962890625 1488.3935546875 1488.845947265625 1489.330322265625 1489.8359375 1490.37158203125 1490.9180908203125 1491.4693603515625 1492.017578125 1492.5447998046875 1493.0638427734375 1493.5606689453125 1494.0294189453125 1494.4595947265625 1494.8350830078125 1495.16064453125 1495.4310302734375 1495.642578125 1495.7860107421875 1493.4964599609375 1483.177978515625 1482.310302734375 1474.450439453125 1468.32177734375 1481.652587890625
1473.706298828125 1474.9825439453125 1476.14111328125 1477.176513671875 1478.1097412109375 1478.955322265625 1479.71923828125 1480.4005126953125 1480.997802734375 1481.533203125 1482.0157470703125 1482.45068359375 1482.841064453125 1483.1917724609375 1483.5123291015625 1483.8067626953125 1484.0772705078125 1484.3282470703125 1484.57275390625 1484.8182373046875 1485.0718994140625 1485.340576171875 1485.636474609375 1485.975830078125 1486.3560791015625 1486.7802734375 1487.2454833984375 1487.7574462890625 1488.3165283203125 1488.9052734375 1489.5169677734375 1490.1312255859375 1490.7578125 1491.3856201171875 1491.99853515625 1492.58837890625 1493.1361083984375 1493.6553955078125 1494.133056640625 1494.5616455078125 1494.934326171875 1495.232177734375 1495.4617919921875 1495.6182861328125 1493.23974609375 1484.4859619140625 1480.3470458984375 1495.361328125 1494.3900146484375 1476.11474609375
1472.519287109375 1473.7342529296875 1474.8380126953125 1475.8421630859375 1476.7459716796875 1477.561279296875 1478.2781982421875 1478.9267578125 1479.512451171875 1480.0350341796875 1480.504638671875 1480.9254150390625 1481.31298828125 1481.6700439453125 1481.99267578125 1482.2904052734375 1482.5703125 1482.8387451171875 1483.1002197265625 1483.359375 1483.6322021484375 1483.930908203125 1484.259521484375 1484.626220703125 1485.0372314453125 1485.5072021484375 1486.036376953125 1486.614501953125 1487.232177734375 1487.878173828125 1488.5634765625 1489.268310546875 1489.977783203125 1490.6697998046875 1491.338623046875 1491.987548828125 1492.6015625 1493.1766357421875 1493.6922607421875 1494.15234375 1494.550048828125 1494.8826904296875 1495.1436767578125 1495.3106689453125 1495.3897705078125 1490.137451171875 1484.6021728515625 1493.43212890625 1494.650634765625 1489.992431640625
1471.166015625 1472.3377685546875 1473.4029541015625 1474.36767578125 1475.2213134765625 1475.9952392578125 1476.6915283203125 1477.3211669921875 1477.8878173828125 1478.395263671875 1478.8599853515625 1479.2828369140625 1479.672607421875 1480.0330810546875 1480.369384765625 1480.6868896484375 1480.9822998046875 1481.2667236328125 1481.550048828125 1481.840576171875 1482.1412353515625 1482.4603271484375 1482.8101806640625 1483.2109375 1483.6678466796875 1484.1817626953125 1484.75146484375 1485.3729248046875 1486.0595703125 1486.7882080078125 1487.54248046875 1488.3048095703125 1489.072265625 1489.8431396484375 1490.588623046875 1491.289794921875 1491.9422607421875 1492.552490234375 1493.1104736328125 1493.6085205078125 1494.03173828125 1494.3817138671875 1494.653076171875 1494.8292236328125 1494.9107666015625 1494.877197265625 1494.7349853515625 1494.46923828125 1494.0626220703125 1493.50732421875
