gis/input_ras/wahp/raw_surf_ow/GM_Numerical_ 02 - Basal Sand_younger.grd
DSAA
157 175
2880056.8709409 2983016.8709409
-256145.63012446 -141305.63012446
510.41497802734 790.89086914062
[rows 110 to 131 of 175, columns 51 to 101 of 157]
1.70141E+38 1.70141E+38 1.70141E+38 669.24725341797 669.54516601562 669.27893066406 668.44860839844 667.04376220703 665.05938720703 662.74621582031 660.26171875 657.73651123047 655.29913330078 653.23223876953 651.70098876953 650.76977539062 650.52258300781 651.12017822266 652.65570068359 654.90386962891 657.80297851562 661.30572509766 665.54058837891 670.00250244141 674.42504882812 678.48400878906 681.85015869141 683.65930175781 684.70745849609 685.71868896484 686.63970947266 686.95690917969 685.73284912109 683.61248779297 681.37579345703 679.21807861328 677.26782226562 675.63629150391 674.396484375 673.47760009766 672.90148925781 672.78436279297 673.41070556641 674.63482666016 676.2041015625 1.70141E+38 1.70141E+38 1.70141E+38 1.70141E+38 1.70141E+38 1.70141E+38
1.70141E+38 1.70141E+38 669.47570800781 670.61749267578 671.15814208984 670.98419189453 670.00244140625 668.42474365234 666.32775878906 663.80908203125 660.97930908203 658.12817382812 655.44018554688 653.06646728516 651.15814208984 650.04479980469 649.87164306641 650.57940673828 652.17077636719 654.62274169922 658.10968017578 662.35217285156 667.17413330078 672.41467285156 677.88214111328 683.32312011719 687.24176025391 689.22747802734 689.76000976562 690.28363037109 690.58624267578 690.28173828125 689.25579833984 687.58532714844 685.52606201172 683.39581298828 681.39025878906 679.58215332031 678.02526855469 676.78515625 675.99884033203 675.68353271484 675.87243652344 676.55230712891 677.69024658203 1.70141E+38 1.70141E+38 1.70141E+38 1.70141E+38 1.70141E+38 1.70141E+38
1.70141E+38 668.47998046875 670.55004882812 671.86151123047 672.45623779297 672.32836914062 671.46539306641 669.86737060547 667.48547363281 664.61248779297 661.47412109375 658.24566650391 655.14416503906 652.46246337891 650.36505126953 649.017578125 648.55456542969 649.16369628906 651.10076904297 654.02020263672 657.82580566406 662.42889404297 667.75744628906 673.63116455078 679.60687255859 685.36853027344 690.33190917969 691.92602539062 692.67431640625 693.13201904297 693.29650878906 693.04321289062 692.07641601562 690.57409667969 688.75823974609 686.76885986328 684.74346923828 682.86779785156 681.21936035156 679.84234619141 678.79736328125 678.16839599609 678.13165283203 678.53167724609 679.31005859375 680.42010498047 1.70141E+38 1.70141E+38 1.70141E+38 1.70141E+38 1.70141E+38
666.16198730469 668.92010498047 671.16369628906 672.79357910156 673.72259521484 673.72888183594 672.80548095703 671.03338623047 668.50750732422 665.35833740234 661.87231445312 658.19689941406 654.67431640625 651.51617431641 648.94378662109 647.35461425781 646.86334228516 647.53057861328 649.46685791016 1.70141E+38 1.70141E+38 661.85101318359 667.52947998047 673.56805419922 679.67901611328 685.33489990234 689.58752441406 692.38873291016 693.92944335938 694.69812011719 694.98187255859 694.75341796875 694.02264404297 692.81927490234 691.1572265625 689.28106689453 687.36694335938 685.50622558594 683.77813720703 682.31127929688 681.21380615234 680.50018310547 680.18334960938 680.27264404297 680.84088134766 681.72985839844 682.88763427734 1.70141E+38 1.70141E+38 1.70141E+38 1.70141E+38
666.09600830078 669.16833496094 671.70544433594 673.55432128906 674.60888671875 674.82293701172 674.11627197266 672.31677246094 669.61468505859 666.04772949219 662.05944824219 657.88122558594 653.90795898438 650.33782958984 647.43170166016 645.44409179688 644.58276367188 1.70141E+38 1.70141E+38 1.70141E+38 1.70141E+38 1.70141E+38 1.70141E+38 1.70141E+38 678.57122802734 684.06164550781 688.64093017578 691.77380371094 693.80554199219 695.08367919922 695.72338867188 695.73822021484 695.16375732422 694.09777832031 692.66949462891 690.99108886719 689.16784667969 687.36151123047 685.72644042969 684.29827880859 683.13452148438 682.34014892578 681.94775390625 681.9580078125 682.29156494141 682.91888427734 683.88714599609 685.11218261719 686.58581542969 1.70141E+38 1.70141E+38
665.87634277344 669.11480712891 671.87023925781 674.03131103516 675.40875244141 675.82543945312 675.27307128906 673.49145507812 670.50445556641 666.60943603516 662.24432373047 657.62664794922 653.03674316406 648.83624267578 645.49261474609 643.18713378906 642.16619873047 1.70141E+38 1.70141E+38 1.70141E+38 1.70141E+38 1.70141E+38 1.70141E+38 1.70141E+38 1.70141E+38 682.26055908203 686.80114746094 690.38781738281 692.98529052734 694.56427001953 695.46929931641 695.72064208984 695.41571044922 694.58520507812 693.30249023438 691.765625 690.14031982422 688.51953125 686.98419189453 685.63092041016 684.55316162109 683.82177734375 683.39538574219 683.31848144531 683.57263183594 684.1123046875 684.88916015625 685.86065673828 687.11450195312 688.65179443359 1.70141E+38
665.46728515625 668.88775634766 671.794921875 674.12310791016 675.74481201172 676.54528808594 676.36450195312 674.56298828125 671.43218994141 667.08764648438 662.16162109375 657.05236816406 652.09149169922 647.51165771484 643.59698486328 640.63885498047 639.38854980469 1.70141E+38 1.70141E+38 1.70141E+38 1.70141E+38 1.70141E+38 1.70141E+38 1.70141E+38 1.70141E+38 679.95172119141 684.60046386719 688.36138916016 691.22985839844 693.21209716797 694.44226074219 694.86505126953 694.7275390625 694.08892822266 693.06451416016 691.78070068359 690.32672119141 688.87438964844 687.5400390625 686.41821289062 685.50396728516 684.85186767578 684.48504638672 684.43310546875 684.65411376953 685.12658691406 685.82049560547 686.68780517578 687.70166015625 688.93225097656 1.70141E+38
664.85906982422 668.32482910156 671.39599609375 673.90637207031 675.63403320312 676.63879394531 676.79992675781 675.79278564453 671.77593994141 667.04614257812 661.88977050781 656.52056884766 651.15057373047 646.14514160156 641.87646484375 638.46838378906 636.35205078125 1.70141E+38 1.70141E+38 1.70141E+38 1.70141E+38 1.70141E+38 1.70141E+38 1.70141E+38 1.70141E+38 1.70141E+38 682.0283203125 685.93872070312 688.92376708984 691.07122802734 692.47979736328 693.18725585938 693.27984619141 692.79602050781 691.966796875 690.90600585938 689.75793457031 688.64038085938 687.56481933594 686.64471435547 685.91754150391 685.46655273438 685.25866699219 685.28393554688 685.53198242188 685.98651123047 686.64398193359 687.37249755859 688.23583984375 689.31335449219 1.70141E+38
664.11242675781 667.54577636719 670.5712890625 673.07641601562 674.96435546875 676.04058837891 676.0693359375 674.55462646484 671.09851074219 666.48529052734 661.27685546875 655.79351806641 650.39385986328 645.29925537109 640.72467041016 636.99383544922 1.70141E+38 1.70141E+38 1.70141E+38 1.70141E+38 1.70141E+38 1.70141E+38 1.70141E+38 1.70141E+38 1.70141E+38 1.70141E+38 679.10211181641 682.98968505859 686.13751220703 688.46795654297 689.93579101562 690.72137451172 690.96252441406 690.74945068359 690.21307373047 689.43914794922 688.58648681641 687.74633789062 686.98004150391 686.41577148438 685.99127197266 685.75042724609 685.69750976562 685.82861328125 686.16217041016 686.64465332031 687.251953125 687.92834472656 688.66021728516 689.59625244141 690.82629394531
663.16418457031 666.51538085938 669.54931640625 671.94458007812 673.60076904297 674.43591308594 674.27484130859 672.84527587891 669.55047607422 665.23211669922 660.31481933594 655.06787109375 649.75335693359 644.82574462891 640.548828125 1.70141E+38 1.70141E+38 1.70141E+38 1.70141E+38 1.70141E+38 1.70141E+38 1.70141E+38 1.70141E+38 1.70141E+38 1.70141E+38 1.70141E+38 676.17163085938 679.96954345703 682.95446777344 685.23352050781 686.83795166016 687.81762695312 688.16900634766 688.10498046875 687.80383300781 687.35968017578 686.85772705078 686.41473388672 686.03735351562 685.77325439453 685.64202880859 685.66430664062 685.87078857422 686.18499755859 686.59588623047 687.08911132812 687.65045166016 688.28735351562 689.02276611328 689.91772460938 691.01470947266
662.18658447266 665.34906005859 668.12756347656 670.38928222656 672.00183105469 672.7373046875 672.20147705078 670.50012207031 667.68688964844 663.89141845703 659.28875732422 654.35821533203 649.45874023438 644.84521484375 1.70141E+38 1.70141E+38 1.70141E+38 1.70141E+38 1.70141E+38 1.70141E+38 1.70141E+38 1.70141E+38 1.70141E+38 1.70141E+38 1.70141E+38 1.70141E+38 673.07305908203 676.68341064453 679.67016601562 681.97698974609 683.46447753906 684.40069580078 684.89715576172 685.06042480469 684.98266601562 684.83874511719 684.72131347656 684.65881347656 684.67083740234 684.75378417969 684.99670410156 685.34539794922 685.7841796875 686.28887939453 686.82080078125 687.37707519531 687.95208740234 688.57244873047 689.27166748047 690.15057373047 691.24871826172
661.09417724609 664.08074951172 666.74853515625 668.85266113281 670.15960693359 670.64373779297 670.20989990234 668.70550537109 665.98077392578 662.41479492188 658.30828857422 653.87451171875 649.30487060547 1.70141E+38 1.70141E+38 1.70141E+38 1.70141E+38 1.70141E+38 1.70141E+38 1.70141E+38 1.70141E+38 1.70141E+38 1.70141E+38 1.70141E+38 1.70141E+38 1.70141E+38 670.21008300781 673.65509033203 676.35009765625 678.45227050781 679.98529052734 680.98895263672 681.50207519531 681.74597167969 681.90582275391 682.07330322266 682.28979492188 682.57159423828 683.00891113281 683.52862548828 684.12274169922 684.76007080078 685.46466064453 686.20904541016 686.90759277344 687.54022216797 688.13079833984 688.75921630859 689.494140625 690.38067626953 691.45574951172
660.12255859375 662.91186523438 665.29400634766 667.19085693359 668.48254394531 668.91003417969 668.36248779297 666.85101318359 664.50109863281 661.36407470703 657.54608154297 653.49182128906 1.70141E+38 1.70141E+38 1.70141E+38 1.70141E+38 1.70141E+38 1.70141E+38 1.70141E+38 1.70141E+38 1.70141E+38 1.70141E+38 1.70141E+38 1.70141E+38 1.70141E+38 1.70141E+38 667.54260253906 670.64868164062 673.24438476562 675.24743652344 676.65649414062 677.54760742188 678.1123046875 678.47229003906 678.75970458984 679.14331054688 679.72534179688 680.43762207031 681.23815917969 682.05828857422 682.99432373047 684.00006103516 685.02423095703 686.01177978516 686.85357666016 687.56915283203 688.19506835938 688.84558105469 689.59375 690.50244140625 691.65997314453
659.2412109375 661.78857421875 664.03930664062 665.81536865234 666.91009521484 667.26617431641 666.87048339844 665.50714111328 663.33264160156 660.46362304688 657.14770507812 653.54650878906 1.70141E+38 1.70141E+38 1.70141E+38 1.70141E+38 1.70141E+38 1.70141E+38 1.70141E+38 1.70141E+38 1.70141E+38 1.70141E+38 1.70141E+38 1.70141E+38 1.70141E+38 1.70141E+38 665.275390625 668.15533447266 670.48645019531 672.25891113281 673.57409667969 674.43994140625 674.97790527344 675.33184814453 675.72845458984 676.36828613281 677.21020507812 678.18933105469 679.32836914062 680.55194091797 681.81878662109 683.0537109375 684.30200195312 685.57098388672 686.70654296875 687.44329833984 688.07824707031 688.74865722656 689.5751953125 690.57720947266 691.79705810547
658.61437988281 660.97863769531 663.00946044922 664.62109375 665.66174316406 666.01843261719 665.65618896484 664.48199462891 662.64404296875 660.07769775391 657.04278564453 1.70141E+38 1.70141E+38 1.70141E+38 1.70141E+38 1.70141E+38 1.70141E+38 1.70141E+38 1.70141E+38 1.70141E+38 1.70141E+38 1.70141E+38 1.70141E+38 1.70141E+38 1.70141E+38 1.70141E+38 663.53009033203 666.02447509766 668.11407470703 669.75219726562 670.95849609375 671.73522949219 672.2265625 672.53875732422 672.95727539062 673.66296386719 674.86773681641 676.18029785156 677.5419921875 678.95452880859 680.40850830078 681.92108154297 683.42541503906 684.86968994141 686.13647460938 686.97473144531 687.69940185547 688.48181152344 689.38891601562 690.47448730469 691.79943847656
658.27099609375 660.39129638672 662.27435302734 663.78057861328 664.80187988281 665.17468261719 664.87420654297 663.8564453125 662.21148681641 660.00341796875 1.70141E+38 1.70141E+38 1.70141E+38 1.70141E+38 1.70141E+38 1.70141E+38 1.70141E+38 1.70141E+38 1.70141E+38 1.70141E+38 1.70141E+38 1.70141E+38 1.70141E+38 1.70141E+38 1.70141E+38 1.70141E+38 662.22204589844 664.46759033203 666.34466552734 667.75811767578 668.81182861328 669.53454589844 670.01116943359 670.32269287109 670.63952636719 671.59820556641 672.91333007812 674.33807373047 675.82995605469 677.40808105469 679.01391601562 680.61584472656 682.20001220703 683.73913574219 685.08068847656 686.11798095703 687.00463867188 687.92309570312 688.97314453125 690.22973632812 691.71759033203
658.31372070312 660.25817871094 662.01361083984 663.38043212891 664.27465820312 664.65441894531 664.4775390625 663.70031738281 662.28656005859 1.70141E+38 1.70141E+38 1.70141E+38 1.70141E+38 1.70141E+38 1.70141E+38 1.70141E+38 1.70141E+38 1.70141E+38 1.70141E+38 1.70141E+38 1.70141E+38 1.70141E+38 1.70141E+38 1.70141E+38 1.70141E+38 1.70141E+38 661.564453125 663.42980957031 665.00335693359 666.26361083984 667.22680664062 667.91790771484 668.39617919922 668.7900390625 669.2939453125 670.181640625 671.40856933594 672.81970214844 674.33435058594 675.91638183594 677.54516601562 679.19262695312 680.80920410156 682.33703613281 683.72094726562 684.93090820312 686.04986572266 687.169921875 688.39190673828 689.78515625 691.39465332031
658.80218505859 660.57855224609 662.14892578125 663.42083740234 664.31732177734 664.72882080078 664.53851318359 663.84039306641 1.70141E+38 1.70141E+38 1.70141E+38 1.70141E+38 1.70141E+38 1.70141E+38 1.70141E+38 1.70141E+38 1.70141E+38 1.70141E+38 1.70141E+38 1.70141E+38 1.70141E+38 1.70141E+38 1.70141E+38 1.70141E+38 1.70141E+38 1.70141E+38 661.28430175781 662.90509033203 664.27032470703 665.35736083984 666.15637207031 666.77734375 667.28442382812 667.7568359375 668.32916259766 669.19543457031 670.30517578125 671.59033203125 673.00268554688 674.51458740234 676.10540771484 677.71203613281 679.30407714844 680.84893798828 682.29010009766 683.61236572266 684.88739013672 686.17797851562 687.54852294922 689.13208007812 1.70141E+38
659.83135986328 661.47204589844 662.96215820312 664.11206054688 664.85394287109 665.19775390625 665.12341308594 1.70141E+38 1.70141E+38 1.70141E+38 1.70141E+38 1.70141E+38 1.70141E+38 1.70141E+38 1.70141E+38 1.70141E+38 1.70141E+38 1.70141E+38 1.70141E+38 1.70141E+38 1.70141E+38 1.70141E+38 1.70141E+38 1.70141E+38 1.70141E+38 660.01654052734 661.58349609375 662.93188476562 664.01129150391 664.89038085938 665.59271240234 666.14959716797 666.61126708984 667.09448242188 667.68872070312 668.44329833984 669.39031982422 670.56433105469 671.86108398438 673.25561523438 674.72570800781 676.25067138672 677.79309082031 679.30249023438 680.76629638672 682.18444824219 683.56860351562 685.00799560547 686.56872558594 688.30072021484 1.70141E+38
661.53411865234 663.05865478516 664.35217285156 665.37042236328 666.06976318359 666.38543701172 1.70141E+38 1.70141E+38 1.70141E+38 1.70141E+38 1.70141E+38 1.70141E+38 1.70141E+38 1.70141E+38 1.70141E+38 1.70141E+38 1.70141E+38 1.70141E+38 1.70141E+38 1.70141E+38 1.70141E+38 1.70141E+38 1.70141E+38 1.70141E+38 1.70141E+38 661.05517578125 662.28234863281 663.34075927734 664.22497558594 664.94390869141 665.48101806641 665.9091796875 666.30004882812 666.70483398438 667.21557617188 667.89196777344 668.73022460938 669.72009277344 670.84613037109 672.12249755859 673.46984863281 674.87579345703 676.32165527344 677.78649902344 679.24652099609 680.69061279297 682.16516113281 683.70758056641 685.36181640625 1.70141E+38 1.70141E+38
663.93212890625 665.28002929688 666.4375 667.32537841797 667.80993652344 1.70141E+38 1.70141E+38 1.70141E+38 1.70141E+38 1.70141E+38 1.70141E+38 1.70141E+38 1.70141E+38 1.70141E+38 1.70141E+38 1.70141E+38 1.70141E+38 1.70141E+38 1.70141E+38 1.70141E+38 1.70141E+38 1.70141E+38 1.70141E+38 1.70141E+38 1.70141E+38 662.32238769531 663.30603027344 664.1640625 664.80419921875 665.29644775391 665.67932128906 665.98944091797 666.28228759766 666.58514404297 666.97735595703 667.49053955078 668.18011474609 669.04766845703 670.03143310547 671.125 672.31414794922 673.60913085938 674.96630859375 676.34265136719 677.74993896484 679.19281005859 680.69360351562 682.28985595703 684.05438232422 1.70141E+38 1.70141E+38
667.15771484375 668.291015625 669.14050292969 669.75988769531 1.70141E+38 1.70141E+38 1.70141E+38 1.70141E+38 1.70141E+38 1.70141E+38 1.70141E+38 1.70141E+38 1.70141E+38 1.70141E+38 1.70141E+38 1.70141E+38 1.70141E+38 1.70141E+38 1.70141E+38 1.70141E+38 1.70141E+38 1.70141E+38 1.70141E+38 1.70141E+38 663.03143310547 663.91168212891 664.60394287109 665.16400146484 665.60382080078 665.95129394531 666.19580078125 666.33850097656 666.46710205078 666.63269042969 666.91320800781 667.30993652344 667.83502197266 668.49926757812 669.31903076172 670.29058837891 671.35437011719 672.490234375 673.69769287109 674.98492431641 676.33428955078 677.73413085938 679.22308349609 680.83557128906 1.70141E+38 1.70141E+38 1.70141E+38
