gis/input_ras/wahp/raw_surf_ow/GM_Numerical_ 01 - Basal Clay_younger.grd
DSAA
157 175
2880056.8709409 2983016.8709409
-256145.63012446 -141305.63012446
440.30120849609 793.42999267578
[rows 84 to 104 of 175, columns 96 to 143 of 157]
675.30584716797 679.5947265625 1.70141E+38 1.70141E+38 1.70141E+38 1.70141E+38 1.70141E+38 714.92584228516 720.81378173828 726.29193115234 731.26983642578 735.80792236328 739.93115234375 743.67132568359 747.05377197266 749.91027832031 752.27722167969 754.11987304688 755.34765625 756.00146484375 756.14324951172 755.91180419922 755.36383056641 754.57470703125 753.60565185547 752.50518798828 751.35235595703 750.21130371094 749.20245361328 748.37542724609 747.83288574219 747.64788818359 747.91040039062 748.57611083984 749.26348876953 748.40069580078 745.74188232422 742.79876708984 740.05981445312 737.74298095703 735.91003417969 734.58715820312 733.76293945312 733.32757568359 733.392578125 733.85571289062 734.73559570312 736.01037597656
677.95129394531 681.81372070312 1.70141E+38 1.70141E+38 1.70141E+38 1.70141E+38 1.70141E+38 715.04132080078 720.77960205078 726.15966796875 731.13049316406 735.62646484375 739.78094482422 743.64801025391 747.20391845703 750.39208984375 753.07690429688 755.01391601562 756.33099365234 757.07556152344 757.29815673828 757.07733154297 756.54370117188 755.81256103516 754.93786621094 753.97790527344 752.99011230469 752.01330566406 751.14184570312 750.45306396484 750.07525634766 750.05462646484 750.34552001953 750.80261230469 751.13610839844 750.31634521484 748.22692871094 745.67010498047 743.15924072266 740.8701171875 738.98895263672 737.57794189453 736.58068847656 735.92962646484 735.59906005859 735.59039306641 736.10650634766 737.04187011719
680.19897460938 683.79565429688 1.70141E+38 1.70141E+38 1.70141E+38 1.70141E+38 1.70141E+38 714.91729736328 720.57189941406 725.81243896484 730.638671875 735.13568115234 739.37860107422 743.45037841797 747.20104980469 750.55059814453 753.40686035156 755.65930175781 757.13269042969 757.70611572266 757.80310058594 757.537109375 756.99853515625 756.24859619141 755.37280273438 754.45013427734 753.51654052734 752.61090087891 751.81634521484 751.23565673828 750.90765380859 750.8349609375 750.98785400391 751.17889404297 751.04473876953 750.25720214844 748.77996826172 746.80432128906 744.70709228516 742.71520996094 740.97924804688 739.5439453125 738.41900634766 737.60217285156 737.08367919922 736.87829589844 737.0185546875 737.53009033203
681.57940673828 685.01831054688 1.70141E+38 1.70141E+38 1.70141E+38 1.70141E+38 1.70141E+38 714.48870849609 719.97955322266 725.18890380859 730.05401611328 734.49908447266 738.82604980469 742.97796630859 746.89508056641 750.51019287109 753.61730957031 755.94744873047 757.32141113281 757.84301757812 757.7744140625 757.30627441406 756.59985351562 755.74859619141 754.80541992188 753.81982421875 752.85089111328 751.94372558594 751.14825439453 750.50958251953 750.08081054688 749.94079589844 749.91979980469 749.8740234375 749.64782714844 749.02355957031 747.81378173828 746.31091308594 744.66400146484 743.01086425781 741.49035644531 740.22619628906 739.14263916016 738.24719238281 737.55975341797 737.17785644531 737.16900634766 737.51043701172
681.85296630859 1.70141E+38 1.70141E+38 1.70141E+38 1.70141E+38 1.70141E+38 1.70141E+38 1.70141E+38 719.20465087891 724.39288330078 729.22991943359 733.80004882812 738.1669921875 742.38024902344 746.33209228516 749.94732666016 753.17230224609 755.81225585938 757.2333984375 757.24670410156 756.86468505859 756.20336914062 755.32012939453 754.30047607422 753.15612792969 751.99951171875 750.87322998047 749.81597900391 748.92156982422 748.19317626953 747.66119384766 747.31365966797 747.11901855469 746.98229980469 746.66088867188 746.09875488281 745.27465820312 744.18646240234 742.88153076172 741.63238525391 740.44793701172 739.34942626953 738.34503173828 737.49462890625 736.85467529297 736.44323730469 736.29821777344 736.48504638672
1.70141E+38 1.70141E+38 1.70141E+38 1.70141E+38 1.70141E+38 1.70141E+38 1.70141E+38 1.70141E+38 718.08538818359 723.32403564453 728.28668212891 732.89575195312 737.28460693359 741.45306396484 745.35888671875 748.92864990234 752.07946777344 754.4453125 755.56939697266 755.68347167969 755.18310546875 754.35430908203 753.19744873047 751.87481689453 750.45916748047 749.06060791016 747.72113037109 746.43371582031 745.29956054688 744.3466796875 743.64758300781 743.15759277344 742.79754638672 742.50646972656 742.21380615234 741.77459716797 741.13934326172 740.38983154297 739.55999755859 738.68212890625 737.74114990234 736.88659667969 736.10662841797 735.41577148438 734.85241699219 734.48022460938 734.41583251953 734.64099121094
1.70141E+38 1.70141E+38 1.70141E+38 1.70141E+38 1.70141E+38 1.70141E+38 1.70141E+38 1.70141E+38 716.76025390625 722.04351806641 727.03558349609 731.73077392578 736.14050292969 740.25518798828 744.07769775391 747.37786865234 750.11218261719 752.15319824219 753.19909667969 753.29534912109 752.68408203125 751.61199951172 750.20434570312 748.62384033203 746.90875244141 745.10473632812 743.33984375 741.73052978516 740.3603515625 739.17443847656 738.20587158203 737.46362304688 736.95617675781 736.58825683594 736.25354003906 735.92156982422 735.56414794922 735.09448242188 734.53729248047 734.00244140625 733.46508789062 732.92449951172 732.35302734375 731.84857177734 731.54577636719 731.40661621094 731.45922851562 731.75354003906
1.70141E+38 1.70141E+38 1.70141E+38 1.70141E+38 1.70141E+38 1.70141E+38 1.70141E+38 1.70141E+38 715.19653320312 720.55706787109 725.62054443359 730.34356689453 734.75189208984 738.75329589844 742.33489990234 745.40521240234 747.8837890625 749.57415771484 750.31970214844 750.2958984375 749.53198242188 748.27172851562 746.56707763672 744.52575683594 742.33813476562 740.18829345703 738.07751464844 736.03527832031 734.18041992188 732.62902832031 731.44012451172 730.49975585938 729.78430175781 729.27685546875 728.94403076172 728.68756103516 728.44696044922 728.25933837891 728.08575439453 727.8603515625 727.58770751953 727.31958007812 727.16424560547 727.06848144531 727.01898193359 727.09735107422 727.37731933594 727.93823242188
1.70141E+38 1.70141E+38 1.70141E+38 1.70141E+38 1.70141E+38 1.70141E+38 1.70141E+38 1.70141E+38 713.47894287109 718.88287353516 724.02880859375 728.79217529297 733.10845947266 736.99072265625 740.41876220703 743.24163818359 745.314453125 746.63299560547 747.16516113281 746.9443359375 745.935546875 744.27606201172 742.18176269531 739.81042480469 737.26000976562 734.52386474609 731.78887939453 729.34735107422 727.14227294922 725.21771240234 723.58740234375 722.32171630859 721.45727539062 720.83819580078 720.42492675781 720.21380615234 720.14849853516 720.14398193359 720.17492675781 720.2451171875 720.41174316406 720.57452392578 720.72967529297 720.94470214844 721.28411865234 721.80718994141 722.43493652344 723.224609375
1.70141E+38 1.70141E+38 1.70141E+38 1.70141E+38 1.70141E+38 1.70141E+38 1.70141E+38 1.70141E+38 711.68969726562 717.15826416016 722.29248046875 727.0478515625 731.37145996094 735.14239501953 738.27484130859 740.76593017578 742.58551025391 743.68298339844 743.87145996094 743.21984863281 741.86645507812 739.92614746094 737.49713134766 734.56225585938 731.43170166016 728.25610351562 725.11846923828 722.11798095703 719.31005859375 716.99169921875 715.06433105469 713.50897216797 712.31768798828 711.49346923828 711.05572509766 710.84698486328 710.82818603516 710.98461914062 711.31689453125 711.70336914062 712.15032958984 712.65417480469 713.26953125 713.98577880859 714.73071289062 715.58209228516 716.56011962891 717.75524902344
1.70141E+38 1.70141E+38 1.70141E+38 1.70141E+38 1.70141E+38 1.70141E+38 1.70141E+38 1.70141E+38 709.84674072266 715.35308837891 720.57220458984 725.33404541016 729.49279785156 733.08270263672 736.0654296875 738.39916992188 739.84729003906 740.46441650391 740.31170654297 739.4033203125 737.77209472656 735.29809570312 732.33294677734 729.00036621094 725.41082763672 721.66662597656 717.94647216797 714.48986816406 711.32531738281 708.51531982422 706.10528564453 704.24774169922 702.85223388672 701.853515625 701.22222900391 700.94506835938 701.02429199219 701.32489013672 701.80871582031 702.44653320312 703.26989746094 704.18029785156 705.17810058594 706.26306152344 707.43817138672 708.78338623047 710.20513916016 711.75579833984
1.70141E+38 1.70141E+38 1.70141E+38 1.70141E+38 1.70141E+38 1.70141E+38 1.70141E+38 1.70141E+38 708.11260986328 713.64959716797 718.80505371094 723.50494384766 727.67181396484 731.23468017578 733.88763427734 735.8076171875 736.97601318359 737.37286376953 736.94494628906 735.5 733.33856201172 730.53344726562 727.17095947266 723.33111572266 719.18060302734 714.96734619141 710.81494140625 706.83825683594 703.20953369141 700.05493164062 697.34802246094 695.10797119141 693.34484863281 692.15075683594 691.44702148438 691.13104248047 691.16381835938 691.50640869141 692.17614746094 693.07568359375 694.154296875 695.38818359375 696.75646972656 698.27154541016 699.89727783203 701.62609863281 703.45941162109 705.39959716797
1.70141E+38 1.70141E+38 1.70141E+38 1.70141E+38 1.70141E+38 1.70141E+38 1.70141E+38 1.70141E+38 706.47412109375 712.07214355469 717.31628417969 722.02239990234 725.99163818359 729.25701904297 731.77777099609 733.52801513672 734.38934326172 734.27545166016 733.35729980469 731.64715576172 729.16772460938 725.90081787109 721.98187255859 717.67218017578 713.10577392578 708.43865966797 703.88525390625 699.54718017578 695.54425048828 691.93133544922 688.81903076172 686.30017089844 684.32269287109 682.89337158203 681.99792480469 681.62280273438 681.72711181641 682.17852783203 682.93115234375 683.96319580078 685.23931884766 686.78637695312 688.50305175781 690.36859130859 692.36505126953 694.44250488281 696.69525146484 699.04968261719
1.70141E+38 1.70141E+38 1.70141E+38 1.70141E+38 1.70141E+38 1.70141E+38 1.70141E+38 1.70141E+38 1.70141E+38 710.79632568359 715.98046875 720.60913085938 724.56927490234 727.71563720703 729.9560546875 731.23040771484 731.67840576172 731.31341552734 730.10131835938 727.95751953125 724.95727539062 721.28253173828 717.03302001953 712.37164306641 707.40203857422 702.34649658203 697.38397216797 692.64074707031 688.34844970703 684.42974853516 680.96197509766 678.01910400391 675.70550537109 674.12591552734 673.22882080078 672.884765625 673.00634765625 673.51324462891 674.35485839844 675.55401611328 677.03100585938 678.76568603516 680.71350097656 682.84692382812 685.19067382812 687.66510009766 690.25341796875 692.90484619141
1.70141E+38 1.70141E+38 1.70141E+38 1.70141E+38 1.70141E+38 1.70141E+38 1.70141E+38 1.70141E+38 1.70141E+38 709.74499511719 714.98907470703 719.60003662109 723.42114257812 726.27337646484 728.19805908203 729.20971679688 729.34985351562 728.52026367188 726.81762695312 724.3408203125 721.07745361328 717.11077880859 712.45941162109 707.40557861328 702.10028076172 696.76037597656 691.53790283203 686.56109619141 681.87689208984 677.53997802734 673.7802734375 670.57586669922 668.06036376953 666.29077148438 665.27557373047 664.97393798828 665.19104003906 665.85784912109 666.83093261719 668.08557128906 669.66412353516 671.55010986328 673.73101806641 676.13110351562 678.70690917969 681.40850830078 684.27349853516 687.27160644531
1.70141E+38 1.70141E+38 1.70141E+38 1.70141E+38 1.70141E+38 1.70141E+38 1.70141E+38 1.70141E+38 1.70141E+38 708.95953369141 714.15808105469 718.759765625 722.52386474609 725.16583251953 726.82885742188 727.35992431641 727.01776123047 725.86016845703 723.88311767578 721.14154052734 717.49591064453 713.18835449219 708.31713867188 703.04638671875 697.51361083984 691.88745117188 686.41583251953 681.22271728516 676.33941650391 671.79827880859 667.67779541016 664.08038330078 661.35125732422 659.47113037109 658.46325683594 658.26031494141 658.58703613281 659.34301757812 660.40301513672 661.77026367188 663.45172119141 665.44787597656 667.74896240234 670.28198242188 673.06384277344 676.03265380859 679.13024902344 682.31091308594
1.70141E+38 1.70141E+38 1.70141E+38 1.70141E+38 1.70141E+38 1.70141E+38 1.70141E+38 1.70141E+38 1.70141E+38 708.26782226562 713.41680908203 718.04071044922 721.90606689453 724.31744384766 725.38568115234 725.55773925781 724.93713378906 723.53765869141 721.20355224609 718.12957763672 714.30358886719 709.83996582031 704.8115234375 699.29327392578 693.55340576172 687.83001708984 682.26080322266 676.92279052734 671.85717773438 667.11212158203 662.77600097656 658.94073486328 655.80676269531 653.79278564453 652.94879150391 652.84759521484 653.27734375 654.13562011719 655.29937744141 656.74536132812 658.47924804688 660.52020263672 662.92114257812 665.60388183594 668.51837158203 671.60296630859 674.82891845703 678.21246337891
1.70141E+38 1.70141E+38 1.70141E+38 1.70141E+38 1.70141E+38 1.70141E+38 1.70141E+38 1.70141E+38 1.70141E+38 1.70141E+38 712.56011962891 717.19946289062 721.30712890625 723.35736083984 723.98712158203 723.86206054688 722.95874023438 721.24194335938 718.77502441406 715.58892822266 711.66918945312 707.0390625 701.83825683594 696.26312255859 690.46575927734 684.65197753906 679.04449462891 673.70202636719 668.60540771484 663.76428222656 659.17816162109 654.94195556641 651.55749511719 649.45867919922 648.71087646484 648.85931396484 649.45001220703 650.37316894531 651.57232666016 653.02807617188 654.80645751953 656.93725585938 659.39245605469 662.12133789062 665.09161376953 668.29425048828 671.64416503906 675.09637451172
1.70141E+38 1.70141E+38 1.70141E+38 1.70141E+38 1.70141E+38 1.70141E+38 1.70141E+38 1.70141E+38 1.70141E+38 1.70141E+38 711.20806884766 715.42077636719 719.19262695312 721.54577636719 722.06402587891 721.85589599609 720.94519042969 719.29260253906 716.81225585938 713.44769287109 709.40954589844 704.7802734375 699.63439941406 694.03039550781 688.20513916016 682.45068359375 676.87274169922 671.53082275391 666.51245117188 661.67681884766 657.04052734375 652.65063476562 648.67266845703 646.65435791016 646.29565429688 646.51556396484 647.10205078125 647.99914550781 649.22955322266 650.74932861328 652.55352783203 654.66662597656 657.11694335938 659.91778564453 662.95642089844 666.17578125 669.54083251953 673.02386474609
1.70141E+38 1.70141E+38 1.70141E+38 1.70141E+38 1.70141E+38 1.70141E+38 1.70141E+38 1.70141E+38 1.70141E+38 1.70141E+38 709.81359863281 712.73736572266 715.8466796875 718.29028320312 719.72149658203 719.99377441406 719.21429443359 717.49053955078 714.99096679688 711.76281738281 707.86029052734 703.21337890625 698.04675292969 692.5361328125 686.83422851562 681.11755371094 675.65850830078 670.46569824219 665.51501464844 660.77502441406 656.205078125 652.0634765625 648.68756103516 646.54437255859 645.68896484375 645.68817138672 646.25421142578 647.14068603516 648.32299804688 649.78955078125 651.576171875 653.76159667969 656.25592041016 659.02423095703 662.02630615234 665.24169921875 668.607421875 672.06121826172
1.70141E+38 1.70141E+38 1.70141E+38 1.70141E+38 1.70141E+38 1.70141E+38 1.70141E+38 1.70141E+38 1.70141E+38 1.70141E+38 1.70141E+38 711.56707763672 713.9794921875 716.53955078125 717.90179443359 718.23187255859 717.64984130859 716.20574951172 713.87835693359 710.64190673828 706.74810791016 702.28619384766 697.34075927734 691.94592285156 686.36169433594 680.83905029297 675.48687744141 670.37371826172 665.53601074219 661.00402832031 656.77429199219 652.97814941406 649.78399658203 647.72802734375 646.79260253906 646.56909179688 646.89965820312 647.64929199219 648.82006835938 650.31536865234 652.12567138672 654.25439453125 656.70532226562 659.48870849609 662.47906494141 665.62353515625 668.88708496094 672.25073242188
