gis/input_ras/wahp/raw_surf_ow/GM_Numerical_ 09 - Upper Clay_younger.grd
DSAA
157 175
2880056.8709409 2983016.8709409
-256145.63012446 -141305.63012446
870.62115478516 978.42749023438
[rows 126 to 146 of 175, columns 0 to 46 of 157]
944.40686035156 943.87786865234 943.30230712891 942.65728759766 941.92663574219 941.10479736328 940.17779541016 939.12524414062 937.90850830078 936.50903320312 934.93469238281 933.17742919922 931.22406005859 929.05743408203 926.70782470703 924.22760009766 921.65118408203 919.02075195312 916.3994140625 913.85827636719 911.43548583984 909.16223144531 907.06713867188 905.20611572266 903.54705810547 902.064453125 900.74468994141 899.56823730469 898.56872558594 897.69262695312 896.93676757812 896.30773925781 895.85375976562 895.59777832031 895.49676513672 895.54034423828 895.72613525391 896.0732421875 896.54888916016 897.19647216797 898.16833496094 900.0908203125 902.77404785156 905.45086669922 907.86993408203 909.93054199219 911.47198486328
944.36810302734 943.83404541016 943.24993896484 942.60675048828 941.89379882812 941.09301757812 940.16143798828 939.10754394531 937.91711425781 936.57690429688 935.05511474609 933.3125 931.38793945312 929.2861328125 927.0166015625 924.58026123047 922.02124023438 919.41094970703 916.79107666016 914.20379638672 911.71801757812 909.38690185547 907.21618652344 905.2177734375 903.39788818359 901.79223632812 900.37066650391 899.10131835938 897.97686767578 896.99322509766 896.19464111328 895.56164550781 895.10211181641 894.82690429688 894.75286865234 894.89141845703 895.18176269531 895.62347412109 896.22735595703 897.07476806641 898.37200927734 900.21258544922 902.46612548828 904.88336181641 907.15405273438 909.05712890625 910.54516601562
944.22106933594 943.69342041016 943.12249755859 942.48394775391 941.76641845703 940.96484375 940.06689453125 939.05963134766 937.88592529297 936.55450439453 935.06292724609 933.40258789062 931.56427001953 929.49371337891 927.25860595703 924.88177490234 922.38763427734 919.80328369141 917.18444824219 914.59686279297 912.07696533203 909.65771484375 907.38684082031 905.31536865234 903.41381835938 901.68267822266 900.12042236328 898.74835205078 897.56268310547 896.53570556641 895.6728515625 894.98260498047 894.51733398438 894.296875 894.28356933594 894.46569824219 894.82946777344 895.40740966797 896.21331787109 897.27117919922 898.62780761719 900.32720947266 902.41241455078 904.55712890625 906.60485839844 908.4375 909.953125
943.97473144531 943.44604492188 942.86999511719 942.24078369141 941.54815673828 940.76800537109 939.87561035156 938.86822509766 937.73626708984 936.46948242188 935.02484130859 933.38916015625 931.58282470703 929.60729980469 927.46667480469 925.13598632812 922.67999267578 920.14331054688 917.55950927734 914.96496582031 912.42395019531 909.98614501953 907.66912841797 905.49285888672 903.48419189453 901.68438720703 900.06286621094 898.61181640625 897.33233642578 896.24029541016 895.36206054688 894.69006347656 894.22650146484 893.98333740234 893.99017333984 894.25982666016 894.74603271484 895.43359375 896.32592773438 897.458984375 898.90710449219 900.59088134766 902.44226074219 904.38690185547 906.31134033203 907.97198486328 909.36828613281
943.60479736328 943.08343505859 942.52099609375 941.90325927734 941.21313476562 940.4443359375 939.58483886719 938.607421875 937.49340820312 936.22991943359 934.82397460938 933.27001953125 931.5283203125 929.60101318359 927.50592041016 925.26702880859 922.90063476562 920.40930175781 917.86010742188 915.3046875 912.77490234375 910.30413818359 907.95294189453 905.74768066406 903.70208740234 901.81890869141 900.11108398438 898.61456298828 897.31262207031 896.20623779297 895.294921875 894.59539794922 894.13531494141 893.94122314453 893.99377441406 894.28387451172 894.81164550781 895.56243896484 896.56634521484 897.77368164062 899.17102050781 900.76812744141 902.52386474609 904.29113769531 905.99169921875 907.56274414062 908.92468261719
943.12579345703 942.60870361328 942.04852294922 941.43872070312 940.77044677734 940.01641845703 939.17120361328 938.20562744141 937.1162109375 935.88812255859 934.50653076172 932.97650146484 931.28973388672 929.45184326172 927.4384765625 925.25982666016 922.95495605469 920.55438232422 918.08508300781 915.56872558594 913.06274414062 910.6220703125 908.27398681641 906.0380859375 903.96270751953 902.05297851562 900.33569335938 898.80474853516 897.46258544922 896.34838867188 895.43463134766 894.77160644531 894.33325195312 894.12866210938 894.19445800781 894.50677490234 895.08416748047 895.87414550781 896.86962890625 898.07440185547 899.45465087891 900.95867919922 902.53198242188 904.14801025391 905.72998046875 907.16345214844 908.39569091797
942.52996826172 942.01281738281 941.45495605469 940.85180664062 940.19805908203 939.47479248047 938.65631103516 937.7001953125 936.61859130859 935.39520263672 934.03125 932.53985595703 930.89624023438 929.10791015625 927.17059326172 925.09802246094 922.88861083984 920.55682373047 918.15441894531 915.72521972656 913.29669189453 910.89593505859 908.57061767578 906.35150146484 904.29016113281 902.38128662109 900.65979003906 899.12963867188 897.79339599609 896.69403076172 895.80444335938 895.15710449219 894.73718261719 894.55725097656 894.64093017578 894.94934082031 895.52075195312 896.30114746094 897.28082275391 898.42718505859 899.70288085938 901.10656738281 902.56781005859 904.01654052734 905.392578125 906.67602539062 907.81262207031
941.81213378906 941.29187011719 940.73937988281 940.1640625 939.53900146484 938.83819580078 938.04028320312 937.09997558594 936.00665283203 934.76391601562 933.39849853516 931.91711425781 930.31884765625 928.60717773438 926.73260498047 924.73059082031 922.61218261719 920.40441894531 918.11761474609 915.76763916016 913.41174316406 911.08123779297 908.83471679688 906.67816162109 904.65106201172 902.77178955078 901.06481933594 899.57000732422 898.28344726562 897.21179199219 896.35015869141 895.72149658203 895.34063720703 895.20141601562 895.29138183594 895.59869384766 896.12927246094 896.85461425781 897.78167724609 898.85412597656 900.03924560547 901.28344726562 902.54278564453 903.830078125 905.06390380859 906.20440673828 907.15808105469
940.97576904297 940.45446777344 939.919921875 939.37036132812 938.7939453125 938.15655517578 937.35528564453 936.38403320312 935.26428222656 934.00915527344 932.61651611328 931.12310791016 929.54638671875 927.8759765625 926.09857177734 924.21051025391 922.18194580078 920.06689453125 917.88415527344 915.65942382812 913.43505859375 911.21148681641 909.04382324219 906.95806884766 904.99383544922 903.19482421875 901.56695556641 900.11926269531 898.86242675781 897.83020019531 897.04095458984 896.47729492188 896.12622070312 895.98681640625 896.07788085938 896.39221191406 896.90197753906 897.57867431641 898.40466308594 899.34484863281 900.39276123047 901.49548339844 902.61120605469 903.71105957031 904.70257568359 905.62457275391 906.41851806641
940.01599121094 939.50189208984 938.98980712891 938.49468994141 937.98181152344 937.37603759766 936.60681152344 935.60754394531 934.39331054688 933.06536865234 931.64526367188 930.15106201172 928.599609375 926.98321533203 925.26776123047 923.45690917969 921.55487060547 919.57733154297 917.51928710938 915.42193603516 913.31268310547 911.21441650391 909.17071533203 907.20855712891 905.35607910156 903.63439941406 902.06286621094 900.69323730469 899.54296875 898.59112548828 897.84173583984 897.29675292969 896.99694824219 896.91827392578 897.02514648438 897.30749511719 897.75360107422 898.36706542969 899.11224365234 899.94519042969 900.84094238281 901.76922607422 902.67510986328 903.55029296875 904.35668945312 905.07183837891 905.6572265625
938.93096923828 938.42315673828 937.93890380859 937.48034667969 937.03857421875 936.58453369141 935.73498535156 934.61151123047 933.32543945312 931.95001220703 930.4931640625 928.98382568359 927.45239257812 925.88763427734 924.27001953125 922.55517578125 920.75659179688 918.89624023438 916.98602294922 915.03961181641 913.07135009766 911.12658691406 909.224609375 907.38781738281 905.63903808594 904.04119873047 902.60620117188 901.33666992188 900.24444580078 899.33984375 898.69183349609 898.24151611328 897.97833251953 897.89520263672 897.98986816406 898.28387451172 898.70715332031 899.24194335938 899.86920166016 900.57604980469 901.32098388672 902.06353759766 902.77880859375 903.44281005859 904.02484130859 904.47717285156 904.81494140625
937.70538330078 937.18841552734 936.69757080078 936.25128173828 935.82104492188 935.30352783203 934.53216552734 933.33050537109 931.99102783203 930.57116699219 929.10565185547 927.61834716797 926.12518310547 924.62451171875 923.07849121094 921.47357177734 919.81066894531 918.07733154297 916.30053710938 914.51116943359 912.71643066406 910.93206787109 909.15991210938 907.48236083984 905.90197753906 904.43310546875 903.09490966797 901.91033935547 900.95245361328 900.17291259766 899.57366943359 899.15380859375 898.93481445312 898.91101074219 899.03045654297 899.2783203125 899.64025878906 900.12298583984 900.66339111328 901.23553466797 901.81652832031 902.39056396484 902.92370605469 903.34826660156 903.67419433594 903.89074707031 904.00610351562
936.33612060547 935.79486083984 935.27581787109 934.77044677734 934.25024414062 933.66412353516 932.78759765625 931.65191650391 930.35437011719 928.96331787109 927.51116943359 926.06433105469 924.64392089844 923.22741699219 921.78234863281 920.26123046875 918.71130371094 917.13244628906 915.52868652344 913.89501953125 912.23034667969 910.62390136719 909.05426025391 907.5380859375 906.08544921875 904.73596191406 903.55969238281 902.52569580078 901.64501953125 900.93316650391 900.41302490234 900.08978271484 899.92010498047 899.89324951172 900.01245117188 900.25842285156 900.59448242188 900.99029541016 901.42504882812 901.90124511719 902.34967041016 902.73358154297 903.04345703125 903.26257324219 903.40234375 903.36279296875 903.18133544922
934.8330078125 934.22674560547 933.64782714844 933.08410644531 932.46795654297 931.72857666016 930.82855224609 929.71862792969 928.44323730469 927.09069824219 925.72967529297 924.38360595703 923.03912353516 921.70147705078 920.35046386719 918.97039794922 917.56396484375 916.10028076172 914.62188720703 913.16925048828 911.72290039062 910.28472900391 908.85028076172 907.48181152344 906.22161865234 905.05133056641 903.98529052734 903.04675292969 902.27801513672 901.68798828125 901.248046875 900.96246337891 900.82849121094 900.84271240234 900.97216796875 901.18823242188 901.48443603516 901.83636474609 902.19921875 902.53887939453 902.8359375 903.08471679688 903.25286865234 903.25152587891 903.10601806641 902.81927490234 902.43176269531
933.21069335938 932.55139160156 931.88555908203 931.20361328125 930.48236083984 929.66552734375 928.69445800781 927.54699707031 926.32238769531 925.05059814453 923.77209472656 922.52447509766 921.33856201172 920.13787841797 918.88214111328 917.59564208984 916.29766845703 915.01501464844 913.73205566406 912.41711425781 911.10723876953 909.83386230469 908.61895751953 907.44543457031 906.30975341797 905.25909423828 904.33843994141 903.55401611328 902.89349365234 902.37219238281 901.99407958984 901.77966308594 901.69537353516 901.72351074219 901.85473632812 902.06512451172 902.33111572266 902.6142578125 902.8984375 903.15991210938 903.36877441406 903.44989013672 903.41076660156 903.24273681641 902.93286132812 902.45947265625 901.77416992188
931.50262451172 930.74847412109 930.00555419922 929.24353027344 928.4287109375 927.46807861328 926.40948486328 925.26428222656 924.06768798828 922.87243652344 921.75244140625 920.66864013672 919.58251953125 918.48016357422 917.35632324219 916.22589111328 915.07086181641 913.90551757812 912.74420166016 911.61309814453 910.51672363281 909.41326904297 908.33343505859 907.29547119141 906.34417724609 905.47485351562 904.67706298828 903.98571777344 903.41131591797 902.99365234375 902.701171875 902.53344726562 902.47778320312 902.52252197266 902.66296386719 902.85894775391 903.09436035156 903.33862304688 903.5654296875 903.72521972656 903.81213378906 903.79846191406 903.65765380859 903.35089111328 902.82592773438 902.1259765625 901.27008056641
929.73504638672 928.92932128906 928.1025390625 927.22442626953 926.28088378906 925.24932861328 924.13726806641 922.96997070312 921.82672119141 920.74481201172 919.72790527344 918.76513671875 917.83001708984 916.87225341797 915.86560058594 914.84100341797 913.81127929688 912.81311035156 911.82745361328 910.84222412109 909.87524414062 908.92999267578 908.04644775391 907.18609619141 906.3662109375 905.60919189453 904.92730712891 904.373046875 903.91296386719 903.56164550781 903.32073974609 903.19097900391 903.17791748047 903.25280761719 903.39172363281 903.57592773438 903.78161621094 903.96911621094 904.12677001953 904.22985839844 904.25701904297 904.16711425781 903.91015625 903.47485351562 902.85418701172 902.04351806641 901.00238037109
927.93957519531 927.07666015625 926.18572998047 925.24182128906 924.22351074219 923.11639404297 921.95654296875 920.79815673828 919.68896484375 918.6689453125 917.79309082031 916.96844482422 916.13928222656 915.28881835938 914.41101074219 913.53088378906 912.63989257812 911.76519775391 910.91015625 910.07641601562 909.28881835938 908.50677490234 907.75115966797 907.02722167969 906.34545898438 905.73681640625 905.18579101562 904.71313476562 904.32696533203 904.04144287109 903.87438964844 903.79937744141 903.80755615234 903.88824462891 904.02868652344 904.20300292969 904.37530517578 904.52514648438 904.63562011719 904.67913818359 904.64251708984 904.49298095703 904.20074462891 903.73895263672 903.04675292969 902.10443115234 900.9384765625
926.12799072266 925.23522949219 924.31530761719 923.32794189453 922.25677490234 921.13031005859 919.97119140625 918.80712890625 917.70513916016 916.77508544922 915.98687744141 915.28173828125 914.57733154297 913.83117675781 913.06475830078 912.29351806641 911.53063964844 910.78723144531 910.07818603516 909.39349365234 908.73156738281 908.09161376953 907.474609375 906.89184570312 906.34332275391 905.83679199219 905.38104248047 904.99578857422 904.70208740234 904.48919677734 904.35821533203 904.30786132812 904.345703125 904.45080566406 904.59222412109 904.75012207031 904.90374755859 905.01721191406 905.06842041016 905.06457519531 905.00158691406 904.86749267578 904.54479980469 904.03454589844 903.32672119141 902.39886474609 901.22216796875
924.34820556641 923.42987060547 922.48406982422 921.48889160156 920.43542480469 919.32318115234 918.18853759766 917.06689453125 915.98913574219 915.03100585938 914.40399169922 913.80694580078 913.18011474609 912.52697753906 911.85809326172 911.177734375 910.5380859375 909.9267578125 909.34313964844 908.78601074219 908.23980712891 907.73248291016 907.24389648438 906.77557373047 906.32836914062 905.91473388672 905.55889892578 905.25677490234 905.01586914062 904.84350585938 904.76165771484 904.75634765625 904.81329345703 904.92236328125 905.06860351562 905.22528076172 905.35961914062 905.45343017578 905.4921875 905.45465087891 905.38250732422 905.21044921875 904.90631103516 904.44653320312 903.77795410156 902.86566162109 901.66119384766
922.61560058594 921.68505859375 920.744140625 919.75640869141 918.72442626953 917.67163085938 916.61596679688 915.57019042969 914.55920410156 913.76263427734 913.11334228516 912.54626464844 911.96527099609 911.3623046875 910.77398681641 910.21081542969 909.68035888672 909.16870117188 908.6943359375 908.26049804688 907.84588623047 907.44738769531 907.046875 906.6748046875 906.32977294922 906.00860595703 905.71807861328 905.46569824219 905.28570556641 905.169921875 905.11608886719 905.12548828125 905.19909667969 905.32836914062 905.48046875 905.63629150391 905.77429199219 905.86541748047 905.89270019531 905.86340332031 905.77178955078 905.60076904297 905.29156494141 904.82116699219 904.20440673828 903.43170166016 902.38415527344
