gis/input_ras/wahp/raw_surf_ow/GM_Numerical_ 03 - Lower Clay_younger.grd
DSAA
157 175
2880056.8709409 2983016.8709409
-256145.63012446 -141305.63012446
595.52587890625 876.60534667969
[rows 0 to 20 of 175, columns 47 to 93 of 157]
777.80291748047 779.48138427734 781.20263671875 782.91296386719 784.51794433594 785.95526123047 787.15026855469 788.08764648438 788.70404052734 789.03131103516 789.10473632812 788.98840332031 788.75671386719 788.41802978516 788.12799072266 787.96838378906 788.12902832031 788.607421875 789.49749755859 790.85821533203 792.74908447266 795.29962158203 798.42620849609 802.17626953125 806.45819091797 811.22210693359 816.32958984375 821.6435546875 826.98657226562 832.11267089844 836.71447753906 840.44299316406 843.15539550781 844.60955810547 844.673828125 843.03192138672 839.68096923828 834.62359619141 828.0234375 820.05865478516 810.80639648438 800.6484375 789.76226806641 778.58453369141 767.404296875 756.69744873047 746.68481445312
778.01995849609 779.83325195312 781.68878173828 783.49072265625 785.14691162109 786.62213134766 787.80755615234 788.68194580078 789.21362304688 789.42852783203 789.36114501953 788.98693847656 788.45275878906 787.88409423828 787.38031005859 787.00024414062 786.845703125 787.02648925781 787.72705078125 788.93536376953 790.70391845703 793.10827636719 796.13903808594 799.89892578125 804.22375488281 809.11645507812 814.47204589844 820.11126708984 825.75714111328 831.21215820312 836.25793457031 840.59442138672 843.88854980469 845.72137451172 846.14495849609 844.84948730469 841.86389160156 837.06994628906 830.54046630859 822.59814453125 813.21276855469 802.83660888672 791.71801757812 780.26544189453 768.77752685547 757.57794189453 747.01922607422
778.41760253906 780.33428955078 782.27697753906 784.17578125 785.92559814453 787.42749023438 788.59375 789.43231201172 789.90179443359 789.939453125 789.63739013672 789.08312988281 788.35888671875 787.51892089844 786.66839599609 786.0078125 785.65057373047 785.63458251953 786.05572509766 787.01147460938 788.64959716797 790.95538330078 793.90423583984 797.58056640625 801.94659423828 806.97564697266 812.46575927734 818.27716064453 824.30712890625 830.26568603516 835.67529296875 840.3759765625 844.13891601562 846.57525634766 847.48559570312 846.4423828125 843.70147705078 839.21704101562 832.85113525391 824.85882568359 815.40997314453 804.93566894531 793.63586425781 781.79309082031 769.89068603516 758.37329101562 747.48669433594
778.88415527344 780.93041992188 783.02874755859 785.00439453125 786.79772949219 788.34356689453 789.55297851562 790.31994628906 790.62829589844 790.54925537109 790.11370849609 789.32122802734 788.27612304688 787.18109130859 786.12249755859 785.19464111328 784.49786376953 784.21691894531 784.47845458984 785.27386474609 786.65795898438 788.75598144531 791.65844726562 795.32836914062 799.67706298828 804.66357421875 810.32550048828 816.42175292969 822.67755126953 828.87280273438 834.78057861328 840.07073974609 844.15844726562 846.92687988281 848.22222900391 847.81988525391 845.45288085938 840.90808105469 834.65588378906 826.81616210938 817.45239257812 806.76654052734 795.18170166016 783.15466308594 770.97692871094 758.96405029297 747.60693359375
779.49676513672 781.66882324219 783.84423828125 785.93957519531 787.84790039062 789.38635253906 790.53381347656 791.26312255859 791.55072021484 791.31689453125 790.60833740234 789.59240722656 788.35491943359 786.98883056641 785.58441162109 784.40850830078 783.51605224609 782.99279785156 782.91876220703 783.47686767578 784.78399658203 786.77551269531 789.48291015625 792.93927001953 797.30816650391 802.4365234375 808.14825439453 814.32470703125 820.83508300781 827.39691162109 833.58160400391 839.13543701172 843.79370117188 847.21820068359 848.75708007812 848.45397949219 846.32702636719 842.34637451172 836.37957763672 828.330078125 818.83508300781 808.15692138672 796.54107666016 784.20074462891 771.68035888672 759.42260742188 747.73352050781
780.18304443359 782.48785400391 784.80535888672 786.97064208984 788.89776611328 790.50750732422 791.72735595703 792.36181640625 792.45288085938 792.06488037109 791.23706054688 790.02569580078 788.47528076172 786.83319091797 785.21856689453 783.74011230469 782.50518798828 781.791015625 781.58160400391 781.94219970703 782.93243408203 784.65515136719 787.34313964844 790.80926513672 795.04614257812 800.02801513672 805.77520751953 812.15692138672 818.82604980469 825.56744384766 832.14331054688 838.12744140625 842.99560546875 846.57965087891 848.65362548828 849.02215576172 847.08825683594 842.98327636719 837.02532958984 829.3359375 820.07373046875 809.18249511719 797.33001708984 784.88995361328 772.15771484375 759.44183349609 747.41198730469
780.92211914062 783.38452148438 785.81939697266 788.12164306641 790.15954589844 791.74957275391 792.86712646484 793.47418212891 793.54431152344 793.04040527344 791.92578125 790.43878173828 788.68273925781 786.76928710938 784.88214111328 783.16094970703 781.74206542969 780.716796875 780.16931152344 780.34564208984 781.24749755859 782.87188720703 785.25750732422 788.44329833984 792.66180419922 797.70758056641 803.45037841797 809.78356933594 816.57012939453 823.5361328125 830.27777099609 836.48022460938 841.84722900391 845.96099853516 848.14636230469 848.46862792969 846.86596679688 843.29113769531 837.59289550781 829.69146728516 820.27386474609 809.57513427734 797.82897949219 785.24853515625 772.26232910156 759.35992431641 746.89373779297
781.68048095703 784.31872558594 786.90124511719 789.31225585938 791.39318847656 793.05767822266 794.21362304688 794.75085449219 794.60656738281 793.89532470703 792.66479492188 790.98651123047 788.98303222656 786.79870605469 784.63653564453 782.61614990234 780.9326171875 779.71282958984 779.03375244141 778.955078125 779.53485107422 780.96264648438 783.26806640625 786.42620849609 790.41064453125 795.21539306641 800.92242431641 807.32849121094 814.16766357422 821.20458984375 828.18713378906 834.62786865234 840.08587646484 844.27374267578 846.93322753906 847.75177001953 846.28887939453 842.51666259766 836.82299804688 829.33551025391 820.14245605469 809.42419433594 797.63775634766 785.12866210938 772.09588623047 758.87701416016 746.0546875
782.34899902344 785.21307373047 788.05065917969 790.67944335938 792.83770751953 794.51507568359 795.54956054688 795.96966552734 795.76568603516 794.91442871094 793.46740722656 791.51928710938 789.26245117188 786.84301757812 784.46234130859 782.21911621094 780.28125 778.76733398438 777.83679199219 777.58813476562 778.07092285156 779.31158447266 781.33172607422 784.28192138672 788.13757324219 792.9150390625 798.47253417969 804.71173095703 811.54309082031 818.62750244141 825.61511230469 832.15496826172 837.92736816406 842.30908203125 845.07366943359 845.78527832031 844.50537109375 841.16918945312 835.54669189453 828.01837158203 818.83074951172 808.45819091797 797.04077148438 784.6298828125 771.5947265625 758.18389892578 744.87805175781
783.08325195312 786.20654296875 789.28430175781 792.13525390625 794.47125244141 796.16094970703 797.10876464844 797.408203125 796.97296142578 795.87017822266 794.22711181641 792.10247802734 789.66180419922 786.99523925781 784.30517578125 781.77777099609 779.6484375 777.95239257812 776.83941650391 776.35626220703 776.60101318359 777.68963623047 779.56268310547 782.34625244141 785.96221923828 790.50524902344 795.93225097656 802.06427001953 808.75750732422 815.74206542969 822.73138427734 829.29888916016 835.04168701172 839.46710205078 842.37048339844 843.20526123047 841.97534179688 838.54479980469 832.99908447266 825.69964599609 816.70007324219 806.55810546875 795.50439453125 783.61468505859 770.64837646484 756.97375488281 743.32104492188
783.71374511719 787.2587890625 790.80285644531 793.89733886719 796.32733154297 798.05072021484 798.88275146484 798.90307617188 798.20574951172 796.90869140625 795.07995605469 792.70697021484 789.99725341797 787.11962890625 784.24163818359 781.50122070312 779.08703613281 777.14794921875 775.90057373047 775.27880859375 775.34368896484 776.19641113281 777.85089111328 780.4658203125 783.90692138672 788.19708251953 793.32238769531 799.22241210938 805.75567626953 812.59283447266 819.44165039062 825.89300537109 831.53430175781 835.90942382812 838.77166748047 839.63848876953 838.37866210938 834.86517333984 829.31976318359 822.04132080078 813.25799560547 803.61596679688 793.18237304688 781.75286865234 769.19317626953 755.05407714844 740.81878662109
784.63177490234 788.56048583984 792.38641357422 795.84381103516 798.52337646484 800.09600830078 800.70220947266 800.52154541016 799.63208007812 797.97686767578 795.82861328125 793.28149414062 790.42297363281 787.34167480469 784.16217041016 781.22180175781 778.66033935547 776.56573486328 775.04571533203 774.22564697266 774.21990966797 774.92749023438 776.37890625 778.64813232422 781.77288818359 785.86871337891 790.72637939453 796.28326416016 802.43255615234 808.9853515625 815.61376953125 821.86700439453 827.41479492188 831.68096923828 834.30456542969 834.94219970703 833.59478759766 830.22161865234 824.544921875 817.05889892578 808.35217285156 798.92211914062 789.04718017578 779.14801025391 766.16766357422 751.82543945312 737.39575195312
785.67010498047 790.01916503906 794.30749511719 797.9541015625 800.67761230469 802.31457519531 802.77703857422 802.14575195312 800.84075927734 798.9833984375 796.65777587891 793.92248535156 790.82147216797 787.53601074219 784.2373046875 781.08508300781 778.25677490234 776.00109863281 774.39770507812 773.46459960938 773.2216796875 773.66864013672 774.96838378906 777.05004882812 779.88702392578 783.47192382812 787.78857421875 793.00506591797 798.78875732422 804.95269775391 811.271484375 817.25189208984 822.40380859375 826.38464355469 828.9150390625 829.72607421875 828.08648681641 824.14288330078 818.27105712891 810.75109863281 801.94024658203 792.37329101562 782.63421630859 772.33099365234 760.33374023438 746.23297119141 732.34747314453
787.22418212891 791.708984375 796.11145019531 800.13470458984 803.35809326172 804.490234375 804.46234130859 803.58569335938 802.08685302734 799.99645996094 797.38696289062 794.45764160156 791.25317382812 787.83435058594 784.3330078125 781.06359863281 778.15142822266 775.67504882812 773.72100830078 772.72192382812 772.4560546875 772.79028320312 773.74743652344 775.37200927734 777.85168457031 781.06457519531 784.93774414062 789.45837402344 794.60339355469 800.34259033203 806.18420410156 811.7587890625 816.72778320312 820.69598388672 822.77679443359 823.04711914062 821.31280517578 817.46246337891 811.31097412109 803.01629638672 793.71881103516 783.82690429688 773.61059570312 762.98486328125 751.11212158203 738.5009765625 725.87408447266
789.01312255859 793.38336181641 797.85076904297 801.96942138672 805.02813720703 806.43231201172 805.96136474609 804.76141357422 802.99420166016 800.74926757812 798.08410644531 795.0673828125 791.71704101562 788.16925048828 784.607421875 781.18914794922 778.09686279297 775.57647705078 773.65490722656 772.40545654297 771.82720947266 771.86456298828 772.61846923828 773.97625732422 775.92309570312 778.44439697266 781.68145751953 785.59869384766 790.13293457031 795.16870117188 800.49078369141 805.728515625 810.18072509766 813.60607910156 815.71514892578 816.21813964844 814.25384521484 809.65863037109 802.80212402344 794.08319091797 784.07067871094 773.48193359375 762.73358154297 751.85089111328 740.76977539062 729.36749267578 718.16522216797
790.77520751953 794.90228271484 799.01031494141 802.80828857422 805.90844726562 806.80358886719 806.50817871094 805.41760253906 803.73309326172 801.45324707031 798.67907714844 795.56732177734 792.18609619141 788.595703125 784.94244384766 781.4892578125 778.39044189453 775.73760986328 773.6162109375 772.23260498047 771.47302246094 771.25128173828 771.56097412109 772.44769287109 773.99481201172 775.97900390625 778.41088867188 781.34600830078 785.10382080078 789.62158203125 794.32293701172 798.82788085938 802.85467529297 806.07861328125 807.87023925781 807.962890625 806.05511474609 801.53692626953 794.01818847656 783.99237060547 772.89324951172 761.60205078125 750.54418945312 739.81243896484 729.46429443359 719.59191894531 710.32733154297
792.28887939453 796.08813476562 799.90521240234 803.15399169922 805.46044921875 806.71722412109 806.71356201172 805.78137207031 804.13336181641 801.91821289062 799.22564697266 796.10992431641 792.69750976562 789.06658935547 785.41290283203 781.88256835938 778.70684814453 776.00164794922 773.84747314453 772.20867919922 771.0869140625 770.62738037109 770.68029785156 771.18518066406 772.08215332031 773.34704589844 775.12255859375 777.23822021484 779.91461181641 783.64093017578 787.66589355469 791.61907958984 794.83197021484 797.20098876953 798.70184326172 799.05047607422 797.38519287109 792.58874511719 783.619140625 772.27575683594 760.26422119141 748.36688232422 737.2255859375 727.10290527344 718.00701904297 709.56457519531 701.90802001953
793.72644042969 797.16137695312 800.41223144531 803.2705078125 805.38452148438 806.53149414062 806.63970947266 805.95623779297 804.49194335938 802.35101318359 799.70373535156 796.61206054688 793.20709228516 789.59326171875 785.92999267578 782.4052734375 779.18981933594 776.34954833984 774.03289794922 772.24182128906 770.95538330078 770.13543701172 769.73870849609 769.87365722656 770.38311767578 771.11511230469 771.98571777344 773.00689697266 774.85949707031 777.99444580078 781.00573730469 783.55822753906 785.66082763672 787.31262207031 788.20721435547 787.96069335938 786.77111816406 782.27239990234 772.00158691406 758.94470214844 745.87762451172 733.74786376953 722.97912597656 713.58447265625 705.66754150391 699.62579345703 694.92608642578
794.9111328125 798.05133056641 801.01385498047 803.55242919922 805.37084960938 806.47998046875 806.67504882812 806.0908203125 804.76904296875 802.77093505859 800.2021484375 797.13824462891 793.75366210938 790.15728759766 786.52075195312 782.98901367188 779.73175048828 776.82843017578 774.35662841797 772.31365966797 770.77124023438 769.70788574219 769.04510498047 768.70263671875 768.603515625 768.81048583984 769.21026611328 769.74505615234 770.73370361328 772.09783935547 773.85876464844 775.24407958984 776.08709716797 775.94439697266 775.25524902344 774.16430664062 772.19592285156 767.09588623047 755.96337890625 742.505859375 729.49951171875 717.59008789062 707.42462158203 699.70263671875 694.07672119141 690.00360107422 687.40771484375
796.17175292969 799.02642822266 801.63403320312 803.87359619141 805.56317138672 806.60382080078 806.88323974609 806.39837646484 805.09735107422 803.17755126953 800.70806884766 797.72454833984 794.36596679688 790.78845214844 787.17950439453 783.65069580078 780.34100341797 777.33892822266 774.75024414062 772.54852294922 770.73907470703 769.29248046875 768.22564697266 767.51470947266 767.02758789062 766.69842529297 766.37451171875 766.24523925781 766.36358642578 766.65777587891 766.72442626953 765.95263671875 764.86236572266 763.27191162109 761.08148193359 757.99652099609 753.21331787109 746.28454589844 735.69128417969 723.27770996094 710.89862060547 699.97491455078 691.31127929688 685.05541992188 681.20465087891 680.28424072266 681.47088623047
797.38110351562 800.00714111328 802.42150878906 804.5068359375 806.06896972656 806.95617675781 807.16418457031 806.70257568359 805.58020019531 803.75775146484 801.26263427734 798.31164550781 795.02374267578 791.51300048828 787.92126464844 784.40911865234 781.08123779297 777.99896240234 775.21044921875 772.76232910156 770.72192382812 768.99267578125 767.54455566406 766.32061767578 765.22418212891 764.31665039062 763.455078125 762.60394287109 761.61480712891 760.25451660156 758.57891845703 756.33001708984 753.44519042969 749.62084960938 745.05242919922 739.74072265625 733.18389892578 724.84588623047 714.30841064453 702.4931640625 691.02642822266 681.0087890625 673.25939941406 669.42755126953 668.98461914062 670.98663330078 674.98541259766
