gis/input_ras/wahp/raw_surf_ow/GM_Numerical_ 06 - Middle Sand_younger.grd
DSAA
157 175
2880056.8709409 2983016.8709409
-256145.63012446 -141305.63012446
765.02276611328 923.23010253906
[rows 0 to 21 of 175, columns 50 to 99 of 157]
894.50518798828 897.25109863281 900.10388183594 903.03717041016 905.98480224609 908.85430908203 911.49816894531 913.86175537109 915.8828125 917.53039550781 918.71368408203 919.34942626953 919.345703125 918.62622070312 917.25744628906 915.22039794922 912.67834472656 909.80920410156 906.75720214844 903.66589355469 900.66851806641 897.84973144531 895.35369873047 893.20288085938 891.36468505859 889.77630615234 888.42651367188 887.38684082031 886.54663085938 885.89996337891 885.41839599609 885.07257080078 884.82476806641 884.56433105469 884.22058105469 883.64965820312 882.96569824219 881.77874755859 880.26416015625 878.20007324219 875.80627441406 873.00073242188 869.71832275391 866.1396484375 862.39239501953 858.58966064453 854.82604980469 851.32550048828 848.19671630859 845.53851318359
891.89691162109 894.51397705078 897.2724609375 900.16516113281 903.08923339844 905.94232177734 908.61804199219 911.03369140625 913.07366943359 914.73681640625 915.90106201172 916.51702880859 916.5419921875 915.86749267578 914.56994628906 912.68939208984 910.36932373047 907.65325927734 904.68774414062 901.67626953125 898.76580810547 896.06420898438 893.73291015625 891.78204345703 890.19128417969 888.96527099609 887.93316650391 887.06481933594 886.37744140625 885.88848876953 885.59228515625 885.41192626953 885.28198242188 885.14105224609 884.93084716797 884.57458496094 884.00799560547 883.1240234375 881.90667724609 880.14025878906 877.93878173828 875.35565185547 872.39141845703 869.09509277344 865.49114990234 861.76263427734 858.03894042969 854.32867431641 850.6669921875 847.47814941406
889.15374755859 891.67993164062 894.35980224609 897.16552734375 900.04711914062 902.90240478516 905.59893798828 908.05426025391 910.15637207031 911.85852050781 913.02423095703 913.66674804688 913.74914550781 913.18048095703 912.05926513672 910.33148193359 908.169921875 905.64184570312 902.88122558594 899.986328125 897.12274169922 894.47998046875 892.23266601562 890.65454101562 889.44219970703 888.43267822266 887.59832763672 886.94134521484 886.45355224609 886.10101318359 885.88494873047 885.77740478516 885.74530029297 885.71771240234 885.60595703125 885.34460449219 884.88458251953 884.16400146484 883.14898681641 881.859375 879.83862304688 877.56811523438 874.83776855469 871.7744140625 868.47143554688 865.0166015625 861.33911132812 857.49908447266 853.60723876953 849.73889160156
886.32623291016 888.70336914062 891.29779052734 894.05560302734 896.89599609375 899.74639892578 902.49530029297 904.99761962891 907.14624023438 908.90399169922 910.21087646484 910.95941162109 911.07604980469 910.63006591797 909.66760253906 908.22723388672 906.34924316406 903.99456787109 901.39221191406 898.64239501953 895.86724853516 893.20764160156 891.22650146484 889.86547851562 888.94305419922 888.22418212891 887.62084960938 887.10675048828 886.70684814453 886.42468261719 886.27410888672 886.21783447266 886.20727539062 886.19049072266 886.12054443359 885.93304443359 885.56072998047 884.94158935547 884.04821777344 882.90875244141 881.28137207031 879.27056884766 876.93664550781 874.27880859375 871.32696533203 868.18170166016 864.82238769531 861.10015869141 856.80224609375 852.34600830078
883.33447265625 885.65905761719 888.15521240234 890.82843017578 893.64929199219 896.49975585938 899.26696777344 901.86108398438 904.18395996094 906.05187988281 907.41015625 908.27294921875 908.62023925781 908.43298339844 907.64990234375 906.39611816406 904.73175048828 902.69610595703 900.36285400391 897.80163574219 895.21026611328 892.74505615234 890.68975830078 889.70983886719 889.0107421875 888.4150390625 887.90350341797 887.47015380859 887.13665771484 886.89819335938 886.74487304688 886.65930175781 886.61547851562 886.55432128906 886.43823242188 886.22308349609 885.87414550781 885.3544921875 884.58819580078 883.525390625 882.27166748047 880.52239990234 878.48565673828 876.24249267578 873.85565185547 871.43194580078 868.52471923828 865.01647949219 860.79559326172 855.8544921875
880.25421142578 882.45098876953 884.90631103516 887.56604003906 890.34796142578 893.20568847656 896.05395507812 898.72015380859 901.11633300781 903.16534423828 904.79974365234 905.88446044922 906.36328125 906.34826660156 905.86633300781 904.94860839844 903.544921875 901.73602294922 899.66809082031 897.43658447266 895.14868164062 893.03680419922 891.42504882812 890.29577636719 889.52722167969 888.93975830078 888.46832275391 888.06213378906 887.71893310547 887.43853759766 887.22137451172 887.06396484375 886.91333007812 886.74279785156 886.52679443359 886.23223876953 885.80944824219 885.25347900391 884.53961181641 883.64154052734 882.49938964844 881.06237792969 879.44622802734 877.72283935547 876.02984619141 874.27087402344 872.25671386719 869.67834472656 865.57305908203 860.14770507812
877.03698730469 879.19641113281 881.59436035156 884.21606445312 887.01843261719 889.91723632812 892.81170654297 895.61700439453 898.22711181641 900.42950439453 902.20953369141 903.52966308594 904.36450195312 904.65979003906 904.37506103516 903.67700195312 902.59661865234 901.17028808594 899.40338134766 897.47888183594 895.57495117188 893.81488037109 892.30737304688 891.19598388672 890.41381835938 889.77728271484 889.24084472656 888.77044677734 888.3701171875 888.00769042969 887.67730712891 887.36236572266 887.04388427734 886.71630859375 886.30041503906 885.81958007812 885.26831054688 884.64233398438 883.90100097656 883.01995849609 881.98175048828 880.80029296875 879.54821777344 878.37255859375 877.38977050781 876.51629638672 875.60583496094 874.05090332031 871.20751953125 866.34442138672
873.77911376953 875.93505859375 878.30505371094 880.90637207031 883.73175048828 886.67626953125 889.66015625 892.57824707031 895.31420898438 897.77697753906 899.88452148438 901.41888427734 902.45458984375 903.00958251953 903.10516357422 902.75 901.9091796875 900.75665283203 899.36505126953 897.81652832031 896.18737792969 894.64154052734 893.36187744141 892.29107666016 891.41217041016 890.70275878906 890.10198974609 889.53997802734 889.00823974609 888.49664306641 888.02459716797 887.54028320312 886.98937988281 886.38525390625 885.72424316406 885.05114746094 884.28869628906 883.46673583984 882.5947265625 881.68609619141 880.75250244141 879.74298095703 878.73828125 877.94372558594 877.60766601562 877.64495849609 877.96313476562 878.02655029297 876.74560546875 872.52954101562
870.45184326172 872.59259033203 874.97064208984 877.62292480469 880.48516845703 883.50946044922 886.60821533203 889.69305419922 892.60778808594 895.24700927734 897.53405761719 899.40649414062 900.82495117188 901.63165283203 901.95935058594 901.86474609375 901.40203857422 900.615234375 899.46508789062 898.17120361328 896.85711669922 895.56756591797 894.36071777344 893.31439208984 892.42724609375 891.63311767578 890.89752197266 890.21063232422 889.56713867188 888.90539550781 888.20056152344 887.44683837891 886.65777587891 885.83221435547 884.87261962891 883.84167480469 882.76751708984 881.73602294922 880.73779296875 879.72180175781 878.74737548828 877.78643798828 876.99566650391 876.51513671875 876.49639892578 876.99920654297 878.02313232422 879.34967041016 881.08154296875 876.87890625
867.12329101562 869.23706054688 871.62036132812 874.32348632812 877.26763916016 880.42663574219 883.68005371094 886.88433837891 889.99981689453 892.91088867188 895.45092773438 897.54187011719 899.1826171875 900.349609375 901.05383300781 901.21496582031 900.97100830078 900.41003417969 899.60467529297 898.61541748047 897.46832275391 896.31555175781 895.23303222656 894.21832275391 893.26416015625 892.39556884766 891.57293701172 890.74633789062 889.90270996094 889.03509521484 888.14892578125 887.19891357422 886.08428955078 884.86224365234 883.59698486328 882.26043701172 880.88897705078 879.56677246094 878.31677246094 877.11285400391 876.01025390625 875.04083251953 874.29174804688 873.87200927734 873.98516845703 874.61975097656 875.67425537109 876.97192382812 877.76409912109 875.17755126953
863.80078125 865.90454101562 868.28942871094 871.04571533203 874.14031982422 877.46282958984 880.88885498047 884.30419921875 887.56671142578 890.63690185547 893.42626953125 895.85278320312 897.79058837891 899.18902587891 900.12298583984 900.60131835938 900.66351318359 900.31164550781 899.67022705078 898.83831787109 897.89654541016 896.89654541016 895.86480712891 894.85675048828 893.88189697266 892.90936279297 891.93090820312 890.97216796875 889.99279785156 888.96685791016 887.79638671875 886.51116943359 885.14416503906 883.67468261719 882.02252197266 880.33697509766 878.65447998047 876.93835449219 875.31018066406 873.90686035156 872.66705322266 871.58654785156 870.72961425781 870.18475341797 870.18499755859 870.64501953125 871.45208740234 872.03967285156 1.70141E+38 1.70141E+38
860.58178710938 862.63458251953 865.07641601562 867.92449951172 871.10400390625 874.54937744141 878.20446777344 881.82794189453 885.27667236328 888.58148193359 891.55285644531 894.17474365234 896.39489746094 898.15307617188 899.36968994141 900.02423095703 900.25390625 900.10876464844 899.64221191406 898.93023681641 898.07171630859 897.14074707031 896.17218017578 895.17077636719 894.13421630859 893.080078125 892.00500488281 890.89337158203 889.69171142578 888.43713378906 887.08221435547 885.59948730469 883.94195556641 882.1015625 880.16693115234 878.05291748047 875.94140625 873.92492675781 872.02465820312 870.28729248047 868.73626708984 867.46118164062 866.44091796875 865.72790527344 865.408203125 865.50341796875 865.92498779297 1.70141E+38 1.70141E+38 1.70141E+38
857.54888916016 859.60913085938 862.03167724609 864.90142822266 868.26019287109 871.89434814453 875.65673828125 879.44635009766 883.11334228516 886.53033447266 889.75445556641 892.67834472656 895.09307861328 897.04632568359 898.51123046875 899.47430419922 899.86151123047 899.75836181641 899.35260009766 898.72009277344 897.93469238281 897.05499267578 896.10815429688 895.10510253906 894.04156494141 892.89733886719 891.65667724609 890.36700439453 889.01202392578 887.57537841797 886.00061035156 884.24298095703 882.30072021484 880.20300292969 877.91796875 875.52606201172 873.08355712891 870.64245605469 868.32269287109 866.28643798828 864.47637939453 862.89080810547 861.52203369141 860.51220703125 859.98150634766 859.87579345703 1.70141E+38 1.70141E+38 1.70141E+38 1.70141E+38
854.74847412109 856.66021728516 859.23132324219 862.26837158203 865.685546875 869.39093017578 873.30108642578 877.21209716797 881.00738525391 884.60620117188 887.95880126953 891.03253173828 893.75073242188 896.04235839844 897.66369628906 898.70916748047 899.20574951172 899.21112060547 898.81726074219 898.15472412109 897.38397216797 896.53918457031 895.63763427734 894.66381835938 893.54724121094 892.29602050781 890.92614746094 889.45928955078 887.90106201172 886.24914550781 884.47100830078 882.5341796875 880.40173339844 878.05822753906 875.52514648438 872.79760742188 869.97241210938 867.18804931641 864.53094482422 862.07012939453 859.86474609375 857.96069335938 856.31549072266 854.99670410156 854.09100341797 853.83959960938 1.70141E+38 1.70141E+38 1.70141E+38 1.70141E+38
852.27972412109 854.26971435547 856.75616455078 859.88122558594 863.39910888672 867.18780517578 871.11938476562 875.08697509766 878.97357177734 882.66656494141 886.16467285156 889.41223144531 892.25640869141 894.67535400391 896.60534667969 897.95062255859 898.41467285156 898.24304199219 897.76403808594 897.09680175781 896.32891845703 895.5087890625 894.66339111328 893.73919677734 892.66131591797 891.33941650391 889.76165771484 888.07061767578 886.31744384766 884.49493408203 882.53857421875 880.46221923828 878.20690917969 875.70977783203 872.93524169922 869.94409179688 866.80517578125 863.61749267578 860.60998535156 857.80572509766 855.24383544922 852.93365478516 850.89758300781 849.27288818359 848.16662597656 1.70141E+38 1.70141E+38 1.70141E+38 1.70141E+38 1.70141E+38
850.27905273438 852.26605224609 854.91052246094 857.99853515625 861.43139648438 865.14031982422 869.07391357422 873.03314208984 876.88537597656 880.61883544922 884.193359375 887.4921875 890.51098632812 893.11065673828 895.19573974609 896.60107421875 897.06207275391 896.77990722656 896.18817138672 895.44097900391 894.658203125 893.89245605469 893.16339111328 892.37493896484 891.39739990234 889.98724365234 888.13665771484 886.22027587891 884.32208251953 882.31408691406 880.23168945312 878.04364013672 875.70166015625 873.15148925781 870.29901123047 867.10583496094 863.64404296875 860.12866210938 856.72680664062 853.53314208984 850.69097900391 848.12268066406 845.82763671875 843.83093261719 842.18572998047 1.70141E+38 1.70141E+38 1.70141E+38 1.70141E+38 1.70141E+38
848.43157958984 850.71142578125 853.27111816406 856.24957275391 859.61273193359 863.26483154297 867.0751953125 870.94372558594 874.76257324219 878.45874023438 882.00299072266 885.34899902344 888.31744384766 890.89019775391 893.00665283203 894.53887939453 894.88854980469 894.52954101562 893.88903808594 893.12127685547 892.33520507812 891.60028076172 890.97808837891 890.42010498047 889.83404541016 888.40362548828 886.21697998047 883.97515869141 881.85339355469 879.69689941406 877.49945068359 875.28662109375 872.99780273438 870.49353027344 867.61608886719 864.17730712891 860.41387939453 856.61193847656 852.95831298828 849.54107666016 846.43371582031 843.65466308594 841.224609375 839.08178710938 837.33477783203 1.70141E+38 1.70141E+38 1.70141E+38 1.70141E+38 1.70141E+38
846.64410400391 849.00793457031 851.62628173828 854.58666992188 857.82434082031 861.33782958984 865.05291748047 868.81500244141 872.48657226562 876.06231689453 879.51666259766 882.77502441406 885.64605712891 888.12054443359 890.11645507812 891.29949951172 891.74792480469 891.51751708984 890.88763427734 890.11169433594 889.31732177734 888.60583496094 888.03295898438 887.59558105469 887.21112060547 886.01556396484 883.70379638672 881.12103271484 878.86859130859 876.58862304688 874.37762451172 872.16510009766 869.93151855469 867.60119628906 864.80725097656 861.19494628906 857.17639160156 853.12756347656 849.25177001953 845.69500732422 842.51568603516 839.71697998047 837.36248779297 835.42602539062 833.99505615234 1.70141E+38 1.70141E+38 1.70141E+38 1.70141E+38 1.70141E+38
844.74847412109 847.23199462891 849.88513183594 852.80383300781 855.97808837891 859.37451171875 862.896484375 866.47503662109 870.03045654297 873.48706054688 876.77203369141 879.80603027344 882.58953857422 884.83831787109 886.51995849609 887.59057617188 887.99920654297 887.82238769531 887.23168945312 886.43951416016 885.63995361328 884.90655517578 884.26934814453 883.74450683594 883.13146972656 882.00305175781 879.86437988281 877.4921875 875.21954345703 873.00469970703 870.83874511719 868.67895507812 866.47778320312 864.16864013672 861.40795898438 857.75366210938 853.67181396484 849.58306884766 845.67346191406 842.08612060547 838.96899414062 836.34515380859 834.19787597656 832.5244140625 1.70141E+38 1.70141E+38 1.70141E+38 1.70141E+38 1.70141E+38 1.70141E+38
842.81994628906 845.33947753906 848.01208496094 850.88244628906 853.94274902344 857.21746826172 860.59973144531 864.02160644531 867.38256835938 870.60729980469 873.66845703125 876.49652099609 879.03533935547 881.06549072266 882.60302734375 883.541015625 883.84484863281 883.61456298828 883.03045654297 882.25103759766 881.36840820312 880.49005126953 879.60107421875 878.72052001953 877.81182861328 876.57482910156 874.86352539062 872.95703125 871.02532958984 868.99212646484 866.92651367188 864.83123779297 862.66339111328 860.24072265625 857.35729980469 853.84716796875 849.96423339844 845.98254394531 842.16925048828 838.74182128906 835.77770996094 833.3203125 831.51336669922 830.35614013672 1.70141E+38 1.70141E+38 1.70141E+38 1.70141E+38 1.70141E+38 1.70141E+38
840.80877685547 843.32849121094 845.99853515625 848.8271484375 851.80578613281 854.91705322266 858.09417724609 861.31811523438 864.48657226562 867.52966308594 870.38995361328 872.90496826172 875.09423828125 876.87945556641 878.22033691406 879.04461669922 879.28717041016 879.04302978516 878.42395019531 877.58782958984 876.58520507812 875.44970703125 874.31744384766 873.18218994141 872.01416015625 870.75830078125 869.41949462891 867.91003417969 866.2978515625 864.59118652344 862.78961181641 860.80090332031 858.60577392578 856.13537597656 853.27960205078 849.95684814453 846.23913574219 842.4501953125 838.81640625 835.51177978516 832.83209228516 830.80676269531 829.36315917969 828.52105712891 1.70141E+38 1.70141E+38 1.70141E+38 1.70141E+38 1.70141E+38 1.70141E+38
1.70141E+38 841.28216552734 843.89202880859 846.61944580078 849.48059082031 852.44183349609 855.45086669922 858.46502685547 861.43353271484 864.21588134766 866.77825927734 869.06530761719 871.03393554688 872.62255859375 873.67218017578 874.27386474609 874.44610595703 874.22106933594 873.63024902344 872.69268798828 871.53796386719 870.21887207031 868.79095458984 867.30999755859 865.95544433594 864.74798583984 863.64794921875 862.59503173828 861.47235107422 860.10791015625 858.53106689453 856.71868896484 854.64367675781 852.18951416016 849.32952880859 846.11962890625 842.64630126953 839.04583740234 835.65270996094 832.70825195312 830.32037353516 828.54223632812 827.40087890625 1.70141E+38 1.70141E+38 1.70141E+38 1.70141E+38 1.70141E+38 1.70141E+38 1.70141E+38
