gis/input_ras/wahp/raw_surf_ow/GM_Numerical_ 00 - Bedrock_younger.grd
DSAA
157 175
2880056.8709409 2983016.8709409
-256145.63012446 -141305.63012446
420.03063964844 857.8251953125
[rows 63 to 83 of 175, columns 47 to 93 of 157]
686.51171875 679.15948486328 671.84161376953 664.69787597656 657.8798828125 651.57647705078 645.70068359375 640.19573974609 634.98266601562 629.87213134766 624.72210693359 619.27935791016 613.41937255859 607.037109375 599.81701660156 592.06213378906 583.82653808594 575.06842041016 565.64807128906 554.91015625 543.20831298828 531.15887451172 519.45025634766 508.74395751953 500.51284790039 495.44439697266 493.91995239258 496.408203125 503.53479003906 516.84674072266 534.32641601562 555.35607910156 578.90179443359 604.87799072266 630.31176757812 653.01013183594 671.9951171875 686.61450195312 696.37188720703 704.15240478516 708.58679199219 709.38256835938 706.64642333984 700.77380371094 693.45794677734 687.12866210938 680.98944091797
679.13995361328 671.61541748047 664.15740966797 656.9794921875 650.21728515625 643.94586181641 638.21606445312 633.01062011719 628.29766845703 623.82568359375 619.44232177734 614.87139892578 609.87030029297 604.50439453125 598.67663574219 592.44805908203 585.66345214844 578.31433105469 570.49755859375 561.33245849609 550.16589355469 538.06457519531 526.42858886719 516.24200439453 508.08331298828 502.49557495117 500.62994384766 502.92868041992 508.88592529297 518.26104736328 530.88836669922 548.16741943359 567.15759277344 586.89923095703 607.83050537109 628.72985839844 647.73724365234 664.11859130859 678.17181396484 689.11340332031 695.73858642578 696.64465332031 692.45379638672 684.66473388672 675.94512939453 670.86596679688 666.09222412109
671.58483886719 663.94708251953 656.41833496094 649.16497802734 642.42211914062 636.267578125 630.81732177734 625.97204589844 621.66674804688 617.68041992188 613.923828125 610.21099853516 606.31304931641 602.01806640625 597.08709716797 591.83813476562 586.47283935547 580.79840087891 574.65386962891 566.75079345703 555.60626220703 543.71063232422 532.30200195312 522.16381835938 514.10443115234 509.10385131836 507.00860595703 507.78030395508 511.92230224609 519.20355224609 528.52893066406 539.71984863281 552.65899658203 568.79406738281 585.47576904297 603.75354003906 623.75701904297 644.46905517578 662.03656005859 676.42962646484 685.11590576172 686.97503662109 682.82977294922 674.54107666016 665.67333984375 659.22589111328 654.05035400391
663.97900390625 656.29376220703 648.72741699219 641.49713134766 634.82080078125 628.77655029297 623.49261474609 618.87652587891 614.96667480469 611.60791015625 608.58074951172 605.49621582031 602.26434326172 598.86743164062 595.15570068359 591.00933837891 586.35357666016 581.361328125 575.92010498047 568.62316894531 558.73889160156 547.35113525391 536.47283935547 527.02001953125 519.29956054688 514.00866699219 511.6686706543 512.09252929688 514.81481933594 518.69494628906 524.435546875 532.13714599609 540.92407226562 550.47576904297 562.24169921875 579.46984863281 600.06176757812 624.11547851562 648.25018310547 668.43481445312 679.01885986328 681.60198974609 676.30377197266 667.55029296875 658.3046875 650.86846923828 644.72320556641
656.57696533203 648.87957763672 641.31079101562 634.11389160156 627.48712158203 621.51013183594 616.38983154297 612.08843994141 608.53936767578 605.53863525391 602.91357421875 600.61791992188 598.3212890625 595.63067626953 592.54870605469 589.09436035156 585.23297119141 580.71411132812 575.15258789062 568.15014648438 559.25354003906 549.54071044922 539.65014648438 530.54913330078 523.05065917969 517.75335693359 515.07214355469 515.07232666016 516.76751708984 519.14599609375 521.52954101562 524.73394775391 529.04809570312 534.78741455078 542.67333984375 554.88677978516 578.73999023438 607.82171630859 636.3603515625 660.98583984375 677.34454345703 678.14868164062 671.31671142578 661.75280761719 651.98516845703 643.61834716797 636.77069091797
649.58081054688 641.9130859375 634.37939453125 627.16223144531 620.56225585938 614.73480224609 609.77209472656 605.611328125 602.22253417969 599.68823242188 597.64862060547 595.80926513672 593.98577880859 592.03234863281 589.8310546875 586.92565917969 583.40637207031 579.16107177734 573.93493652344 567.45770263672 559.47906494141 550.61907958984 541.55291748047 533.02630615234 525.66912841797 520.34497070312 517.29211425781 516.63494873047 518.08807373047 517.88714599609 518.47528076172 519.94006347656 521.99047851562 523.81982421875 525.78869628906 535.88232421875 559.30554199219 593.83813476562 626.88720703125 656.40106201172 672.76416015625 674.34747314453 665.71154785156 655.29284667969 645.36804199219 636.93298339844 630.02893066406
643.18029785156 635.55889892578 628.03881835938 620.92504882812 614.3857421875 608.54888916016 603.54449462891 599.60400390625 596.56964111328 594.23663330078 592.46508789062 591.12933349609 589.99389648438 588.51617431641 586.748046875 584.47735595703 581.53430175781 577.58380126953 572.55621337891 566.46636962891 559.34002685547 551.43798828125 543.08056640625 535.03839111328 527.86413574219 521.99884033203 517.83734130859 516.18054199219 516.14202880859 516.14379882812 516.52716064453 517.52313232422 518.78930664062 520.31072998047 523.01934814453 530.39923095703 554.36535644531 586.74798583984 617.69415283203 644.98577880859 662.61047363281 664.03771972656 656.92565917969 647.78131103516 638.40997314453 630.24957275391 624.07275390625
637.55395507812 630.01702880859 622.57067871094 615.41363525391 608.78363037109 603.10162353516 598.28674316406 594.35949707031 591.31298828125 589.21026611328 587.78796386719 586.83343505859 586.07080078125 585.23864746094 584.09838867188 582.22283935547 579.58880615234 576.09515380859 571.65753173828 566.03863525391 559.36907958984 552.03839111328 544.34368896484 536.63824462891 529.64569091797 523.65625 518.83520507812 515.52886962891 514.12164306641 515.17419433594 516.72601318359 518.6279296875 520.86248779297 523.75024414062 529.46142578125 541.34881591797 560.90832519531 586.09942626953 612.15264892578 633.48883056641 646.47875976562 650.58856201172 647.32708740234 639.84790039062 631.61761474609 624.60882568359 619.10241699219
632.88189697266 625.41333007812 617.9580078125 610.88250732422 604.36822509766 598.56463623047 593.59149169922 589.81158447266 586.87408447266 584.87878417969 583.56219482422 582.89605712891 582.62231445312 582.31701660156 581.677734375 580.4755859375 578.45635986328 575.26422119141 571.07409667969 565.91595458984 559.86541748047 552.99865722656 545.71038818359 538.60021972656 531.95819091797 525.96423339844 520.61956787109 516.18725585938 515.17932128906 517.05853271484 520.18688964844 523.40582275391 527.41064453125 532.81622314453 540.63134765625 551.95056152344 569.38555908203 589.80645751953 609.61694335938 626.63165283203 638.29779052734 641.29107666016 638.69665527344 633.01837158203 625.99060058594 619.46875 615.53265380859
629.18341064453 621.79266357422 614.41931152344 607.28356933594 600.68957519531 594.95477294922 590.10266113281 586.12005615234 583.05181884766 581.01782226562 579.96612548828 579.62585449219 579.76379394531 580.09747314453 580.01910400391 579.32946777344 577.75012207031 575.17877197266 571.54168701172 566.63403320312 560.76635742188 554.27478027344 547.47308349609 540.76879882812 534.69952392578 529.79650878906 525.65490722656 522.41937255859 520.515625 523.91107177734 527.41064453125 531.75048828125 537.15515136719 543.87921142578 553.158203125 565.41778564453 580.03002929688 596.09429931641 612.66326904297 625.30596923828 632.95733642578 635.86407470703 634.3837890625 629.27618408203 622.88970947266 617.84350585938 614.09643554688
626.43872070312 619.11907958984 611.74676513672 604.68048095703 598.15344238281 592.30700683594 587.28942871094 583.23852539062 580.23101806641 578.16333007812 577.05767822266 576.94885253906 577.48864746094 578.42755126953 579.12554931641 579.20928955078 578.14013671875 575.93170166016 572.505859375 567.97540283203 562.47222900391 556.12847900391 549.50036621094 543.29144287109 538.26654052734 534.96771240234 532.87829589844 532.56768798828 533.68090820312 534.46313476562 537.36517333984 541.99615478516 548.53094482422 556.94421386719 566.99499511719 578.62469482422 592.04553222656 605.70092773438 617.80938720703 627.48565673828 633.62335205078 635.35034179688 632.84362792969 628.27911376953 622.77087402344 617.83966064453 614.08636474609
624.525390625 617.29235839844 610.00836181641 602.93511962891 596.40209960938 590.56829833984 585.56787109375 581.41156005859 578.20727539062 576.06390380859 574.95092773438 575.06652832031 576.26440429688 577.87335205078 579.16766357422 579.80548095703 579.37316894531 577.71484375 574.59875488281 570.23577880859 564.79754638672 558.63232421875 552.16931152344 545.99743652344 541.42041015625 539.86901855469 540.61669921875 542.97613525391 545.01391601562 545.38531494141 548.32775878906 553.61169433594 561.00378417969 570.20422363281 580.96539306641 592.78918457031 604.81115722656 616.3291015625 626.52593994141 634.05065917969 637.47827148438 637.62756347656 634.71942138672 629.67102050781 623.73205566406 618.22436523438 614.23010253906
623.4267578125 616.25140380859 609.01611328125 601.99127197266 595.50982666016 589.66345214844 584.69897460938 580.52612304688 577.30255126953 575.03845214844 573.7236328125 574.10290527344 575.73553466797 578.26397705078 580.50549316406 581.78656005859 581.73352050781 580.40222167969 577.59881591797 573.44781494141 568.12286376953 562.05737304688 555.70385742188 549.76232910156 545.78887939453 545.22534179688 546.64288330078 549.54705810547 552.15740966797 554.97192382812 558.86370849609 564.99328613281 573.26574707031 583.64038085938 595.00329589844 606.818359375 618.44213867188 629.01470947266 637.15386962891 642.53802490234 644.63696289062 643.53814697266 639.23260498047 632.58508300781 625.07055664062 618.56604003906 613.97442626953
623.01391601562 615.92407226562 608.69189453125 601.74591064453 595.34191894531 589.50384521484 584.56958007812 580.57403564453 577.55163574219 575.33618164062 573.95202636719 573.69177246094 577.03186035156 580.24340820312 582.98626708984 584.88684082031 585.36395263672 584.31146240234 581.58483886719 577.55902099609 572.42022705078 566.48352050781 560.46258544922 555.15740966797 551.60565185547 550.69293212891 551.9658203125 554.80950927734 558.40277099609 562.56079101562 568.21429443359 576.17279052734 585.65185546875 596.78540039062 608.67779541016 620.97088623047 632.58288574219 642.32330322266 649.65350341797 654.08911132812 654.64367675781 651.38342285156 645.29638671875 637.35223388672 628.39440917969 619.26483154297 613.91546630859
623.33972167969 616.23077392578 609.00573730469 601.96417236328 595.50799560547 589.94866943359 585.25323486328 581.51892089844 578.72058105469 577.07690429688 576.45697021484 577.29919433594 580.21917724609 583.81823730469 587.08819580078 589.15606689453 589.83081054688 589.14373779297 586.83404541016 582.81915283203 577.55871582031 571.73937988281 565.87139892578 560.65692138672 557.23937988281 556.20111083984 557.16650390625 559.80596923828 564.00695800781 569.94317626953 577.43823242188 586.29724121094 597.05657958984 609.23583984375 622.18603515625 634.97003173828 646.83758544922 657.00494384766 664.08612060547 666.90447998047 665.83734130859 661.30651855469 653.81079101562 643.81365966797 633.32135009766 623.44512939453 617.61846923828
624.21545410156 617.12329101562 609.69085693359 602.59637451172 596.18933105469 590.62744140625 586.1298828125 582.9375 580.98089599609 580.12426757812 580.40118408203 582.00897216797 585.25244140625 588.826171875 592.14349365234 594.74322509766 596.08209228516 595.34039306641 592.80633544922 588.91912841797 583.66528320312 577.58947753906 571.51538085938 566.34228515625 562.62335205078 560.78472900391 561.33795166016 564.50994873047 569.56500244141 576.43920898438 584.93176269531 595.56018066406 607.71514892578 620.88397216797 634.66827392578 648.56488037109 661.41827392578 671.62451171875 678.41619873047 681.14239501953 679.36206054688 672.32830810547 662.82086181641 652.0927734375 641.24694824219 631.55609130859 626.81915283203
625.49591064453 618.21643066406 610.69549560547 603.34869384766 596.67657470703 591.47552490234 587.35821533203 584.67596435547 583.31939697266 583.33276367188 584.95922851562 587.42205810547 590.88952636719 594.78430175781 598.5869140625 601.45111083984 602.92736816406 602.70672607422 600.59344482422 596.31036376953 590.44372558594 583.89538574219 577.19177246094 571.04290771484 566.77734375 564.79119873047 565.24090576172 568.19934082031 573.60900878906 582.00598144531 591.87097167969 603.58538818359 616.60180664062 630.71508789062 645.71728515625 660.52960205078 674.31903076172 686.11517333984 694.20404052734 695.68237304688 691.67279052734 683.49786376953 672.64886474609 660.78247070312 650.04217529297 641.85949707031 637.04583740234
626.837890625 619.38171386719 611.56506347656 604.10040283203 597.48822021484 592.04272460938 588.04852294922 585.92785644531 585.71832275391 586.87432861328 589.19555664062 592.49377441406 596.60430908203 601.1123046875 605.43560791016 609.11492919922 611.36657714844 611.34869384766 608.98132324219 604.40905761719 597.99133300781 590.48974609375 582.61346435547 575.60913085938 570.19134521484 567.04064941406 567.13806152344 570.80816650391 577.28826904297 586.10418701172 597.10021972656 609.51544189453 623.54827880859 638.51806640625 654.15594482422 670.05401611328 685.05578613281 698.01849365234 707.16925048828 709.78125 704.31292724609 693.49468994141 680.89611816406 668.68121337891 657.90893554688 649.68054199219 645.501953125
627.85577392578 620.09313964844 612.20928955078 604.59606933594 597.85791015625 592.47961425781 588.78729248047 587.35614013672 587.69982910156 589.84057617188 593.10400390625 597.35455322266 602.20513916016 607.40832519531 612.39025878906 616.75653076172 619.76202392578 620.70550537109 618.62982177734 613.58697509766 605.82464599609 596.85400390625 587.568359375 579.10418701172 572.54949951172 568.72161865234 568.61419677734 572.34649658203 579.39172363281 588.96026611328 600.88336181641 614.00842285156 628.21099853516 643.45983886719 659.49761962891 675.71356201172 691.43878173828 706.09289550781 717.92272949219 721.09130859375 712.08020019531 699.57489013672 686.35485839844 673.88635253906 663.71276855469 656.56390380859 652.41143798828
627.84503173828 620.14379882812 612.29132080078 604.86352539062 598.3662109375 593.03424072266 589.31750488281 587.88555908203 589.55920410156 592.63970947266 596.70715332031 601.5498046875 606.96594238281 612.88818359375 618.78308105469 624.29595947266 628.30285644531 630.19403076172 628.45623779297 622.22332763672 613.26782226562 603.11608886719 592.65570068359 582.81951904297 574.32928466797 568.71264648438 568.46569824219 573.12127685547 581.26879882812 591.33880615234 603.2490234375 616.48461914062 630.71710205078 645.74481201172 661.38043212891 677.34826660156 692.91931152344 707.00445556641 717.9716796875 722.21801757812 712.70867919922 700.30529785156 687.83770751953 676.53247070312 667.11193847656 660.40930175781 656.61474609375
626.46606445312 619.24908447266 611.88714599609 604.85559082031 598.68902587891 593.69329833984 590.5771484375 589.75769042969 591.67761230469 595.06854248047 599.50299072266 604.96441650391 611.03167724609 617.44500732422 623.86102294922 629.96978759766 635.34582519531 639.5859375 637.59765625 630.57788085938 620.10949707031 608.65386962891 597.12463378906 586.40118408203 577.15325927734 570.10980224609 569.29272460938 574.67547607422 582.93182373047 593.09185791016 604.7138671875 617.38018798828 630.95672607422 645.40441894531 660.40393066406 675.25006103516 689.12091064453 701.11877441406 709.68438720703 711.572265625 705.85791015625 696.57177734375 685.70928955078 675.64245605469 667.42272949219 661.92944335938 658.41491699219
