gis/input_ras/wahp/raw_surf_ow/GM_Numerical_ 11 - Surface Clay_younger.grd
DSAA
157 175
2880056.8709409 2983016.8709409
-256145.63012446 -141305.63012446
905.16784667969 1004.046875
[rows 126 to 146 of 175, columns 47 to 93 of 157]
937.89569091797 937.67388916016 936.20007324219 936.63647460938 936.99731445312 934.87548828125 936.42584228516 935.49603271484 936.60552978516 936.79821777344 937.03332519531 938.13140869141 937.77392578125 935.63189697266 921.34527587891 916.20831298828 919.65936279297 921.42205810547 930.71295166016 921.74554443359 940.43524169922 940.22790527344 941.34753417969 941.66735839844 942.20452880859 943.28314208984 944.05828857422 944.84240722656 949.02014160156 951.46722412109 949.93627929688 950.05529785156 949.85235595703 950.31652832031 951.08410644531 950.99169921875 949.78143310547 949.48065185547 949.84283447266 950.47796630859 951.63653564453 952.31536865234 952.17681884766 952.33282470703 952.20556640625 953.07788085938 952.87567138672
937.16778564453 937.55926513672 936.04455566406 936.51123046875 936.39739990234 935.16961669922 935.52209472656 936.57171630859 937.12231445312 936.97277832031 936.73254394531 936.70495605469 937.60131835938 935.85327148438 933.67755126953 934.72772216797 924.40887451172 917.58349609375 935.37127685547 939.03057861328 939.65869140625 940.28491210938 940.60150146484 942.32739257812 943.14617919922 943.83923339844 944.95111083984 944.82897949219 947.79235839844 949.67608642578 950.30352783203 949.98504638672 949.33471679688 949.41046142578 950.45916748047 948.79278564453 950.16650390625 950.30212402344 949.89294433594 949.99291992188 951.44561767578 952.42126464844 952.75933837891 952.31317138672 952.81475830078 953.4150390625 953.53692626953
936.84625244141 938.21655273438 935.33660888672 936.60858154297 936.46643066406 936.07330322266 936.32147216797 938.20178222656 936.40740966797 937.19458007812 936.81707763672 936.75952148438 936.74536132812 935.29229736328 935.44079589844 913.60858154297 924.91583251953 922.80877685547 933.66564941406 939.53936767578 940.15362548828 941.04852294922 941.82769775391 942.25158691406 942.70532226562 943.73541259766 945.90661621094 947.39562988281 947.63537597656 947.77960205078 947.95678710938 948.39331054688 947.26098632812 949.25463867188 948.14324951172 949.06414794922 949.67962646484 949.13909912109 950.99981689453 951.51831054688 952.91290283203 954.33459472656 952.771484375 952.29388427734 954.48236083984 954.19586181641 954.42736816406
936.22412109375 935.49566650391 935.59674072266 936.36401367188 936.01440429688 935.11682128906 935.74926757812 936.66534423828 936.60778808594 936.68994140625 936.62866210938 936.56488037109 936.01690673828 937.60870361328 914.76281738281 925.07440185547 910.80511474609 920.50384521484 922.45947265625 937.86553955078 941.15191650391 941.31585693359 941.341796875 942.28051757812 943.40716552734 944.98657226562 944.11981201172 946.51501464844 946.24493408203 946.33850097656 946.32135009766 947.33020019531 947.01623535156 947.44427490234 947.23358154297 948.13659667969 949.14013671875 949.88793945312 951.56817626953 953.37152099609 953.11724853516 953.58172607422 952.80120849609 952.47015380859 953.63854980469 954.86645507812 954.98120117188
936.02020263672 935.98388671875 934.79425048828 935.37097167969 935.19787597656 935.35516357422 936.78216552734 936.77703857422 936.96630859375 936.87963867188 937.33764648438 936.28717041016 936.37036132812 936.11071777344 911.59045410156 921.57769775391 934.62896728516 937.57867431641 939.02740478516 939.92919921875 941.75622558594 941.70684814453 943.05731201172 944.02215576172 945.20550537109 942.94281005859 943.72882080078 945.18194580078 945.28741455078 946.14007568359 945.64385986328 946.46313476562 946.41650390625 947.75061035156 946.9267578125 948.06353759766 949.28253173828 951.10699462891 951.89477539062 953.59869384766 953.49713134766 953.68133544922 953.38073730469 953.75939941406 954.71868896484 955.27307128906 956.02160644531
936.84936523438 936.20806884766 934.30377197266 934.80041503906 935.25952148438 935.9892578125 936.77398681641 935.20178222656 934.98352050781 936.34228515625 933.51879882812 936.58685302734 935.72314453125 927.80352783203 916.34417724609 914.30035400391 912.24291992188 912.64733886719 940.72448730469 941.32202148438 942.50524902344 943.36871337891 943.39318847656 944.31848144531 943.58251953125 945.96588134766 944.90002441406 944.80462646484 944.42779541016 944.86608886719 944.89874267578 947.19677734375 946.14007568359 947.24047851562 947.08978271484 947.35009765625 949.94653320312 951.67889404297 952.75457763672 953.35687255859 953.64910888672 953.72009277344 953.52819824219 954.25866699219 955.72900390625 956.53521728516 956.75183105469
935.01385498047 935.66314697266 933.65759277344 934.20104980469 934.97973632812 936.25836181641 935.91027832031 935.69372558594 935.04742431641 932.88226318359 932.68829345703 937.72784423828 918.55065917969 919.87603759766 930.33764648438 918.77185058594 916.00207519531 910.11602783203 941.32049560547 941.33392333984 942.61242675781 944.22943115234 944.27703857422 945.36169433594 945.74096679688 944.068359375 944.27349853516 944.24835205078 943.71978759766 944.88787841797 944.99877929688 945.78094482422 947.95599365234 948.91119384766 947.41143798828 949.34576416016 952.65545654297 953.12396240234 953.22174072266 953.49578857422 954.00616455078 953.92034912109 953.87475585938 955.58294677734 958.57269287109 958.14965820312 956.86462402344
932.93786621094 935.25012207031 933.83929443359 933.66107177734 934.90057373047 936.35345458984 935.70263671875 934.96862792969 935.87042236328 935.91003417969 936.84332275391 937.95941162109 920.78405761719 928.81695556641 933.36065673828 938.27966308594 938.16387939453 939.05285644531 939.34887695312 941.0771484375 943.13629150391 943.50665283203 945.47729492188 944.30938720703 944.64227294922 943.79962158203 943.66125488281 943.78698730469 943.83917236328 943.92468261719 944.78375244141 944.45355224609 947.03460693359 948.42071533203 949.28295898438 954.29705810547 956.73980712891 958.71319580078 957.92352294922 955.33380126953 954.69030761719 954.69439697266 955.38958740234 957.85076904297 959.86938476562 958.24182128906 957.130859375
932.72802734375 934.82733154297 933.23406982422 933.33129882812 933.78735351562 933.90588378906 935.49993896484 935.78344726562 936.51348876953 936.46667480469 936.80236816406 937.85125732422 909.32073974609 938.62878417969 921.59588623047 937.67028808594 938.45977783203 940.84844970703 940.40600585938 939.90209960938 941.47119140625 939.96569824219 944.70648193359 943.25170898438 943.06066894531 943.53204345703 943.46441650391 943.26031494141 943.56256103516 944.28179931641 943.54772949219 944.51300048828 947.36376953125 948.80902099609 951.49060058594 955.72338867188 959.47723388672 961.39794921875 966.47259521484 958.78924560547 956.67047119141 956.94604492188 1.70141E+38 960.54779052734 961.35766601562 960.22833251953 958.77282714844
932.09112548828 934.43023681641 933.71923828125 933.73712158203 933.31665039062 934.61370849609 935.40301513672 936.47406005859 917.75561523438 908.79467773438 910.25457763672 914.40374755859 918.89611816406 938.51025390625 934.47570800781 938.16851806641 937.41381835938 939.45422363281 939.24401855469 939.64086914062 940.57135009766 940.67706298828 942.99102783203 943.52600097656 943.626953125 943.357421875 942.93896484375 943.46978759766 943.17395019531 943.29968261719 943.01281738281 943.56634521484 947.30407714844 948.99713134766 951.66772460938 957.55364990234 961.39764404297 962.44494628906 964.31951904297 965.28521728516 963.74755859375 962.11901855469 961.31402587891 1.70141E+38 962.55065917969 961.43859863281 1.70141E+38
931.92181396484 934.15985107422 933.66455078125 932.05554199219 933.29315185547 933.36468505859 936.00622558594 936.78875732422 911.46435546875 915.83972167969 924.72668457031 924.79504394531 916.05480957031 922.71527099609 933.89691162109 937.67333984375 938.27478027344 938.12829589844 938.55474853516 939.54058837891 939.09558105469 941.07794189453 941.92590332031 943.435546875 943.68377685547 943.41137695312 942.76959228516 943.060546875 943.30865478516 942.900390625 942.71820068359 945.13635253906 946.92895507812 948.75579833984 949.95025634766 956.64105224609 962.03002929688 963.23974609375 964.75872802734 966.04345703125 967.24877929688 966.66766357422 963.57586669922 1.70141E+38 1.70141E+38 963.77758789062 1.70141E+38
932.81121826172 934.32629394531 933.4912109375 933.541015625 917.94708251953 918.73547363281 934.25610351562 935.75433349609 930.2626953125 920.59698486328 936.35540771484 936.19830322266 937.42877197266 935.89538574219 935.99029541016 937.96099853516 938.26135253906 939.19403076172 937.99053955078 938.34344482422 939.08758544922 940.7060546875 941.42340087891 942.25421142578 942.52014160156 943.31597900391 943.28503417969 942.94165039062 943.24194335938 942.30633544922 942.51416015625 945.47698974609 946.05413818359 948.17071533203 948.78179931641 952.30120849609 956.16033935547 962.42828369141 965.86627197266 967.67175292969 968.04229736328 969.68811035156 968.25860595703 966.31622314453 964.966796875 964.32061767578 1.70141E+38
933.19244384766 935.37023925781 934.65447998047 935.73321533203 933.84741210938 916.76251220703 912.85986328125 921.42712402344 919.24603271484 919.73992919922 936.04864501953 938.27850341797 938.92846679688 935.84808349609 936.76898193359 937.98870849609 938.37133789062 938.38568115234 938.72094726562 938.52410888672 939.08508300781 940.53741455078 941.37707519531 941.67498779297 942.10089111328 943.08697509766 943.30462646484 943.65386962891 944.17004394531 942.82501220703 942.60980224609 945.84149169922 946.69842529297 946.76666259766 947.01873779297 949.78991699219 952.07635498047 954.82104492188 962.31268310547 965.83605957031 968.12738037109 969.4736328125 969.12829589844 968.77337646484 966.94000244141 965.1513671875 963.32067871094
934.10650634766 934.58453369141 935.171875 934.4716796875 934.73028564453 913.54467773438 921.36785888672 911.89691162109 922.32232666016 937.91497802734 938.56048583984 938.25494384766 938.62426757812 936.51666259766 934.21466064453 939.36199951172 937.91217041016 938.48608398438 938.19635009766 939.0029296875 939.41827392578 940.78820800781 941.17041015625 941.91137695312 942.34759521484 943.05603027344 943.326171875 943.49401855469 941.04602050781 941.82983398438 943.16046142578 945.12945556641 945.14916992188 945.63793945312 946.14721679688 948.14007568359 949.40832519531 953.00372314453 954.68731689453 962.37371826172 969.44830322266 969.23626708984 969.36553955078 969.86254882812 970.91064453125 968.54650878906 966.68389892578
935.62603759766 935.96643066406 934.08441162109 936.83990478516 936.31353759766 935.25958251953 932.83270263672 918.70574951172 915.87133789062 932.41424560547 938.27655029297 939.23577880859 938.98565673828 936.69689941406 935.00915527344 938.56671142578 938.07537841797 938.26593017578 938.58660888672 938.67565917969 939.41198730469 940.6787109375 941.27136230469 943.5185546875 941.69775390625 942.80078125 943.97607421875 944.45001220703 942.12670898438 943.5048828125 945.50213623047 947.68353271484 946.45129394531 945.87030029297 946.07476806641 947.50939941406 948.04754638672 950.04144287109 951.1611328125 1.70141E+38 959.21496582031 970.15826416016 969.35729980469 970.23504638672 971.36920166016 972.29461669922 969.81225585938
935.69952392578 936.66754150391 932.75250244141 937.10717773438 935.49420166016 934.10638427734 913.1796875 913.49432373047 921.40637207031 909.20440673828 938.35327148438 939.26397705078 938.87707519531 937.93927001953 934.58361816406 938.72729492188 938.15112304688 938.16674804688 938.41918945312 938.75140380859 939.45324707031 940.42266845703 940.89855957031 940.8515625 941.25512695312 941.90734863281 942.38061523438 944.27380371094 942.38159179688 941.68402099609 944.57330322266 944.60205078125 945.17993164062 945.19683837891 945.70434570312 947.00677490234 947.89721679688 948.95483398438 950.44244384766 950.95709228516 1.70141E+38 1.70141E+38 967.22674560547 971.33142089844 970.71008300781 971.47351074219 971.98791503906
936.11950683594 936.05798339844 932.89599609375 935.68420410156 935.11932373047 935.05523681641 915.30908203125 921.2470703125 908.39984130859 919.677734375 938.07434082031 939.21148681641 938.99176025391 938.8662109375 935.35437011719 938.67010498047 938.38891601562 938.23950195312 938.80999755859 939.46270751953 940.02301025391 940.33502197266 940.80029296875 941.17376708984 941.06506347656 941.52221679688 942.24493408203 943.76470947266 941.94342041016 942.49884033203 945.46270751953 944.10626220703 944.32312011719 945.35418701172 946.1533203125 947.06756591797 947.98760986328 949.28265380859 951.83551025391 953.11138916016 953.0400390625 953.83648681641 956.00592041016 964.98291015625 970.72088623047 971.26629638672 972.248046875
935.18969726562 937.56988525391 932.63781738281 934.80700683594 936.13299560547 935.48571777344 934.48382568359 915.69390869141 920.72918701172 916.44390869141 938.27124023438 939.00421142578 939.00762939453 937.78686523438 936.77722167969 939.29577636719 939.04974365234 938.39263916016 938.77679443359 939.40808105469 940.11096191406 940.54541015625 940.99786376953 940.98443603516 940.52154541016 941.50555419922 942.24359130859 943.33258056641 941.80212402344 942.83258056641 944.48101806641 943.73101806641 944.80078125 945.68389892578 945.48986816406 947.10003662109 948.57940673828 950.46112060547 949.39489746094 954.58782958984 954.24658203125 955.00085449219 954.76171875 955.63793945312 962.58850097656 970.62768554688 972.24346923828
935.39166259766 934.88922119141 932.06860351562 933.92242431641 936.16796875 935.85534667969 934.98657226562 933.05773925781 920.5771484375 917.38519287109 938.12091064453 938.94085693359 939.71649169922 939.55145263672 937.02478027344 939.0693359375 938.94573974609 938.55914306641 938.92889404297 938.85388183594 938.71905517578 939.84936523438 940.50463867188 941.05328369141 941.09301757812 941.73400878906 942.28631591797 942.60272216797 942.19299316406 943.12396240234 945.53051757812 944.72631835938 944.67150878906 946.26403808594 947.6142578125 949.81781005859 953.40667724609 953.18341064453 953.44128417969 954.94647216797 955.15411376953 955.85321044922 955.93841552734 954.61273193359 956.37683105469 959.93902587891 966.09655761719
933.00445556641 933.5458984375 933.17913818359 932.05926513672 936.22033691406 936.20819091797 934.92767333984 934.42138671875 914.88702392578 912.67340087891 938.34765625 938.88873291016 939.37829589844 939.38153076172 939.95617675781 939.41595458984 935.77136230469 939.09143066406 938.36828613281 939.33923339844 939.80609130859 939.98260498047 940.51068115234 941.02349853516 941.06878662109 941.64331054688 942.16687011719 941.72033691406 941.73931884766 942.96594238281 944.37530517578 946.56982421875 945.31616210938 945.87005615234 947.861328125 951.13873291016 953.09399414062 951.28973388672 955.78967285156 956.80230712891 956.47827148438 956.51318359375 955.95770263672 954.73211669922 955.10363769531 956.52087402344 959.07165527344
932.38696289062 932.35949707031 935.70947265625 933.3681640625 933.42077636719 934.40740966797 930.71771240234 915.26251220703 916.39538574219 913.12939453125 924.84631347656 939.36871337891 939.47857666016 939.48596191406 939.54541015625 939.13140869141 936.36871337891 938.90454101562 939.12652587891 940.30657958984 940.68273925781 940.82739257812 941.19799804688 941.04193115234 941.27600097656 941.26361083984 942.53912353516 941.91534423828 941.765625 941.98468017578 943.93084716797 944.51715087891 946.69610595703 948.36590576172 949.50280761719 952.21014404297 952.72509765625 950.00799560547 954.29095458984 955.51953125 957.0302734375 955.92053222656 956.30688476562 955.10845947266 956.10467529297 955.94683837891 956.07067871094
