gis/input_ras/wahp/raw_surf_ow/GM_Numerical_ 03 - Lower Clay_younger.grd
DSAA
157 175
2880056.8709409 2983016.8709409
-256145.63012446 -141305.63012446
595.52587890625 876.60534667969
[rows 105 to 125 of 175, columns 0 to 46 of 157]
782.65295410156 782.54022216797 782.57232666016 782.74700927734 783.07263183594 783.583984375 784.29431152344 785.20208740234 786.30444335938 787.60656738281 789.138671875 790.88287353516 792.79028320312 794.82305908203 796.94592285156 799.11236572266 801.26623535156 803.36614990234 805.39190673828 807.32958984375 809.18109130859 810.93585205078 812.63824462891 814.30389404297 815.97302246094 817.68975830078 819.42791748047 821.21246337891 823.02532958984 824.85455322266 826.60687255859 828.14373779297 829.41735839844 830.33465576172 830.7587890625 830.46270751953 829.37780761719 827.50207519531 824.76135253906 820.98931884766 816.16033935547 810.45288085938 803.95526123047 796.67156982422 788.38854980469 779.11297607422 768.99871826172
782.49212646484 782.33319091797 782.32702636719 782.48040771484 782.8046875 783.30212402344 783.97833251953 784.86462402344 785.95941162109 787.28570556641 788.81488037109 790.53582763672 792.4482421875 794.49566650391 796.63568115234 798.80157470703 800.95172119141 803.03924560547 805.03643798828 806.90679931641 808.67852783203 810.35650634766 811.96661376953 813.50823974609 814.99224853516 816.47521972656 818.00067138672 819.6162109375 821.22686767578 822.77423095703 824.22332763672 825.52758789062 826.59606933594 827.20178222656 827.26971435547 826.77239990234 825.58642578125 823.59686279297 820.61828613281 816.71453857422 811.87933349609 806.01971435547 799.28381347656 791.46423339844 782.73602294922 773.12628173828 762.69744873047
782.55804443359 782.36309814453 782.32598876953 782.44018554688 782.72332763672 783.19891357422 783.85656738281 784.732421875 785.81091308594 787.10888671875 788.62731933594 790.34399414062 792.24847412109 794.28295898438 796.41174316406 798.56976318359 800.70159912109 802.74859619141 804.6904296875 806.51477050781 808.23382568359 809.83392333984 811.30291748047 812.66943359375 813.99969482422 815.31890869141 816.61779785156 817.91821289062 819.23175048828 820.56018066406 821.78295898438 822.73614501953 823.39642333984 823.7109375 823.56683349609 822.87585449219 821.44458007812 819.36163330078 816.47265625 812.60290527344 807.78704833984 801.86364746094 794.9580078125 787.02404785156 778.10363769531 768.23120117188 757.48529052734
782.85485839844 782.61175537109 782.54663085938 782.63061523438 782.87310791016 783.30200195312 783.92626953125 784.77966308594 785.83782958984 787.11041259766 788.60290527344 790.29815673828 792.18273925781 794.19696044922 796.29827880859 798.42059326172 800.51055908203 802.51806640625 804.41748046875 806.17700195312 807.81146240234 809.31427001953 810.68988037109 811.95159912109 813.07659912109 814.11968994141 815.18310546875 816.26104736328 817.33184814453 818.26348876953 819.0595703125 819.70324707031 820.07464599609 820.08587646484 819.54876708984 818.57995605469 817.07196044922 814.97045898438 812.17938232422 808.58081054688 803.97039794922 798.13171386719 791.28265380859 783.39532470703 774.46600341797 764.46118164062 753.64080810547
783.40252685547 783.11285400391 782.97210693359 782.98992919922 783.21032714844 783.61029052734 784.19866943359 784.99755859375 786.02447509766 787.29748535156 788.76672363281 790.42169189453 792.25561523438 794.23205566406 796.29748535156 798.37756347656 800.42633056641 802.37023925781 804.18103027344 805.87353515625 807.44470214844 808.88067626953 810.12103271484 811.20983886719 812.181640625 813.06402587891 813.88079833984 814.58447265625 815.27899169922 815.90356445312 816.38684082031 816.63952636719 816.50817871094 816.07788085938 815.28161621094 814.09283447266 812.4541015625 810.3701171875 807.73376464844 804.42535400391 800.23901367188 794.84820556641 788.14001464844 780.40869140625 771.72344970703 762.03869628906 751.25396728516
784.1474609375 783.79272460938 783.59887695312 783.56176757812 783.69488525391 784.03924560547 784.63250732422 785.43237304688 786.43695068359 787.64691162109 789.07312011719 790.71697998047 792.51434326172 794.43341064453 796.435546875 798.44976806641 800.41827392578 802.28778076172 804.03900146484 805.66662597656 807.12438964844 808.42590332031 809.5673828125 810.55151367188 811.37506103516 811.99914550781 812.53448486328 812.98864746094 813.35552978516 813.56713867188 813.56030273438 813.34698486328 812.85461425781 812.04949951172 810.8466796875 809.28582763672 807.42175292969 805.26257324219 802.81359863281 800.16632080078 796.64361572266 791.37835693359 784.90435791016 777.70037841797 770.13305664062 760.7529296875 750.23333740234
785.16101074219 784.69201660156 784.36700439453 784.22503662109 784.33148193359 784.67401123047 785.23889160156 786.00030517578 787.009765625 788.22985839844 789.63098144531 791.19866943359 792.91735839844 794.78930664062 796.71966552734 798.65435791016 800.54742431641 802.34674072266 803.97540283203 805.47863769531 806.84271240234 808.05291748047 809.07525634766 809.8818359375 810.51586914062 810.97869873047 811.27984619141 811.41485595703 811.384765625 811.17987060547 810.771484375 810.12908935547 809.14208984375 807.81390380859 806.18475341797 804.26574707031 802.07391357422 799.61273193359 797.12878417969 794.77319335938 791.93743896484 787.59033203125 780.90014648438 774.57092285156 768.16937255859 760.60668945312 750.14239501953
786.38653564453 785.81707763672 785.37939453125 785.09643554688 785.05236816406 785.40539550781 786.04949951172 786.85760498047 787.84149169922 789.00512695312 790.36804199219 791.90704345703 793.57427978516 795.34399414062 797.18200683594 799.04205322266 800.82232666016 802.49432373047 804.03558349609 805.4345703125 806.67517089844 807.71795654297 808.58264160156 809.26080322266 809.74597167969 809.99670410156 810.0244140625 809.85693359375 809.48626708984 808.91119384766 808.04113769531 806.86956787109 805.40502929688 803.63189697266 801.56945800781 799.08825683594 796.32012939453 793.36535644531 790.32702636719 787.49035644531 784.43695068359 780.03863525391 774.92926025391 769.69934082031 764.56463623047 757.67962646484 749.63629150391
787.95739746094 787.23309326172 786.65930175781 786.23205566406 786.16931152344 786.51788330078 787.14892578125 787.93292236328 788.91351318359 790.07800292969 791.39038085938 792.83489990234 794.41882324219 796.12121582031 797.85833740234 799.58557128906 801.26013183594 802.84271240234 804.25445556641 805.49145507812 806.57281494141 807.48968505859 808.22961425781 808.72174072266 808.98333740234 809.02551269531 808.83831787109 808.43841552734 807.69799804688 806.67108154297 805.36517333984 803.77575683594 801.92919921875 799.59783935547 796.92974853516 793.91357421875 790.57476806641 787.01971435547 783.14270019531 779.15576171875 775.22705078125 771.54467773438 767.53363037109 763.58135986328 759.21569824219 754.2939453125 748.28582763672
789.84075927734 789.02557373047 788.37982177734 787.94360351562 787.76733398438 788.07019042969 788.62469482422 789.37591552734 790.30181884766 791.392578125 792.65734863281 794.04193115234 795.53143310547 797.10095214844 798.72576904297 800.36206054688 801.90502929688 803.32196044922 804.59918212891 805.71575927734 806.67639160156 807.40588378906 807.93438720703 808.25848388672 808.36688232422 808.24676513672 807.78186035156 807.03637695312 805.99389648438 804.66589355469 803.02423095703 800.94171142578 798.52508544922 795.77319335938 792.70849609375 789.2177734375 785.24102783203 780.92059326172 776.25915527344 771.38793945312 766.58966064453 763.27996826172 760.67297363281 757.75231933594 754.3134765625 750.62908935547 747.17205810547
792.11859130859 791.19006347656 790.49102783203 790.02825927734 789.87091064453 790.02819824219 790.45257568359 791.14270019531 792.01672363281 793.05133056641 794.20776367188 795.47399902344 796.87963867188 798.36157226562 799.85235595703 801.31256103516 802.712890625 804.01879882812 805.18438720703 806.12518310547 806.88812255859 807.47088623047 807.86468505859 808.04071044922 807.91821289062 807.54095458984 806.88635253906 805.93548583984 804.63671875 802.912109375 800.83135986328 798.41314697266 795.66589355469 792.51477050781 788.92633056641 784.96606445312 780.64758300781 775.98010253906 770.89331054688 765.46673583984 760.33050537109 757.26928710938 755.11431884766 752.71612548828 750.37707519531 748.38433837891 746.49853515625
794.77349853516 793.78503417969 793.00830078125 792.48175048828 792.25994873047 792.34722900391 792.69451904297 793.27429199219 794.03601074219 794.97998046875 796.05401611328 797.234375 798.49890136719 799.81774902344 801.18493652344 802.52667236328 803.79650878906 804.91088867188 805.89031982422 806.71502685547 807.36071777344 807.8037109375 807.99487304688 807.97015380859 807.70520019531 807.17962646484 806.32806396484 805.0927734375 803.50207519531 801.54211425781 799.21203613281 796.42687988281 793.22650146484 789.71374511719 785.87567138672 781.68322753906 777.09387207031 772.25402832031 767.23321533203 762.12811279297 757.4423828125 754.19927978516 751.63256835938 749.40411376953 747.517578125 746.25024414062 746.53771972656
797.76080322266 796.71221923828 795.89959716797 795.32525634766 795.01123046875 794.9873046875 795.24011230469 795.73529052734 796.40612792969 797.2216796875 798.15167236328 799.21643066406 800.37524414062 801.58233642578 802.79364013672 803.93884277344 805.02972412109 806.01629638672 806.87030029297 807.54791259766 808.01843261719 808.30120849609 808.37933349609 808.23986816406 807.82049560547 807.09094238281 806.0390625 804.64923095703 802.89855957031 800.67510986328 798.00152587891 794.93072509766 791.50823974609 787.76239013672 783.6416015625 779.25512695312 774.63598632812 769.86273193359 765.01867675781 760.46343994141 756.35089111328 752.97436523438 750.19958496094 747.77423095703 745.76770019531 746.15142822266 747.65753173828
801.05401611328 799.966796875 799.06787109375 798.42602539062 798.07690429688 797.97692871094 798.11163330078 798.45843505859 798.99584960938 799.71063232422 800.54644775391 801.48614501953 802.49487304688 803.53747558594 804.58801269531 805.59698486328 806.53656005859 807.35003662109 808.02069091797 808.54620361328 808.90747070312 809.09112548828 809.0400390625 808.73956298828 808.18621826172 807.35583496094 806.22052001953 804.66442871094 802.67053222656 800.26690673828 797.45129394531 794.22998046875 790.53015136719 786.52722167969 782.28802490234 777.84826660156 773.25817871094 768.6748046875 764.20513916016 760.00506591797 756.22625732422 753.02612304688 750.455078125 748.32482910156 747.05847167969 747.55505371094 750.27752685547
804.50543212891 803.40374755859 802.5 801.80865478516 801.34259033203 801.11932373047 801.17974853516 801.43072509766 801.85290527344 802.42718505859 803.13604736328 803.958984375 804.83178710938 805.72637939453 806.61486816406 807.44586181641 808.20013427734 808.85559082031 809.39556884766 809.80487060547 810.02337646484 810.05963134766 809.90533447266 809.54052734375 808.94281005859 807.98870849609 806.69763183594 805.04962158203 803.01641845703 800.56292724609 797.55200195312 794.12854003906 790.34423828125 786.25384521484 781.91479492188 777.41986083984 772.91711425781 768.50323486328 764.27984619141 760.4248046875 757.12640380859 754.38140869141 752.23046875 750.74029541016 750.3818359375 751.84716796875 754.65509033203
808.16778564453 806.99505615234 806.00183105469 805.26226806641 804.76342773438 804.47991943359 804.40405273438 804.52416992188 804.869140625 805.35266113281 805.94219970703 806.61090087891 807.33520507812 808.08038330078 808.79193115234 809.45697021484 810.05688476562 810.57824707031 810.95764160156 811.21069335938 811.32867431641 811.29779052734 811.08923339844 810.62438964844 809.92401123047 808.95654296875 807.68853759766 806.02746582031 803.89227294922 801.33636474609 798.35375976562 794.95013427734 791.08880615234 786.88653564453 782.49749755859 778.01525878906 773.53796386719 769.24554443359 765.30834960938 761.80456542969 758.82434082031 756.45465087891 754.97027587891 754.45922851562 755.02264404297 756.74780273438 759.68109130859
811.83349609375 810.64788818359 809.64752197266 808.83905029297 808.23376464844 807.87268066406 807.74475097656 807.79943847656 808.01098632812 808.35601806641 808.8427734375 809.38494873047 809.95184326172 810.52227783203 811.0751953125 811.61145019531 812.03863525391 812.38659667969 812.64575195312 812.80676269531 812.84136962891 812.70764160156 812.42065429688 811.95849609375 811.28161621094 810.30297851562 808.99645996094 807.34753417969 805.32098388672 802.84283447266 799.84875488281 796.40570068359 792.5810546875 788.43139648438 784.02502441406 779.52087402344 775.09552001953 770.89038085938 767.03668212891 763.70281982422 761.12237548828 759.34411621094 758.42468261719 758.43609619141 759.51306152344 761.96923828125 765.31048583984
815.49401855469 814.28625488281 813.23760986328 812.3935546875 811.76690673828 811.3369140625 811.09405517578 811.05261230469 811.18670654297 811.43511962891 811.76489257812 812.15051269531 812.59027099609 813.03460693359 813.42126464844 813.76513671875 814.05603027344 814.29650878906 814.44464111328 814.48052978516 814.42376708984 814.26385498047 813.95764160156 813.47448730469 812.78674316406 811.87347412109 810.68395996094 809.10137939453 807.11846923828 804.70825195312 801.86596679688 798.55572509766 794.7763671875 790.64215087891 786.27935791016 781.80328369141 777.36138916016 773.16070556641 769.439453125 766.31652832031 763.92071533203 762.42517089844 761.90203857422 762.64642333984 764.42468261719 767.17987060547 770.69989013672
818.98999023438 817.79541015625 816.76214599609 815.88452148438 815.18884277344 814.70916748047 814.41302490234 814.28448486328 814.28820800781 814.41937255859 814.65228271484 814.92785644531 815.19842529297 815.46173095703 815.72082519531 815.95196533203 816.11486816406 816.20196533203 816.23205566406 816.20367431641 816.09582519531 815.88250732422 815.56066894531 815.11993408203 814.48522949219 813.63159179688 812.50860595703 811.07745361328 809.29364013672 807.00073242188 804.2734375 801.07196044922 797.4521484375 793.44854736328 789.12445068359 784.67266845703 780.25671386719 776.0634765625 772.30383300781 769.22357177734 766.94445800781 765.78784179688 765.7265625 766.76086425781 768.87457275391 772.04150390625 775.86450195312
822.27874755859 821.12030029297 820.08709716797 819.20092773438 818.48199462891 817.93988037109 817.55938720703 817.36401367188 817.29760742188 817.33599853516 817.43322753906 817.56695556641 817.72662353516 817.87609863281 817.98010253906 818.04138183594 818.07971191406 818.08239746094 818.03466796875 817.91748046875 817.74786376953 817.5205078125 817.20703125 816.78753662109 816.2294921875 815.50573730469 814.50805664062 813.19696044922 811.54327392578 809.47448730469 806.97998046875 803.93334960938 800.45056152344 796.58746337891 792.40472412109 788.00476074219 783.57781982422 779.36376953125 775.56512451172 772.43841552734 770.15484619141 769.16931152344 769.31768798828 770.66845703125 773.10113525391 776.40789794922 780.36273193359
825.296875 824.17517089844 823.16033935547 822.27294921875 821.54248046875 820.96661376953 820.53942871094 820.25970458984 820.10815429688 820.07678222656 820.09649658203 820.13836669922 820.15155029297 820.13177490234 820.10888671875 820.06439208984 819.99462890625 819.87628173828 819.73150634766 819.56390380859 819.36083984375 819.1171875 818.82220458984 818.45739746094 817.96887207031 817.32696533203 816.48657226562 815.38122558594 813.89556884766 811.98828125 809.66876220703 806.92120361328 803.74133300781 800.0458984375 795.98089599609 791.66943359375 787.23602294922 782.8984375 779.04986572266 775.86395263672 773.51281738281 772.46313476562 772.86645507812 774.46997070312 777.00885009766 780.3662109375 784.41784667969
