gis/input_ras/wahp/raw_surf_ow/GM_Numerical_ 11 - Surface Clay_younger.grd
DSAA
157 175
2880056.8709409 2983016.8709409
-256145.63012446 -141305.63012446
905.16784667969 1004.046875
[rows 84 to 104 of 175, columns 94 to 140 of 157]
950.06555175781 950.3193359375 950.85241699219 950.01837158203 949.39544677734 949.69891357422 948.02862548828 950.25030517578 952.69805908203 953.98278808594 955.34655761719 956.71026611328 957.24279785156 957.11651611328 957.85363769531 957.447265625 958.01641845703 958.83990478516 959.52783203125 959.33477783203 960.62316894531 960.93365478516 961.06549072266 962.07470703125 963.02490234375 964.12451171875 963.5947265625 964.84295654297 964.95770263672 964.52868652344 965.31634521484 965.95843505859 965.29827880859 966.86016845703 967.48315429688 968.87512207031 969.14178466797 969.68591308594 969.92083740234 969.62066650391 969.56890869141 970.85174560547 970.95648193359 971.47637939453 972.83197021484 970.95910644531 971.49951171875
949.82855224609 950.86077880859 950.46984863281 949.55895996094 945.04260253906 949.93908691406 951.56298828125 950.10095214844 953.80676269531 955.21887207031 955.71246337891 956.98498535156 956.57824707031 956.85174560547 957.82397460938 958.34661865234 958.62530517578 958.89031982422 959.22692871094 959.75299072266 960.76904296875 960.77667236328 961.17047119141 962.14849853516 962.82574462891 962.0615234375 963.13494873047 964.15985107422 964.63616943359 964.74060058594 965.35064697266 966.07403564453 965.75653076172 966.66241455078 967.39245605469 967.78503417969 969.05218505859 969.87280273438 969.30432128906 969.92181396484 969.75378417969 970.42785644531 970.34387207031 971.00079345703 971.27044677734 971.078125 971.16931152344
950.44049072266 950.20324707031 949.91528320312 948.97906494141 949.34838867188 950.67388916016 952.28588867188 952.24969482422 949.18487548828 954.79962158203 955.18243408203 952.63201904297 953.45202636719 957.01397705078 957.42797851562 958.72003173828 958.21624755859 959.29974365234 959.01635742188 959.57067871094 954.416015625 960.75500488281 961.48040771484 961.6611328125 963.12408447266 963.76873779297 963.90148925781 961.74194335938 963.37567138672 966.06762695312 966.58276367188 965.88397216797 965.83404541016 967.87042236328 968.04229736328 968.22314453125 968.62298583984 969.15057373047 969.18786621094 969.62939453125 969.17962646484 970.08404541016 969.76428222656 969.29797363281 971.19274902344 971.4130859375 971.46331787109
949.40374755859 949.16430664062 948.69512939453 950.50427246094 950.32836914062 951.28112792969 952.34606933594 953.41845703125 954.45306396484 955.6591796875 955.88372802734 956.17230224609 956.85131835938 957.23937988281 958.59832763672 958.39575195312 958.68304443359 957.97467041016 957.45452880859 958.46337890625 958.81750488281 960.15979003906 961.14135742188 961.67028808594 962.0830078125 963.38598632812 963.97308349609 963.65887451172 965.14172363281 964.03533935547 965.41772460938 965.35595703125 965.69836425781 967.01879882812 967.70556640625 968.22204589844 968.34790039062 968.88482666016 969.15386962891 968.94189453125 969.40869140625 969.27990722656 970.10211181641 970.67034912109 970.89184570312 971.32543945312 973.11090087891
947.81030273438 947.88507080078 945.09350585938 951.45245361328 950.36474609375 951.57220458984 952.82684326172 953.71795654297 954.47277832031 954.51733398438 955.74267578125 955.50555419922 955.32202148438 956.72320556641 957.57678222656 958.40588378906 959.52575683594 959.32470703125 958.46301269531 959.55377197266 961.18701171875 960.47375488281 961.00012207031 962.27130126953 962.64813232422 961.73419189453 962.16088867188 963.20172119141 964.00939941406 964.45672607422 965.10925292969 965.44378662109 965.67938232422 966.84442138672 967.67230224609 968.03967285156 968.38714599609 968.8056640625 968.68536376953 969.08819580078 969.18426513672 969.28863525391 969.67706298828 969.85638427734 970.65600585938 970.37902832031 971.03088378906
948.07409667969 941.45471191406 945.1796875 948.23449707031 946.83624267578 950.728515625 952.30169677734 951.86169433594 952.64270019531 954.18469238281 955.23425292969 955.19097900391 956.45971679688 956.03332519531 957.72497558594 958.84564208984 958.58489990234 959.48791503906 959.59289550781 959.23986816406 959.57202148438 960.36364746094 960.58819580078 961.86578369141 962.81939697266 962.67169189453 963.8759765625 963.04449462891 964.95837402344 964.861328125 965.37322998047 965.32263183594 965.79498291016 967.18701171875 967.94000244141 967.81512451172 968.64538574219 969.03021240234 967.53125 968.61199951172 969.42626953125 969.27801513672 969.47760009766 969.77392578125 970.46490478516 971.56597900391 971.41961669922
943.94110107422 945.4072265625 948.60931396484 953.00030517578 952.35357666016 952.76458740234 953.44488525391 953.31207275391 954.11468505859 954.30938720703 954.94323730469 955.69488525391 956.7509765625 956.986328125 958.03735351562 957.74658203125 959.02429199219 959.58892822266 959.69207763672 959.03106689453 959.82775878906 960.08856201172 960.59643554688 961.68353271484 962.98095703125 963.35571289062 963.79461669922 964.2275390625 964.87414550781 964.95343017578 964.67938232422 964.71380615234 965.25891113281 966.94036865234 967.56689453125 968.80114746094 969.09399414062 968.85998535156 968.67358398438 968.83843994141 968.90814208984 969.41796875 969.81262207031 971.12658691406 970.35607910156 971.41271972656 971.18408203125
944.79779052734 948.61401367188 949.81341552734 950.06268310547 951.80401611328 953.07305908203 953.61981201172 954.25085449219 953.96600341797 954.42730712891 955.51812744141 956.0078125 956.05285644531 956.69805908203 957.03161621094 957.65594482422 958.73883056641 959.24835205078 959.28955078125 962.23962402344 959.89483642578 960.27874755859 961.1337890625 961.38092041016 962.34069824219 963.07312011719 963.50115966797 964.84411621094 964.94372558594 965.12573242188 964.92718505859 965.32110595703 965.29656982422 966.6259765625 966.11175537109 969.50061035156 968.04467773438 969.06262207031 968.66918945312 968.53192138672 969.44897460938 969.30780029297 970.04370117188 971.34149169922 971.09039306641 971.68023681641 971.17681884766
947.50140380859 949.38427734375 950.66314697266 951.25811767578 951.95330810547 952.26977539062 952.43353271484 953.62561035156 954.45837402344 955.13317871094 955.859375 956.36254882812 956.50305175781 955.87530517578 956.79162597656 957.47210693359 958.60595703125 957.34259033203 958.60833740234 960.04461669922 960.45581054688 960.21606445312 960.68103027344 960.80072021484 962.24633789062 963.07305908203 962.85717773438 962.30285644531 964.08856201172 965.05926513672 965.65972900391 964.56115722656 965.66461181641 966.40124511719 967.59356689453 968.28955078125 968.93304443359 968.93115234375 968.88317871094 969.40832519531 969.43292236328 969.37945556641 970.77288818359 972.02569580078 971.35577392578 971.84167480469 971.64978027344
947.86120605469 949.97741699219 950.81744384766 951.27233886719 952.48876953125 952.28845214844 953.18493652344 954.26824951172 955.384765625 955.04479980469 955.35894775391 955.81231689453 955.36920166016 953.37243652344 956.28546142578 956.83477783203 957.3349609375 956.33392333984 958.82141113281 959.21026611328 960.17272949219 960.62475585938 960.53179931641 960.94805908203 961.92053222656 962.49554443359 962.92218017578 963.37219238281 963.86175537109 964.81494140625 964.89068603516 964.44403076172 965.99291992188 966.22503662109 967.21215820312 967.23974609375 967.84747314453 968.26397705078 969.02264404297 969.01696777344 969.72174072266 970.45672607422 971.68884277344 971.25158691406 971.39141845703 971.56500244141 971.98474121094
949.67962646484 950.62677001953 951.60766601562 952.16125488281 952.83758544922 953.41253662109 952.79022216797 953.93707275391 953.62554931641 954.08575439453 947.53515625 955.06213378906 956.32727050781 955.50469970703 952.72210693359 953.02026367188 954.18841552734 956.58013916016 957.64300537109 954.14910888672 958.76989746094 959.60052490234 960.18707275391 961.07379150391 961.6513671875 963.18865966797 964.27624511719 960.7197265625 961.89337158203 967.75592041016 965.56335449219 966.64678955078 966.41918945312 967.50421142578 967.18823242188 968.20819091797 968.11248779297 968.49969482422 969.15795898438 969.05920410156 969.31262207031 970.33209228516 970.42822265625 969.23614501953 970.60107421875 972.25927734375 971.83435058594
949.55230712891 950.84027099609 951.07055664062 952.03210449219 952.34997558594 953.20367431641 946.68872070312 948.06414794922 950.00122070312 953.70184326172 954.63568115234 955.10601806641 956.36798095703 957.28051757812 954.85882568359 957.15374755859 957.27368164062 957.64593505859 958.59503173828 959.56976318359 959.44793701172 960.23474121094 960.68792724609 960.9345703125 961.39666748047 961.77197265625 962.61657714844 963.43566894531 963.62664794922 963.29077148438 964.24273681641 965.37567138672 966.5537109375 967.49395751953 967.47210693359 968.12707519531 968.02557373047 967.31085205078 969.01232910156 969.76983642578 970.07067871094 969.98529052734 971.41082763672 971.40130615234 971.50140380859 969.53179931641 974.57281494141
949.68096923828 951.39794921875 952.24682617188 952.91979980469 952.69000244141 952.59722900391 945.87719726562 952.77789306641 953.25769042969 954.68377685547 955.80786132812 955.97436523438 956.89892578125 956.6142578125 956.18585205078 956.94329833984 957.21392822266 957.98394775391 958.12554931641 958.53845214844 959.48785400391 960.36303710938 960.29467773438 961.02789306641 961.84967041016 962.24926757812 962.73773193359 963.49298095703 963.3896484375 963.5908203125 964.81237792969 965.65270996094 966.16729736328 967.04083251953 967.42901611328 968.03100585938 968.55700683594 969.14508056641 968.9560546875 969.36981201172 968.06060791016 970.68530273438 971.08239746094 971.45770263672 970.57916259766 971.74829101562 971.80877685547
949.71813964844 951.05261230469 951.34033203125 952.47711181641 952.11334228516 943.69592285156 952.63397216797 953.60961914062 954.51983642578 955.55584716797 956.12121582031 956.19287109375 956.83477783203 956.77856445312 956.67376708984 957.27435302734 957.61706542969 957.58349609375 957.02435302734 958.50402832031 958.96978759766 959.88201904297 960.6904296875 960.74212646484 961.58056640625 962.40106201172 962.73449707031 963.10589599609 963.69348144531 964.21282958984 964.85198974609 965.287109375 965.88885498047 966.00445556641 967.14959716797 967.24487304688 968.81176757812 968.89288330078 968.81567382812 970.51934814453 970.92913818359 970.96917724609 969.908203125 971.22668457031 971.17565917969 971.45458984375 970.64617919922
950.4091796875 951.31274414062 951.21520996094 951.46789550781 944.22601318359 952.65911865234 946.04113769531 953.17504882812 953.37841796875 954.14184570312 955.58648681641 955.61877441406 956.94818115234 956.52435302734 957.23986816406 957.83270263672 958.15618896484 958.52795410156 959.33538818359 959.66784667969 960.01379394531 960.44226074219 960.39929199219 961.17547607422 962.14996337891 962.2626953125 962.97760009766 963.39892578125 964.55493164062 965.06872558594 965.27105712891 965.42260742188 966.00799560547 966.24786376953 967.63696289062 967.48919677734 967.34405517578 967.99639892578 969.07214355469 970.06463623047 970.88549804688 971.15264892578 971.97021484375 970.92718505859 972.10516357422 971.71966552734 971.10095214844
950.09625244141 951.361328125 940.29595947266 940.47515869141 951.88635253906 952.06134033203 952.85711669922 953.29913330078 954.58624267578 955.43090820312 955.11004638672 956.17333984375 957.06744384766 956.33160400391 957.60333251953 958.23864746094 959.05285644531 959.15069580078 959.05981445312 959.64196777344 960.1181640625 959.95361328125 961.02551269531 961.18688964844 962.60070800781 962.00146484375 963.22918701172 964.65295410156 965.07043457031 965.19403076172 966.13562011719 966.56994628906 966.64617919922 966.84484863281 967.05157470703 968.30670166016 969.40490722656 969.03179931641 970.22784423828 970.10388183594 971.38464355469 971.03662109375 971.53314208984 971.23834228516 971.51745605469 972.17224121094 972.12677001953
943.09259033203 943.22143554688 951.08190917969 951.61273193359 951.95544433594 952.39300537109 953.28002929688 953.72076416016 954.77911376953 954.6865234375 955.55444335938 956.14410400391 956.15478515625 957.21429443359 957.39801025391 958.7841796875 959.11083984375 959.17175292969 959.41918945312 958.93725585938 959.70050048828 960.45471191406 961.17523193359 961.79205322266 962.19470214844 962.92651367188 963.22369384766 964.19189453125 965.275390625 965.60961914062 965.36767578125 965.17303466797 966.40893554688 966.94177246094 966.7314453125 969.4267578125 969.88708496094 970.6787109375 969.90228271484 970.16058349609 970.38311767578 971.37823486328 970.83978271484 971.87023925781 971.15283203125 972.61328125 971.54443359375
950.54614257812 951.57080078125 951.4833984375 950.4189453125 951.84741210938 952.58416748047 952.6123046875 955.00079345703 955.90618896484 955.18048095703 955.68664550781 956.75415039062 956.44653320312 956.70782470703 957.44567871094 958.61511230469 959.19604492188 959.29327392578 958.26129150391 959.07287597656 960.32983398438 960.39166259766 960.86053466797 962.09484863281 962.17022705078 962.80847167969 963.36145019531 964.61444091797 964.74664306641 965.11584472656 965.57501220703 966.412109375 966.77752685547 967.17309570312 967.54315185547 969.55352783203 969.50372314453 970.42169189453 970.71563720703 970.27551269531 971.49261474609 970.912109375 970.77105712891 970.7294921875 971.125 971.90612792969 971.72833251953
949.98883056641 951.68951416016 952.26031494141 952.44323730469 952.34967041016 952.54479980469 953.21118164062 952.25189208984 952.95568847656 954.92254638672 955.32354736328 955.34783935547 956.72570800781 957.02526855469 957.18707275391 958.43902587891 958.95574951172 958.08862304688 958.60162353516 959.04858398438 960.43273925781 960.58343505859 961.51550292969 961.34069824219 961.87634277344 962.48767089844 963.18627929688 963.46850585938 966.87927246094 966.57543945312 965.53485107422 966.11755371094 966.32122802734 965.88885498047 967.17645263672 969.02282714844 970.31536865234 970.79559326172 970.18981933594 970.75610351562 970.31970214844 970.83441162109 970.71026611328 970.89001464844 971.36779785156 972.13403320312 972.90222167969
950.84924316406 952.84448242188 952.04498291016 952.19177246094 952.47332763672 952.22314453125 952.46588134766 953.07275390625 954.90930175781 955.02722167969 954.46490478516 954.79858398438 955.72277832031 956.83062744141 958.50732421875 958.41442871094 958.11895751953 958.19604492188 958.62512207031 959.60998535156 959.787109375 959.92291259766 961.38604736328 961.57727050781 961.54479980469 962.72039794922 963.86004638672 964.88397216797 964.69281005859 965.44921875 966.08422851562 965.89569091797 966.45513916016 966.94781494141 967.46453857422 968.73718261719 970.28985595703 971.08117675781 970.72979736328 972.57592773438 969.96209716797 970.53424072266 971.3779296875 971.05963134766 971.39556884766 971.08239746094 973.37023925781
950.58276367188 952.36865234375 950.52398681641 951.69799804688 950.95251464844 951.03503417969 952.2109375 953.55145263672 954.62603759766 955.24926757812 955.75091552734 956.35113525391 956.90832519531 956.88873291016 957.44085693359 958.41070556641 958.53619384766 958.66467285156 958.69439697266 959.27612304688 960.33306884766 960.39318847656 961.00299072266 960.94500732422 961.66748046875 962.38153076172 963.59191894531 964.78668212891 965.46954345703 965.70483398438 966.40997314453 966.46783447266 966.46722412109 965.39569091797 967.69091796875 968.16864013672 970.09228515625 969.84588623047 970.04010009766 971.0341796875 970.46990966797 970.99267578125 971.28985595703 971.67303466797 971.29309082031 972.23583984375 972.47814941406
