gis/input_ras/wahp/raw_surf_ow/GM_Numerical_ 11 - Surface Clay_younger.grd
DSAA
157 175
2880056.8709409 2983016.8709409
-256145.63012446 -141305.63012446
905.16784667969 1004.046875
[rows 126 to 146 of 175, columns 0 to 46 of 157]
959.76727294922 959.2265625 959.29205322266 959.52813720703 959.08099365234 959.45672607422 956.13629150391 953.93499755859 953.45465087891 953.29486083984 951.43194580078 949.81292724609 948.83605957031 947.78582763672 946.07720947266 945.83129882812 944.54742431641 944.09527587891 943.38018798828 942.77264404297 944.0400390625 941.9658203125 941.85443115234 940.91168212891 940.85290527344 941.39288330078 942.00158691406 941.74945068359 942.12524414062 942.30963134766 942.4443359375 941.54345703125 940.56066894531 940.35766601562 940.21014404297 939.73931884766 939.79510498047 934.31207275391 927.40246582031 936.74810791016 927.21466064453 936.07635498047 936.78546142578 936.15301513672 928.24212646484 925.86364746094 936.08001708984
959.05206298828 959.61169433594 959.43255615234 962.83081054688 961.31787109375 958.20684814453 955.73913574219 953.63262939453 952.09741210938 950.77868652344 950.41137695312 949.64312744141 948.29284667969 947.18432617188 945.73352050781 945.22174072266 944.87768554688 944.35363769531 943.19744873047 942.91674804688 945.00238037109 943.10095214844 941.90594482422 941.15191650391 940.74688720703 941.82562255859 942.14660644531 942.20819091797 942.56121826172 942.68627929688 942.03668212891 940.58160400391 939.90185546875 940.02087402344 939.94934082031 939.30804443359 939.38470458984 918.77270507812 927.45422363281 935.52032470703 918.59930419922 937.98223876953 936.36566162109 930.42504882812 937.06896972656 935.59289550781 934.61370849609
957.99798583984 960.73468017578 960.74444580078 962.20532226562 959.27966308594 956.55651855469 956.71520996094 953.0673828125 951.1083984375 949.6328125 949.60052490234 949.40667724609 948.32012939453 946.92980957031 946.21704101562 945.14562988281 944.65179443359 943.84362792969 943.4951171875 942.68029785156 942.56549072266 943.13177490234 941.89886474609 941.18774414062 941.76458740234 941.87188720703 942.27624511719 943.01782226562 941.56774902344 942.27801513672 941.01110839844 940.41381835938 940.78100585938 939.86083984375 939.22644042969 939.54693603516 938.89495849609 932.05419921875 917.11743164062 938.95697021484 940.84649658203 930.01965332031 936.8681640625 936.7451171875 936.23474121094 935.87969970703 935.73187255859
958.67169189453 958.73895263672 960.66918945312 962.23498535156 957.4765625 955.42840576172 953.61596679688 951.61541748047 949.95623779297 948.91076660156 948.93572998047 948.83331298828 947.99078369141 947.34008789062 946.50909423828 945.630859375 944.37707519531 943.29376220703 943.36676025391 961.28082275391 963.69702148438 941.89361572266 942.20666503906 941.12603759766 941.63781738281 942.37921142578 942.96459960938 942.974609375 943.54516601562 939.81298828125 940.31115722656 939.7607421875 939.56329345703 939.33905029297 938.81005859375 938.80480957031 910.99731445312 925.62432861328 937.36248779297 937.40216064453 938.23028564453 934.80651855469 937.59417724609 935.87756347656 935.64233398438 935.79711914062 935.45153808594
959.41918945312 960.85015869141 961.86834716797 958.79321289062 956.50695800781 954.67791748047 953.29498291016 951.11071777344 949.69421386719 948.08459472656 947.51013183594 947.96734619141 947.13128662109 946.72564697266 946.09399414062 944.81909179688 943.91656494141 943.07684326172 942.58251953125 942.09973144531 941.0615234375 942.35418701172 942.22619628906 941.91986083984 942.01080322266 943.03405761719 942.97503662109 942.07525634766 941.53472900391 940.66387939453 940.23645019531 939.54516601562 938.95544433594 938.94781494141 936.88677978516 937.66784667969 933.91979980469 922.72973632812 922.04364013672 935.091796875 938.19641113281 937.83831787109 937.55413818359 936.57537841797 935.72137451172 935.08728027344 935.55816650391
960.76141357422 961.38360595703 962.65679931641 957.32849121094 955.68548583984 954.19244384766 953.53521728516 951.00250244141 949.47998046875 948.13397216797 947.2119140625 947.11315917969 946.46264648438 945.92858886719 945.38427734375 944.86242675781 944.23529052734 943.11419677734 943.11761474609 939.93182373047 943.10046386719 942.42938232422 942.40759277344 942.24163818359 943.07019042969 943.60906982422 943.17413330078 941.470703125 940.73480224609 940.47064208984 939.84344482422 939.24133300781 938.89465332031 938.75964355469 938.37292480469 932.29724121094 917.23565673828 935.21997070312 936.22680664062 936.66381835938 937.40454101562 938.29138183594 937.65020751953 933.75988769531 936.71813964844 934.94171142578 936.73474121094
958.94909667969 959.73455810547 958.27679443359 955.26550292969 955.29058837891 953.7529296875 954.48846435547 952.53424072266 948.7001953125 947.78350830078 947.42303466797 946.55065917969 946.04449462891 945.77337646484 944.93188476562 944.80395507812 943.56579589844 942.56268310547 942.90191650391 939.93908691406 943.1181640625 942.69195556641 942.87335205078 942.35443115234 943.00256347656 942.88854980469 942.103515625 941.16333007812 940.44592285156 940.33673095703 939.61407470703 938.70947265625 938.24542236328 938.27221679688 916.63409423828 926.01342773438 937.14337158203 936.91845703125 935.83758544922 936.13732910156 936.69311523438 936.85296630859 937.3271484375 936.90631103516 933.60382080078 936.82598876953 936.31097412109
958.15466308594 957.51434326172 956.69128417969 955.47790527344 954.09014892578 952.26123046875 950.01727294922 949.61676025391 947.80773925781 946.9814453125 947.3251953125 946.38500976562 945.71154785156 945.47259521484 944.57946777344 943.89514160156 942.71185302734 942.69781494141 943.13439941406 942.87060546875 943.65344238281 943.77722167969 943.98974609375 943.43035888672 943.29046630859 942.20520019531 940.49005126953 940.47503662109 939.92645263672 939.77062988281 938.98620605469 938.55346679688 938.03796386719 937.20782470703 918.32177734375 920.99597167969 936.03985595703 935.51428222656 935.26116943359 935.84155273438 935.86206054688 936.24383544922 936.94348144531 935.6767578125 935.95135498047 933.30419921875 933.23901367188
955.39190673828 956.44177246094 955.50122070312 953.80432128906 952.37683105469 950.54071044922 949.47637939453 948.68206787109 947.44299316406 946.84722900391 946.23699951172 946.18414306641 945.65856933594 945.63006591797 944.45733642578 943.38330078125 942.7392578125 942.92712402344 943.03271484375 943.31286621094 944.34741210938 944.13629150391 943.5400390625 942.89141845703 942.56945800781 940.31335449219 940.15515136719 939.70416259766 939.50286865234 939.40417480469 938.58532714844 938.05798339844 937.88439941406 937.62756347656 930.36560058594 922.71752929688 934.85803222656 934.99591064453 936.11846923828 935.15020751953 935.19781494141 935.05981445312 935.66955566406 936.03833007812 935.34674072266 936.15130615234 936.85699462891
955.89416503906 955.66241455078 954.99041748047 953.38269042969 951.80706787109 950.16723632812 948.81274414062 947.50518798828 946.49383544922 945.93615722656 946.02990722656 944.98608398438 945.01629638672 945.11791992188 944.64904785156 943.14923095703 942.91949462891 942.74688720703 943.27905273438 940.63580322266 944.28137207031 944.82165527344 942.25897216797 941.70196533203 939.685546875 940.07055664062 939.76287841797 939.4482421875 939.22448730469 938.84680175781 938.22930908203 938.01843261719 938.16357421875 937.22241210938 922.07672119141 934.52661132812 934.19879150391 933.94958496094 935.10595703125 935.42852783203 934.19641113281 935.10729980469 935.84466552734 934.66943359375 934.68133544922 935.14703369141 936.92193603516
956.66595458984 957.69927978516 954.75384521484 953.21008300781 951.96667480469 949.74658203125 947.97717285156 946.88757324219 946.26745605469 945.73150634766 945.36053466797 945.47680664062 945.07189941406 945.13470458984 944.34246826172 943.01123046875 943.10583496094 942.86395263672 942.76416015625 939.69604492188 944.01141357422 944.08276367188 941.16070556641 940.22644042969 939.76403808594 940.11419677734 939.41448974609 938.68048095703 938.53704833984 938.38134765625 938.27746582031 938.21710205078 937.80688476562 937.10296630859 925.14556884766 934.68530273438 933.97778320312 934.81518554688 934.36102294922 935.27484130859 934.75109863281 934.11712646484 934.12530517578 935.29949951172 934.44757080078 935.59460449219 938.31018066406
957.47784423828 955.64611816406 953.66729736328 951.8876953125 949.65759277344 949.3984375 948.90167236328 946.53009033203 945.88220214844 945.30078125 944.53533935547 945.03845214844 944.24047851562 944.23956298828 944.09210205078 943.54699707031 942.61071777344 942.83953857422 945.37176513672 945.8017578125 939.78509521484 937.99401855469 941.04376220703 939.10772705078 939.92724609375 939.44012451172 938.78656005859 938.23980712891 938.31488037109 938.26409912109 938.05535888672 937.95465087891 937.22985839844 931.16833496094 911.96264648438 933.15777587891 933.85070800781 934.90942382812 935.31213378906 934.98297119141 933.37219238281 933.96459960938 935.64782714844 936.15844726562 935.55792236328 935.34680175781 936.76452636719
956.56048583984 954.26702880859 952.12506103516 950.51202392578 948.98223876953 948.81774902344 947.62158203125 946.39660644531 945.51019287109 945.18988037109 944.64044189453 944.64587402344 944.50262451172 943.58160400391 942.82824707031 942.62994384766 942.80279541016 943.02105712891 943.25238037109 945.681640625 942.51409912109 939.18603515625 938.81811523438 938.61462402344 938.33251953125 938.77581787109 938.16577148438 937.85821533203 937.83142089844 937.86639404297 937.68365478516 937.11486816406 936.29516601562 930.25622558594 922.52545166016 932.66320800781 934.42047119141 935.07104492188 935.39819335938 934.64111328125 933.19494628906 934.19635009766 936.7548828125 936.24926757812 935.16290283203 935.03332519531 934.37414550781
954.55541992188 952.63977050781 951.58782958984 949.66931152344 947.99304199219 948.12609863281 946.53936767578 945.41986083984 944.78247070312 944.31640625 944.57177734375 944.23529052734 943.64739990234 943.73132324219 943.59130859375 942.85827636719 943.46020507812 941.87670898438 942.68768310547 942.15826416016 938.67919921875 938.53564453125 938.2646484375 937.97686767578 937.77722167969 937.69934082031 937.76202392578 937.46746826172 937.50524902344 937.92370605469 937.31665039062 937.42852783203 937.10095214844 922.93438720703 927.41986083984 925.85205078125 934.42041015625 934.49884033203 934.47161865234 932.81018066406 933.71185302734 935.17681884766 935.81561279297 936.11254882812 933.24810791016 933.23602294922 932.88616943359
952.97149658203 951.61724853516 950.64770507812 949.68536376953 948.20196533203 947.09216308594 946.31219482422 946.02044677734 945.32977294922 944.51184082031 944.70037841797 943.97607421875 944.4970703125 943.6123046875 944.08624267578 945.17993164062 943.67755126953 943.14929199219 941.78723144531 943.94030761719 938.88598632812 938.24737548828 937.94293212891 937.65808105469 937.33514404297 937.53912353516 937.57757568359 937.37542724609 937.40112304688 937.26892089844 936.81793212891 936.84765625 936.43408203125 933.08673095703 922.15887451172 933.65954589844 934.38903808594 934.14782714844 932.98089599609 933.72094726562 935.18035888672 934.86566162109 935.12152099609 935.32824707031 935.50073242188 932.87310791016 935.47106933594
952.03271484375 951.21606445312 949.58392333984 948.4716796875 947.58374023438 946.03253173828 945.81945800781 944.70623779297 945.28118896484 944.05096435547 944.47192382812 944.501953125 943.73394775391 944.11682128906 944.70739746094 944.57525634766 942.75500488281 942.80651855469 940.37036132812 941.19476318359 938.56140136719 937.84851074219 937.45574951172 936.88879394531 936.87030029297 937.42401123047 937.06488037109 936.91247558594 937.10577392578 936.88067626953 936.63226318359 935.72930908203 935.78942871094 923.15637207031 931.66961669922 933.72320556641 934.23687744141 933.50579833984 932.73602294922 934.13006591797 935.03717041016 934.79370117188 933.21984863281 936.01837158203 934.12103271484 933.10699462891 935.19049072266
951.21160888672 950.27661132812 949.53509521484 948.08056640625 946.8359375 946.177734375 945.40655517578 944.85046386719 944.52709960938 944.94348144531 944.54809570312 944.56481933594 944.16510009766 944.63018798828 944.46252441406 943.13012695312 941.45526123047 940.62078857422 939.89056396484 937.48516845703 938.25360107422 937.24743652344 936.98773193359 936.43505859375 937.04949951172 937.23156738281 936.89697265625 936.79272460938 936.91131591797 936.30364990234 936.17242431641 936.41833496094 928.29467773438 923.63470458984 932.69311523438 933.70068359375 934.14440917969 933.96014404297 933.41198730469 934.67852783203 934.92138671875 935.32702636719 935.24652099609 934.53814697266 935.95794677734 935.58630371094 934.80279541016
949.60266113281 948.74157714844 947.76153564453 947.35717773438 946.22808837891 945.73046875 945.01019287109 944.78723144531 944.38653564453 944.69671630859 945.13757324219 944.55236816406 945.0078125 944.76397705078 944.45111083984 941.390625 940.712890625 940.03973388672 939.59368896484 938.01989746094 937.84454345703 937.236328125 937.01171875 936.74011230469 937.21398925781 936.74334716797 936.32830810547 936.31939697266 936.220703125 935.54931640625 935.79913330078 934.7509765625 923.61083984375 918.83410644531 932.56390380859 934.07147216797 933.97802734375 933.73443603516 933.34509277344 933.28967285156 934.80725097656 935.41772460938 935.03820800781 935.64416503906 932.47650146484 935.68725585938 935.6826171875
948.12811279297 947.30603027344 946.99737548828 946.35235595703 945.83068847656 945.35998535156 944.44067382812 944.66656494141 944.79986572266 944.77972412109 944.72961425781 945.02722167969 945.32727050781 945.03265380859 944.26922607422 940.841796875 940.56231689453 939.97662353516 939.33923339844 938.15643310547 937.37298583984 936.82141113281 936.87292480469 935.99780273438 937.25817871094 936.56427001953 936.1533203125 934.41516113281 931.89831542969 935.84948730469 935.59588623047 935.16137695312 929.44915771484 928.63781738281 932.94030761719 933.81408691406 933.76544189453 933.2265625 933.90588378906 934.90002441406 935.56799316406 934.89410400391 934.49725341797 935.07855224609 935.37780761719 934.57781982422 935.02557373047
947.19989013672 946.34027099609 946.17584228516 945.81268310547 945.54833984375 945.25286865234 944.66571044922 944.21002197266 944.35437011719 946.11199951172 944.91522216797 945.82855224609 945.45739746094 944.23645019531 941.29815673828 941.31799316406 940.83233642578 938.72351074219 948.38775634766 951.68298339844 937.27709960938 936.74914550781 936.23809814453 936.44055175781 937.00469970703 936.52673339844 936.24060058594 935.41015625 931.89691162109 935.57855224609 935.37213134766 933.48022460938 931.52752685547 914.61175537109 930.59887695312 933.84063720703 933.16491699219 932.75628662109 934.95831298828 932.70141601562 935.35931396484 933.07049560547 934.0380859375 933.04797363281 933.89855957031 934.21838378906 933.94305419922
947.31213378906 946.05090332031 945.22009277344 945.73754882812 945.37908935547 945.55645751953 944.48883056641 944.48150634766 944.76940917969 944.65405273438 944.84484863281 945.83453369141 944.55090332031 941.67822265625 940.4892578125 940.12976074219 939.49896240234 938.1943359375 937.55932617188 936.57312011719 936.51330566406 936.88031005859 936.07550048828 936.32836914062 936.62835693359 935.78118896484 935.01733398438 933.70257568359 935.03204345703 935.12072753906 934.44201660156 930.22393798828 931.48370361328 919.00189208984 933.20336914062 934.05078125 932.80688476562 933.23016357422 935.82702636719 932.99993896484 934.39624023438 933.20074462891 933.12670898438 933.69232177734 933.30554199219 933.82336425781 932.90393066406
