gis/input_ras/wahp/raw_surf_ow/GM_Numerical_ 07 - Upper Mid Clay_younger.grd
DSAA
157 175
2880056.8709409 2983016.8709409
-256145.63012446 -141305.63012446
818.8798828125 961.2265625
[rows 63 to 83 of 175, columns 47 to 93 of 157]
901.15325927734 900.36645507812 899.52136230469 898.60211181641 897.62805175781 896.60046386719 895.52124023438 894.37554931641 893.10632324219 891.63031005859 889.85430908203 887.66851806641 884.83319091797 881.48883056641 877.37951660156 872.65045166016 867.53491210938 862.27557373047 857.21099853516 853.24108886719 850.54437255859 848.83294677734 847.86828613281 1.70141E+38 1.70141E+38 1.70141E+38 1.70141E+38 854.25653076172 857.46246337891 860.66772460938 863.58288574219 866.17681884766 868.45385742188 870.52081298828 872.12646484375 873.05700683594 873.15850830078 872.25897216797 870.04925537109 865.61865234375 860.45104980469 855.06494140625 849.96282958984 845.64752197266 850.48754882812 865.83935546875 884.88000488281
901.64404296875 900.72698974609 899.76544189453 898.76696777344 897.74304199219 896.666015625 895.54974365234 894.39190673828 893.16668701172 891.74145507812 889.99194335938 887.80523681641 885.05279541016 881.58831787109 877.31555175781 872.36688232422 866.75048828125 860.69458007812 854.67449951172 849.71948242188 846.83325195312 845.47985839844 1.70141E+38 1.70141E+38 1.70141E+38 1.70141E+38 850.49078369141 853.43194580078 856.55065917969 859.53002929688 862.08599853516 864.14495849609 865.41455078125 866.3515625 867.18096923828 867.97827148438 868.287109375 867.93695068359 866.37573242188 863.49664306641 859.43133544922 855.14343261719 852.2392578125 851.90417480469 855.57836914062 867.58520507812 881.47497558594
901.98254394531 900.92810058594 899.85662841797 898.72979736328 897.58538818359 896.4423828125 895.31481933594 894.17510986328 893.02001953125 891.78308105469 890.35717773438 888.43298339844 885.85998535156 882.51666259766 878.28033447266 873.18725585938 867.29217529297 860.61883544922 853.42199707031 847.43084716797 844.68963623047 1.70141E+38 1.70141E+38 1.70141E+38 1.70141E+38 847.38037109375 849.98883056641 853.03009033203 856.21215820312 859.15277099609 861.26068115234 862.36590576172 862.55438232422 862.59478759766 862.69903564453 863.30853271484 864.28662109375 864.9091796875 864.11474609375 862.07446289062 859.67907714844 857.92572021484 857.56585693359 859.66741943359 865.46234130859 872.2509765625 880.52203369141
902.212890625 900.94757080078 899.65270996094 898.37030029297 897.12933349609 895.90454101562 894.73266601562 893.66424560547 892.68786621094 891.68035888672 890.54809570312 889.15362548828 887.05847167969 883.892578125 879.88189697266 875.09136962891 869.31768798828 862.64978027344 855.18621826172 848.65716552734 844.52270507812 1.70141E+38 1.70141E+38 1.70141E+38 844.77813720703 846.99743652344 849.80731201172 853.10162353516 856.55584716797 859.43658447266 861.21160888672 861.68273925781 860.822265625 859.15093994141 858.43676757812 859.62219238281 861.42999267578 863.20123291016 863.60394287109 862.50738525391 861.2060546875 860.79296875 862.85430908203 867.30072021484 872.71630859375 876.63684082031 881.27532958984
902.11444091797 900.66931152344 899.20764160156 897.74578857422 896.30133056641 894.95904541016 893.78051757812 892.74615478516 891.88818359375 891.22052001953 890.62335205078 889.77215576172 888.14306640625 885.23620605469 881.51971435547 877.22344970703 872.47790527344 866.52447509766 859.18267822266 852.27258300781 846.89477539062 843.08276367188 1.70141E+38 843.14526367188 844.8154296875 847.06469726562 850.06262207031 853.82934570312 857.49371337891 860.4833984375 862.11291503906 861.87377929688 859.31225585938 856.35998535156 854.65686035156 856.50067138672 861.12683105469 864.47943115234 865.50738525391 864.66015625 863.056640625 864.96545410156 867.77612304688 871.82562255859 876.07958984375 879.67303466797 883.09600830078
901.85894775391 900.1455078125 898.37756347656 896.70843505859 895.1298828125 893.66955566406 892.38842773438 891.384765625 890.66156005859 890.11560058594 889.69476318359 889.35552978516 888.43206787109 885.75738525391 882.76062011719 879.60382080078 875.85687255859 870.86285400391 864.05511474609 856.71392822266 849.76489257812 845.04437255859 843.22961425781 844.19897460938 845.60467529297 847.66827392578 850.67175292969 854.56115722656 858.6962890625 861.63873291016 862.98986816406 862.31549072266 859.267578125 854.64007568359 851.75671386719 856.14227294922 862.76477050781 868.53649902344 871.50598144531 869.24145507812 868.13903808594 870.06079101562 873.71600341797 875.83642578125 879.09033203125 882.53356933594 885.11474609375
901.25817871094 899.28240966797 897.30767822266 895.38305664062 893.55218505859 891.96032714844 890.63879394531 889.59100341797 888.81134033203 888.23822021484 887.77160644531 887.24847412109 886.28820800781 884.5009765625 882.84161376953 880.81903076172 878.68713378906 874.87512207031 868.98736572266 862.23620605469 855.24053955078 849.11877441406 846.92822265625 846.78912353516 847.51483154297 848.95812988281 851.53131103516 855.43719482422 858.99383544922 861.59936523438 862.95715332031 861.57836914062 858.73156738281 855.88299560547 855.24176025391 860.06756591797 868.18627929688 875.42193603516 879.89453125 878.47705078125 876.51898193359 879.29553222656 880.93908691406 880.73315429688 882.92602539062 886.16754150391 888.42309570312
900.47680664062 898.20428466797 895.89959716797 893.72509765625 891.72259521484 889.94799804688 888.45373535156 887.3544921875 886.51110839844 885.76861572266 885.02905273438 884.19097900391 883.16552734375 882.11431884766 881.78253173828 881.47521972656 880.61340332031 878.361328125 874.37145996094 868.63610839844 862.19232177734 856.5185546875 852.45654296875 850.23309326172 849.72113037109 850.76116943359 853.09735107422 856.22882080078 859.15655517578 860.14801025391 860.05059814453 859.10180664062 857.98138427734 857.99481201172 861.34545898438 867.41082763672 874.74774169922 881.54931640625 885.46166992188 886.49932861328 886.12542724609 887.68823242188 887.94622802734 888.00085449219 889.43743896484 892.23284912109 892.90704345703
899.49310302734 896.90008544922 894.30987548828 891.81701660156 889.54675292969 887.64263916016 886.10620117188 884.89172363281 883.91363525391 883.03070068359 882.02453613281 880.76721191406 879.5615234375 879.11273193359 879.94793701172 881.78460693359 882.88427734375 882.50122070312 879.958984375 875.19024658203 869.26318359375 862.86602783203 857.59527587891 853.83679199219 851.75732421875 851.49780273438 853.40875244141 856.65490722656 858.11450195312 857.74987792969 856.53253173828 855.62860107422 856.40924072266 859.70172119141 865.64233398438 873.73095703125 880.44842529297 886.36865234375 890.68139648438 892.28521728516 893.23834228516 893.96179199219 894.72088623047 895.55151367188 897.94329833984 898.78735351562 897.97497558594
898.37561035156 895.44805908203 892.56286621094 889.7861328125 887.30151367188 885.19323730469 883.52893066406 882.31396484375 881.31298828125 880.34698486328 879.13458251953 877.62731933594 876.02764892578 874.93243408203 876.86804199219 881.75634765625 885.45782470703 886.30242919922 885.26922607422 881.49755859375 875.41729736328 868.22595214844 861.38293457031 855.80560302734 852.40045166016 851.11041259766 852.09094238281 854.17974853516 855.7373046875 853.82153320312 852.08355712891 851.41491699219 853.15472412109 858.20544433594 866.73284912109 876.01879882812 884.09191894531 890.25170898438 894.78619384766 897.54742431641 898.82720947266 899.58312988281 900.31750488281 901.49816894531 902.93939208984 903.78918457031 901.63684082031
897.27557373047 893.96447753906 890.68603515625 887.59674072266 884.92590332031 882.72729492188 881.01159667969 879.79907226562 878.83361816406 877.89776611328 876.81903076172 875.30529785156 873.37976074219 872.19915771484 875.06890869141 881.77990722656 886.54327392578 888.64190673828 888.66943359375 885.59881591797 879.541015625 871.41357421875 863.69799804688 857.15783691406 851.94525146484 848.85107421875 849.12878417969 850.29559326172 850.19750976562 849.16821289062 847.28472900391 846.20776367188 848.43951416016 856.30883789062 866.18548583984 876.50201416016 886.04162597656 893.81945800781 899.05047607422 902.10052490234 903.48895263672 904.03021240234 904.24884033203 904.79144287109 905.27252197266 904.78894042969 903.01245117188
895.92712402344 892.29681396484 888.75762939453 885.47180175781 882.59600830078 880.30505371094 878.59527587891 877.32495117188 876.4189453125 875.66693115234 874.84808349609 873.86145019531 872.66461181641 872.08935546875 874.92663574219 880.69268798828 885.22058105469 887.39575195312 887.38702392578 885.23828125 879.46502685547 871.93255615234 864.20233154297 857.26776123047 851.46899414062 847.95416259766 846.82952880859 846.79797363281 846.53356933594 845.59503173828 844.19482421875 843.31567382812 845.63745117188 855.02813720703 866.03015136719 877.06677246094 887.36737060547 896.16546630859 902.64990234375 906.13513183594 907.23913574219 907.36157226562 906.86499023438 906.03045654297 904.97662353516 903.96520996094 901.81701660156
894.3544921875 890.4072265625 886.64117431641 883.24377441406 880.31420898438 877.98699951172 876.21160888672 874.88104248047 873.90759277344 873.33941650391 873.31170654297 872.86901855469 872.23327636719 872.46435546875 874.59393310547 878.12927246094 881.78802490234 883.53759765625 883.40161132812 881.09820556641 876.41223144531 869.95422363281 863.1318359375 856.93353271484 851.69378662109 847.96563720703 846.31799316406 845.52355957031 844.96759033203 844.56030273438 844.18316650391 844.49700927734 848.41467285156 856.88153076172 867.39825439453 878.39001464844 888.75396728516 897.96893310547 905.06188964844 909.20635986328 909.78112792969 909.08135986328 907.73876953125 905.99835205078 903.89758300781 901.10626220703 898.75592041016
892.11486816406 888.15838623047 884.38793945312 881.00408935547 878.20135498047 875.86285400391 874.01806640625 872.47436523438 871.29754638672 870.63299560547 870.61279296875 871.31256103516 870.86950683594 871.42358398438 873.18133544922 875.70794677734 877.65167236328 878.62048339844 878.06671142578 875.83337402344 871.97381591797 867.08569335938 861.63800048828 856.28649902344 851.72772216797 848.41363525391 846.53277587891 845.65026855469 845.31048583984 845.32928466797 845.96807861328 848.35070800781 853.03015136719 860.71136474609 870.17932128906 880.23394775391 889.90588378906 898.81201171875 905.75775146484 909.853515625 910.48779296875 909.65063476562 907.85772705078 905.01055908203 901.49273681641 897.7138671875 894.70184326172
889.64044189453 885.65008544922 881.89294433594 878.70153808594 876.08190917969 874.00427246094 872.20269775391 870.54614257812 868.95727539062 867.21228027344 866.1552734375 866.63452148438 867.44079589844 869.01220703125 870.84399414062 872.47332763672 873.59002685547 873.8310546875 872.95153808594 870.84149169922 867.63531494141 863.70440673828 859.42022705078 855.25402832031 851.76318359375 1.70141E+38 1.70141E+38 1.70141E+38 1.70141E+38 847.56195068359 849.37353515625 852.54675292969 857.53753662109 864.54571533203 873.06689453125 882.17309570312 890.97100830078 898.76959228516 904.93304443359 908.81359863281 910.09094238281 909.22570800781 906.99761962891 903.85388183594 899.92303466797 895.31127929688 891.92327880859
887.19116210938 883.11499023438 879.37054443359 876.47131347656 874.21734619141 872.47058105469 871.01232910156 869.43890380859 867.42034912109 864.81915283203 862.17669677734 860.50073242188 864.13470458984 866.67266845703 868.47943115234 869.57592773438 869.87506103516 869.21142578125 867.84741210938 865.85925292969 863.35321044922 860.54107666016 857.43341064453 854.44067382812 1.70141E+38 1.70141E+38 1.70141E+38 1.70141E+38 1.70141E+38 1.70141E+38 852.62213134766 856.37640380859 861.74530029297 868.42364501953 876.07019042969 884.21032714844 892.00323486328 899.03369140625 904.54443359375 907.66802978516 908.75811767578 908.12005615234 906.0830078125 902.91461181641 899.02856445312 895.10961914062 891.94360351562
884.97833251953 880.56994628906 876.90789794922 874.08966064453 872.34020996094 871.50256347656 870.70501708984 869.61920166016 868.01531982422 865.60784912109 862.72290039062 862.43072509766 863.96264648438 866.06091308594 867.146484375 867.12524414062 866.38000488281 865.05529785156 863.32476806641 861.38732910156 859.45080566406 857.51879882812 1.70141E+38 1.70141E+38 1.70141E+38 1.70141E+38 1.70141E+38 1.70141E+38 1.70141E+38 1.70141E+38 1.70141E+38 860.06042480469 865.181640625 871.46508789062 878.6796875 886.06457519531 893.18518066406 899.23052978516 903.87701416016 906.82678222656 907.89855957031 906.88879394531 904.68566894531 901.78253173828 898.51605224609 895.20379638672 892.36547851562
883.05059814453 878.13616943359 874.16607666016 871.73199462891 870.95025634766 871.16107177734 871.56463623047 871.28564453125 870.42053222656 869.17645263672 867.87927246094 866.91851806641 867.29223632812 867.25268554688 866.69415283203 865.48168945312 863.72644042969 861.46337890625 859.17395019531 857.33721923828 1.70141E+38 1.70141E+38 1.70141E+38 1.70141E+38 1.70141E+38 1.70141E+38 1.70141E+38 1.70141E+38 1.70141E+38 1.70141E+38 1.70141E+38 1.70141E+38 868.23699951172 874.31158447266 880.94128417969 887.78686523438 894.10382080078 899.74444580078 904.1416015625 906.34216308594 906.45556640625 905.19580078125 903.01794433594 900.23785400391 897.41137695312 894.87609863281 892.33843994141
881.43731689453 876.30224609375 871.81115722656 869.24810791016 869.51165771484 871.17907714844 872.98602294922 873.87591552734 873.95501708984 873.62957763672 873.43341064453 872.71258544922 870.97375488281 869.20654296875 867.33880615234 864.63861083984 861.52319335938 858.25244140625 1.70141E+38 1.70141E+38 1.70141E+38 1.70141E+38 1.70141E+38 1.70141E+38 1.70141E+38 1.70141E+38 1.70141E+38 1.70141E+38 1.70141E+38 1.70141E+38 1.70141E+38 1.70141E+38 870.97924804688 876.85424804688 883.11614990234 889.30548095703 895.21185302734 900.07104492188 903.79309082031 905.65301513672 905.02984619141 903.125 900.54107666016 897.90881347656 895.42633056641 893.20623779297 890.94647216797
880.44030761719 875.23181152344 870.38403320312 867.966796875 869.24371337891 871.94079589844 874.72454833984 876.21392822266 876.69580078125 877.49224853516 878.57885742188 877.41235351562 874.49951171875 871.18145751953 867.671875 863.89538574219 860.05163574219 1.70141E+38 1.70141E+38 1.70141E+38 1.70141E+38 1.70141E+38 1.70141E+38 1.70141E+38 1.70141E+38 1.70141E+38 1.70141E+38 1.70141E+38 1.70141E+38 1.70141E+38 1.70141E+38 1.70141E+38 1.70141E+38 879.82891845703 885.67407226562 890.98388671875 895.74255371094 899.79846191406 902.92254638672 903.96325683594 902.56195068359 900.11535644531 897.34741210938 894.72015380859 892.43243408203 890.45330810547 888.48931884766
879.96990966797 875.26995849609 871.42602539062 869.22528076172 870.39318847656 872.80255126953 875.3095703125 877.13079833984 878.02496337891 879.02734375 880.2744140625 878.81201171875 875.50451660156 871.64630126953 867.69122314453 863.50012207031 1.70141E+38 1.70141E+38 1.70141E+38 1.70141E+38 1.70141E+38 1.70141E+38 1.70141E+38 1.70141E+38 1.70141E+38 1.70141E+38 1.70141E+38 1.70141E+38 1.70141E+38 1.70141E+38 1.70141E+38 1.70141E+38 878.28033447266 883.78039550781 888.29260253906 892.64996337891 896.45977783203 899.37591552734 900.88153076172 901.01428222656 899.38793945312 896.72430419922 893.58477783203 890.96398925781 889.06286621094 887.29864501953 885.56658935547
