gis/input_ras/wahp/raw_surf_ow/GM_Numerical_ 01 - Basal Clay_younger.grd
DSAA
157 175
2880056.8709409 2983016.8709409
-256145.63012446 -141305.63012446
440.30120849609 793.42999267578
[rows 0 to 20 of 175, columns 96 to 143 of 157]
680.23156738281 1.70141E+38 1.70141E+38 1.70141E+38 1.70141E+38 1.70141E+38 1.70141E+38 1.70141E+38 1.70141E+38 1.70141E+38 1.70141E+38 731.23455810547 737.63024902344 743.19927978516 747.84814453125 751.60882568359 754.67681884766 757.03967285156 758.85998535156 760.28155517578 761.41174316406 762.35443115234 763.16564941406 763.94177246094 764.6884765625 765.35473632812 765.88079833984 766.40246582031 766.96319580078 767.57934570312 768.23626708984 1.70141E+38 1.70141E+38 1.70141E+38 1.70141E+38 1.70141E+38 1.70141E+38 1.70141E+38 1.70141E+38 1.70141E+38 1.70141E+38 1.70141E+38 1.70141E+38 1.70141E+38 1.70141E+38 1.70141E+38 1.70141E+38 1.70141E+38
679.78076171875 1.70141E+38 1.70141E+38 1.70141E+38 1.70141E+38 1.70141E+38 1.70141E+38 1.70141E+38 1.70141E+38 1.70141E+38 1.70141E+38 731.44982910156 738.07897949219 743.63909912109 748.19384765625 751.60455322266 754.24633789062 756.32745361328 757.93542480469 759.15881347656 760.03558349609 760.78424072266 761.50213623047 762.22717285156 762.94360351562 763.64794921875 764.33245849609 764.97094726562 1.70141E+38 1.70141E+38 1.70141E+38 1.70141E+38 1.70141E+38 1.70141E+38 1.70141E+38 1.70141E+38 1.70141E+38 1.70141E+38 1.70141E+38 1.70141E+38 1.70141E+38 1.70141E+38 1.70141E+38 1.70141E+38 1.70141E+38 1.70141E+38 1.70141E+38 1.70141E+38
679.30834960938 1.70141E+38 1.70141E+38 1.70141E+38 1.70141E+38 1.70141E+38 1.70141E+38 1.70141E+38 1.70141E+38 1.70141E+38 1.70141E+38 731.92645263672 738.79028320312 744.33605957031 748.46606445312 751.46990966797 753.77136230469 755.51263427734 756.70690917969 757.61022949219 758.32598876953 758.94281005859 759.54034423828 760.21618652344 760.98846435547 761.78442382812 762.578125 1.70141E+38 1.70141E+38 1.70141E+38 1.70141E+38 1.70141E+38 1.70141E+38 1.70141E+38 1.70141E+38 1.70141E+38 1.70141E+38 1.70141E+38 1.70141E+38 1.70141E+38 1.70141E+38 1.70141E+38 1.70141E+38 1.70141E+38 1.70141E+38 1.70141E+38 1.70141E+38 1.70141E+38
678.86975097656 1.70141E+38 1.70141E+38 1.70141E+38 1.70141E+38 1.70141E+38 1.70141E+38 1.70141E+38 1.70141E+38 1.70141E+38 1.70141E+38 732.81262207031 739.67657470703 744.98657226562 748.81732177734 751.31280517578 752.93621826172 754.19970703125 755.14141845703 755.82568359375 756.30987548828 756.72705078125 757.27972412109 757.97137451172 758.79742431641 759.75061035156 760.76672363281 1.70141E+38 1.70141E+38 1.70141E+38 1.70141E+38 1.70141E+38 1.70141E+38 1.70141E+38 1.70141E+38 1.70141E+38 1.70141E+38 1.70141E+38 1.70141E+38 1.70141E+38 1.70141E+38 1.70141E+38 1.70141E+38 1.70141E+38 1.70141E+38 1.70141E+38 1.70141E+38 1.70141E+38
678.50653076172 1.70141E+38 1.70141E+38 1.70141E+38 1.70141E+38 1.70141E+38 1.70141E+38 1.70141E+38 1.70141E+38 1.70141E+38 725.40753173828 733.38012695312 740.60064697266 746.07983398438 748.72698974609 750.47503662109 751.69165039062 752.58233642578 753.18603515625 753.60473632812 753.93414306641 754.27313232422 754.72863769531 755.48309326172 756.50537109375 757.63659667969 758.82287597656 1.70141E+38 1.70141E+38 1.70141E+38 1.70141E+38 1.70141E+38 1.70141E+38 1.70141E+38 1.70141E+38 1.70141E+38 1.70141E+38 1.70141E+38 1.70141E+38 1.70141E+38 1.70141E+38 1.70141E+38 1.70141E+38 1.70141E+38 1.70141E+38 1.70141E+38 1.70141E+38 1.70141E+38
678.02136230469 1.70141E+38 1.70141E+38 1.70141E+38 1.70141E+38 1.70141E+38 1.70141E+38 1.70141E+38 1.70141E+38 1.70141E+38 725.2294921875 733.33349609375 741.03515625 745.64733886719 747.85717773438 748.96276855469 749.74468994141 750.31286621094 750.72985839844 751.02978515625 751.25091552734 751.47393798828 752.00213623047 752.89685058594 754.09490966797 755.44970703125 756.88055419922 758.28472900391 1.70141E+38 1.70141E+38 1.70141E+38 1.70141E+38 1.70141E+38 1.70141E+38 1.70141E+38 1.70141E+38 1.70141E+38 1.70141E+38 1.70141E+38 1.70141E+38 1.70141E+38 1.70141E+38 1.70141E+38 1.70141E+38 1.70141E+38 1.70141E+38 1.70141E+38 1.70141E+38
677.45281982422 1.70141E+38 1.70141E+38 1.70141E+38 1.70141E+38 1.70141E+38 1.70141E+38 1.70141E+38 1.70141E+38 716.34918212891 723.92254638672 731.35266113281 738.02819824219 742.99981689453 744.908203125 746.08697509766 746.84722900391 747.37261962891 747.73754882812 748.00512695312 748.24749755859 748.51751708984 748.98541259766 750.17541503906 751.65600585938 753.24517822266 754.88305664062 756.51226806641 758.02819824219 1.70141E+38 1.70141E+38 1.70141E+38 1.70141E+38 1.70141E+38 1.70141E+38 1.70141E+38 1.70141E+38 1.70141E+38 1.70141E+38 1.70141E+38 1.70141E+38 1.70141E+38 1.70141E+38 1.70141E+38 1.70141E+38 1.70141E+38 1.70141E+38 1.70141E+38
676.46752929688 1.70141E+38 1.70141E+38 1.70141E+38 1.70141E+38 1.70141E+38 1.70141E+38 1.70141E+38 1.70141E+38 714.51098632812 721.46862792969 728.33044433594 733.98834228516 738.07244873047 740.75988769531 742.28961181641 743.13983154297 743.71575927734 744.16314697266 744.56317138672 744.96453857422 745.41223144531 746.27856445312 747.54858398438 749.15521240234 750.93493652344 752.77728271484 754.62615966797 756.36145019531 757.92755126953 1.70141E+38 1.70141E+38 1.70141E+38 1.70141E+38 1.70141E+38 1.70141E+38 1.70141E+38 1.70141E+38 1.70141E+38 1.70141E+38 1.70141E+38 1.70141E+38 1.70141E+38 1.70141E+38 1.70141E+38 1.70141E+38 735.11022949219 731.56677246094
675.40051269531 1.70141E+38 1.70141E+38 1.70141E+38 1.70141E+38 1.70141E+38 1.70141E+38 1.70141E+38 705.6884765625 712.21551513672 718.52581787109 724.36218261719 729.46502685547 733.39776611328 736.02716064453 737.66058349609 738.74578857422 739.49145507812 740.04046630859 740.57635498047 741.23126220703 742.06652832031 743.15679931641 744.60162353516 746.40637207031 748.46362304688 750.61016845703 752.71240234375 754.63110351562 756.35748291016 757.81127929688 758.95727539062 1.70141E+38 1.70141E+38 1.70141E+38 1.70141E+38 1.70141E+38 1.70141E+38 1.70141E+38 1.70141E+38 1.70141E+38 1.70141E+38 1.70141E+38 1.70141E+38 739.33544921875 735.75140380859 732.13232421875 728.54559326172
673.88220214844 1.70141E+38 1.70141E+38 1.70141E+38 1.70141E+38 1.70141E+38 1.70141E+38 1.70141E+38 703.52239990234 709.40869140625 715.1396484375 720.46752929688 724.99310302734 728.42681884766 730.99774169922 732.71441650391 733.85455322266 734.66668701172 735.38189697266 736.13537597656 736.9970703125 738.05444335938 739.47595214844 741.30322265625 743.45098876953 745.77447509766 748.1884765625 750.61791992188 752.86596679688 754.80737304688 756.35015869141 757.55816650391 758.34252929688 758.74188232422 758.75915527344 1.70141E+38 1.70141E+38 1.70141E+38 1.70141E+38 1.70141E+38 749.97515869141 747.06463623047 743.77313232422 740.25744628906 736.61370849609 732.91534423828 729.19097900391 725.52423095703
672.43695068359 1.70141E+38 1.70141E+38 1.70141E+38 1.70141E+38 1.70141E+38 1.70141E+38 1.70141E+38 701.28082275391 706.8046875 711.95538330078 716.49645996094 720.42395019531 723.57025146484 725.92059326172 727.51293945312 728.61096191406 729.44891357422 730.22644042969 731.06732177734 732.14392089844 733.57055664062 735.34857177734 737.48333740234 739.951171875 742.79315185547 745.74389648438 748.48840332031 750.97454833984 753.13275146484 754.82501220703 756.05609130859 756.81176757812 757.19006347656 757.19244384766 756.7890625 755.99731445312 754.72216796875 753.0029296875 750.80310058594 748.07159423828 744.91802978516 741.45593261719 737.77398681641 733.931640625 730.04760742188 726.22882080078 722.52813720703
671.05810546875 1.70141E+38 1.70141E+38 1.70141E+38 1.70141E+38 1.70141E+38 1.70141E+38 693.94683837891 699.30419921875 704.23266601562 708.77752685547 712.82928466797 716.28015136719 718.89593505859 720.80151367188 722.15893554688 723.12994384766 723.87506103516 724.57708740234 725.50988769531 726.78070068359 728.42956542969 730.50280761719 733.20922851562 736.27508544922 739.54986572266 742.90148925781 746.17614746094 749.11938476562 751.39727783203 753.13421630859 754.38250732422 755.15258789062 755.47546386719 755.42602539062 755.04663085938 754.3095703125 753.14245605469 751.42797851562 749.08129882812 746.22741699219 742.91833496094 739.17669677734 735.19818115234 731.19018554688 727.20196533203 723.28686523438 719.52172851562
670.05993652344 1.70141E+38 1.70141E+38 1.70141E+38 1.70141E+38 1.70141E+38 1.70141E+38 692.53411865234 697.49432373047 702.046875 706.11785888672 709.47540283203 712.21539306641 714.33288574219 715.86651611328 716.89251708984 717.44830322266 717.9521484375 718.56817626953 719.45184326172 720.75372314453 722.75610351562 725.35321044922 728.46240234375 732.00653076172 735.91827392578 739.9921875 743.74475097656 746.98010253906 749.56103515625 751.39300537109 752.53607177734 753.20141601562 753.49462890625 753.47924804688 753.21905517578 752.59716796875 751.49798583984 749.85418701172 747.60046386719 744.57409667969 740.89605712891 736.88104248047 732.68048095703 728.43322753906 724.27703857422 720.32806396484 716.56872558594
1.70141E+38 1.70141E+38 1.70141E+38 1.70141E+38 1.70141E+38 1.70141E+38 1.70141E+38 691.5283203125 696.16467285156 700.14923095703 703.56170654297 706.38714599609 708.60516357422 710.18634033203 711.03796386719 711.49084472656 711.70227050781 711.84887695312 712.14373779297 713.01861572266 714.51751708984 716.69268798828 719.56262207031 723.18566894531 727.41900634766 731.94165039062 736.58325195312 741.11187744141 744.98138427734 747.49865722656 749.27526855469 750.45416259766 751.13330078125 751.31719970703 751.29071044922 751.15844726562 750.81756591797 750.08843994141 748.56921386719 746.17095947266 742.98950195312 739.12548828125 734.74005126953 730.11694335938 725.64978027344 721.38604736328 717.35223388672 713.54376220703
1.70141E+38 1.70141E+38 1.70141E+38 1.70141E+38 1.70141E+38 1.70141E+38 1.70141E+38 1.70141E+38 695.02465820312 698.60028076172 701.56469726562 703.85955810547 705.30657958984 706.14312744141 706.44714355469 706.32452392578 705.9912109375 705.68725585938 705.74255371094 706.36431884766 707.73815917969 710.16387939453 713.51519775391 717.58679199219 722.24554443359 727.33203125 732.63793945312 737.94342041016 742.22393798828 745.146484375 746.99981689453 748.13781738281 748.72320556641 748.89190673828 748.87176513672 749.04327392578 749.10754394531 748.64013671875 747.42260742188 745.26904296875 741.97595214844 737.58648681641 732.69201660156 727.64477539062 722.79223632812 718.41937255859 714.41345214844 710.64910888672
1.70141E+38 1.70141E+38 1.70141E+38 1.70141E+38 1.70141E+38 1.70141E+38 1.70141E+38 1.70141E+38 694.41619873047 697.59710693359 699.939453125 701.54547119141 702.43280029297 702.68280029297 702.30133056641 701.45782470703 700.50030517578 699.64178466797 699.26293945312 699.66229248047 701.09930419922 703.60821533203 707.08245849609 711.45776367188 716.59197998047 722.16656494141 727.93731689453 733.64135742188 738.49664306641 741.79052734375 744.10797119141 745.53271484375 746.22424316406 746.37365722656 746.4921875 746.90460205078 747.39807128906 747.50189208984 746.63146972656 744.54376220703 741.07739257812 736.39282226562 730.91510009766 725.24755859375 720.03472900391 715.60241699219 711.55529785156 707.77038574219
1.70141E+38 1.70141E+38 1.70141E+38 1.70141E+38 1.70141E+38 1.70141E+38 1.70141E+38 1.70141E+38 694.03857421875 696.85589599609 698.83148193359 699.97784423828 700.18792724609 699.599609375 698.46490478516 697.01116943359 695.53106689453 694.14947509766 693.22863769531 693.00598144531 694.26623535156 696.8515625 700.59051513672 705.20831298828 710.57702636719 716.48376464844 722.60040283203 728.61730957031 733.98010253906 738.33148193359 741.09674072266 742.71069335938 743.30004882812 743.52575683594 743.84967041016 744.4970703125 745.30932617188 745.92443847656 745.84826660156 744.3837890625 740.79376220703 735.55114746094 729.38696289062 723.09106445312 717.39337158203 713.02935791016 708.94250488281 705.0966796875
1.70141E+38 1.70141E+38 1.70141E+38 1.70141E+38 1.70141E+38 1.70141E+38 1.70141E+38 1.70141E+38 1.70141E+38 696.77722167969 698.29754638672 698.76849365234 698.33892822266 697.19110107422 695.48712158203 693.27288818359 691.02917480469 689.05438232422 687.69458007812 686.99841308594 687.94818115234 690.31671142578 693.90606689453 698.58081054688 704.09710693359 710.38812255859 717.03985595703 723.59045410156 729.51257324219 734.47607421875 737.97497558594 739.61267089844 739.94165039062 739.99072265625 740.34295654297 741.36639404297 742.74426269531 743.96838378906 744.58489990234 743.95880126953 740.30120849609 734.47833251953 728.01647949219 721.47094726562 715.78253173828 710.83996582031 706.48455810547 702.52679443359
1.70141E+38 1.70141E+38 1.70141E+38 1.70141E+38 1.70141E+38 1.70141E+38 1.70141E+38 1.70141E+38 1.70141E+38 697.1328125 698.24652099609 698.30804443359 697.41418457031 695.43371582031 692.86749267578 690.10943603516 687.369140625 684.857421875 682.83306884766 681.705078125 682.14245605469 684.05010986328 687.21429443359 691.72637939453 697.42700195312 703.98706054688 710.97308349609 718.10363769531 724.98577880859 730.96649169922 734.84350585938 736.57141113281 735.99005126953 735.34967041016 735.96966552734 737.30780029297 739.05139160156 740.85949707031 742.21148681641 742.12359619141 738.572265625 732.60455322266 726.15313720703 719.81311035156 713.97229003906 708.82641601562 704.19299316406 699.98052978516
1.70141E+38 1.70141E+38 1.70141E+38 1.70141E+38 1.70141E+38 1.70141E+38 1.70141E+38 1.70141E+38 1.70141E+38 698.13446044922 699.06878662109 698.48614501953 696.81408691406 694.33837890625 691.27526855469 687.81536865234 684.23919677734 681.1298828125 678.65264892578 677.03179931641 676.57421875 677.52893066406 680.46813964844 684.83117675781 690.46801757812 697.25659179688 704.74505615234 712.35943603516 719.72821044922 726.49926757812 732.24450683594 732.59924316406 730.97424316406 729.90850830078 730.45544433594 732.48168945312 734.67926025391 736.5751953125 737.80261230469 737.66430664062 734.63073730469 729.38940429688 723.427734375 717.43530273438 711.74334716797 706.49798583984 701.73736572266 697.43664550781
1.70141E+38 1.70141E+38 1.70141E+38 1.70141E+38 1.70141E+38 1.70141E+38 1.70141E+38 1.70141E+38 1.70141E+38 699.84539794922 700.20391845703 699.26611328125 697.19830322266 694.08581542969 690.23376464844 686.15362548828 682.07763671875 678.23443603516 674.84387207031 672.46527099609 671.31890869141 671.59405517578 673.51599121094 677.62030029297 683.61645507812 690.58166503906 698.14880371094 705.98748779297 713.6728515625 720.52142333984 725.45751953125 726.8330078125 725.23950195312 723.71362304688 725.00769042969 727.22290039062 729.62603759766 731.64898681641 732.53515625 731.78247070312 729.18371582031 725.00952148438 719.90954589844 714.47589111328 709.08856201172 703.96166992188 699.15802001953 694.763671875
