gis/input_ras/wahp/raw_surf_ow/GM_Numerical_ 04 - Lower Sand_younger.grd
DSAA
157 175
2880056.8709409 2983016.8709409
-256145.63012446 -141305.63012446
696.60211181641 883.69989013672
[rows 69 to 91 of 175, columns 100 to 149 of 157]
773.86157226562 774.251953125 774.89227294922 775.79205322266 776.8818359375 778.10510253906 779.35284423828 780.29412841797 780.87622070312 780.99975585938 780.70617675781 780.05535888672 779.01574707031 777.77838134766 776.60424804688 775.74255371094 775.46655273438 775.42608642578 775.48907470703 775.79241943359 776.38952636719 777.36364746094 778.85723876953 781.18450927734 784.33160400391 788.15832519531 792.40612792969 1.70141E+38 1.70141E+38 1.70141E+38 1.70141E+38 1.70141E+38 1.70141E+38 1.70141E+38 1.70141E+38 1.70141E+38 1.70141E+38 1.70141E+38 1.70141E+38 1.70141E+38 1.70141E+38 824.52917480469 824.18774414062 823.87091064453 823.63446044922 823.52813720703 823.62072753906 823.97143554688 824.53619384766 825.30328369141
777.775390625 778.05981445312 778.54467773438 779.18499755859 779.94427490234 780.74145507812 781.48583984375 782.03820800781 782.30493164062 782.19946289062 781.61254882812 780.69915771484 779.50408935547 778.07806396484 776.47113037109 775.99401855469 776.00524902344 776.25793457031 776.64453125 777.26867675781 778.19207763672 779.40344238281 780.96911621094 783.12646484375 787.00201416016 791.43341064453 1.70141E+38 1.70141E+38 1.70141E+38 1.70141E+38 1.70141E+38 1.70141E+38 1.70141E+38 1.70141E+38 1.70141E+38 1.70141E+38 1.70141E+38 1.70141E+38 1.70141E+38 1.70141E+38 1.70141E+38 827.83862304688 827.3359375 826.82495117188 826.44189453125 826.22674560547 826.20251464844 826.38732910156 826.79772949219 827.46765136719
781.87670898438 782.14801025391 782.56414794922 783.06097412109 783.55383300781 784.00244140625 784.36383056641 784.57415771484 784.44708251953 784.01025390625 783.25616455078 782.19976806641 780.85864257812 779.40216064453 778.18731689453 777.46002197266 777.39776611328 777.76330566406 778.40319824219 779.30963134766 780.49694824219 781.98498535156 783.90832519531 786.78625488281 1.70141E+38 1.70141E+38 1.70141E+38 1.70141E+38 1.70141E+38 1.70141E+38 1.70141E+38 1.70141E+38 1.70141E+38 1.70141E+38 1.70141E+38 1.70141E+38 1.70141E+38 1.70141E+38 1.70141E+38 1.70141E+38 1.70141E+38 831.30963134766 830.62280273438 829.97210693359 829.41766357422 829.01245117188 828.86065673828 828.94921875 829.25421142578 829.75732421875
785.96368408203 786.48022460938 786.98944091797 787.41955566406 787.73303222656 787.91772460938 787.88000488281 787.66003417969 787.24096679688 786.58654785156 785.59075927734 784.32086181641 782.92309570312 781.52203369141 780.31884765625 779.68530273438 779.58544921875 779.93048095703 780.66815185547 781.76116943359 783.29418945312 785.26031494141 787.74621582031 1.70141E+38 1.70141E+38 1.70141E+38 1.70141E+38 1.70141E+38 1.70141E+38 1.70141E+38 1.70141E+38 1.70141E+38 1.70141E+38 1.70141E+38 1.70141E+38 1.70141E+38 1.70141E+38 1.70141E+38 1.70141E+38 1.70141E+38 835.59356689453 834.822265625 833.9794921875 833.16937255859 832.48022460938 831.9638671875 831.65496826172 831.57049560547 831.75708007812 832.17340087891
790.09783935547 790.96850585938 791.63818359375 792.130859375 792.29888916016 792.17169189453 791.81408691406 791.30706787109 790.54095458984 789.53979492188 788.3408203125 786.96600341797 785.49591064453 784.10137939453 782.99761962891 782.29449462891 782.12756347656 782.48767089844 783.38323974609 784.73498535156 786.54193115234 788.81927490234 791.65380859375 1.70141E+38 1.70141E+38 1.70141E+38 1.70141E+38 1.70141E+38 1.70141E+38 1.70141E+38 1.70141E+38 1.70141E+38 1.70141E+38 1.70141E+38 1.70141E+38 1.70141E+38 1.70141E+38 1.70141E+38 1.70141E+38 1.70141E+38 839.21209716797 838.31927490234 837.34039306641 836.39129638672 835.54632568359 834.88616943359 834.47424316406 834.30578613281 834.36633300781 834.63598632812
793.85809326172 795.22131347656 796.33898925781 796.95465087891 797.00494384766 796.69561767578 796.00885009766 795.08972167969 794.01043701172 792.81860351562 791.45336914062 789.92095947266 788.38897705078 786.97796630859 785.87023925781 785.17346191406 785.04431152344 785.44403076172 786.40582275391 787.90911865234 789.93951416016 792.62536621094 1.70141E+38 1.70141E+38 1.70141E+38 1.70141E+38 1.70141E+38 1.70141E+38 1.70141E+38 1.70141E+38 1.70141E+38 1.70141E+38 1.70141E+38 1.70141E+38 1.70141E+38 1.70141E+38 1.70141E+38 1.70141E+38 1.70141E+38 843.50506591797 842.65032958984 841.63830566406 840.55322265625 839.51306152344 838.57824707031 837.82147216797 837.27783203125 836.98193359375 836.96258544922 837.15704345703
797.38116455078 799.30810546875 800.76965332031 801.64196777344 801.58209228516 800.97326660156 800.05554199219 798.93292236328 797.64538574219 796.17413330078 794.62237548828 793.02734375 791.45465087891 790.02520751953 788.92517089844 788.23645019531 788.123046875 788.5546875 789.58880615234 791.2841796875 793.57757568359 1.70141E+38 1.70141E+38 1.70141E+38 1.70141E+38 1.70141E+38 1.70141E+38 1.70141E+38 1.70141E+38 1.70141E+38 1.70141E+38 1.70141E+38 1.70141E+38 1.70141E+38 1.70141E+38 1.70141E+38 1.70141E+38 1.70141E+38 847.36932373047 846.70684814453 845.80017089844 844.73791503906 843.59765625 842.46905517578 841.43884277344 840.61724853516 840.00885009766 839.63751220703 839.51336669922 839.60968017578
800.05828857422 802.58868408203 804.93212890625 805.83068847656 805.63690185547 804.88537597656 803.83068847656 802.51788330078 801.04663085938 799.47406005859 797.82983398438 796.14617919922 794.52905273438 793.12677001953 792.04711914062 791.37548828125 791.24450683594 791.73608398438 792.921875 794.72125244141 797.123046875 1.70141E+38 1.70141E+38 1.70141E+38 1.70141E+38 1.70141E+38 1.70141E+38 1.70141E+38 1.70141E+38 1.70141E+38 1.70141E+38 1.70141E+38 1.70141E+38 1.70141E+38 1.70141E+38 1.70141E+38 1.70141E+38 850.61248779297 850.19183349609 849.51708984375 848.60559082031 847.50811767578 846.33251953125 845.18322753906 844.12799072266 843.23449707031 842.5576171875 842.15008544922 841.97698974609 842.01525878906
802.10607910156 805.07159423828 807.5751953125 808.97473144531 808.81042480469 808.07824707031 807.00268554688 805.69952392578 804.21307373047 802.57922363281 800.86566162109 799.16375732422 797.55639648438 796.13470458984 795.05474853516 794.47650146484 794.44580078125 794.98992919922 796.14453125 798.03515625 1.70141E+38 1.70141E+38 1.70141E+38 1.70141E+38 1.70141E+38 1.70141E+38 1.70141E+38 1.70141E+38 1.70141E+38 1.70141E+38 1.70141E+38 1.70141E+38 1.70141E+38 1.70141E+38 1.70141E+38 1.70141E+38 852.98748779297 852.92327880859 852.5546875 851.87438964844 850.95288085938 849.88067626953 848.72497558594 847.56988525391 846.51666259766 845.63256835938 844.94482421875 844.47351074219 844.24627685547 844.26422119141
803.22296142578 806.43194580078 809.07556152344 810.43890380859 810.76141357422 810.40698242188 809.59228515625 808.41168212891 806.94744873047 805.34423828125 803.66131591797 801.9609375 800.36669921875 799.03460693359 798.04583740234 797.48114013672 797.41345214844 798.07171630859 799.40814208984 801.37127685547 1.70141E+38 1.70141E+38 1.70141E+38 1.70141E+38 1.70141E+38 1.70141E+38 1.70141E+38 1.70141E+38 1.70141E+38 1.70141E+38 1.70141E+38 1.70141E+38 1.70141E+38 1.70141E+38 1.70141E+38 1.70141E+38 854.73352050781 854.67059326172 854.31811523438 853.70306396484 852.85931396484 851.82653808594 850.70983886719 849.61120605469 848.58917236328 847.69635009766 847.0263671875 846.59155273438 846.3662109375 846.33819580078
803.88140869141 807.09197998047 809.61389160156 811.33624267578 812.17883300781 812.08166503906 811.47924804688 810.49249267578 809.21002197266 807.70782470703 806.07208251953 804.45458984375 802.94964599609 801.65161132812 800.67315673828 800.26281738281 800.37768554688 801.06024169922 802.34100341797 1.70141E+38 1.70141E+38 1.70141E+38 1.70141E+38 1.70141E+38 1.70141E+38 1.70141E+38 1.70141E+38 1.70141E+38 1.70141E+38 1.70141E+38 1.70141E+38 1.70141E+38 1.70141E+38 1.70141E+38 1.70141E+38 855.41381835938 855.80627441406 855.86297607422 855.61059570312 855.01226806641 854.20806884766 853.26483154297 852.24261474609 851.20208740234 850.26007080078 849.46118164062 848.83197021484 848.39239501953 848.16491699219 848.17767333984
804.17926025391 807.55889892578 810.20111083984 811.92755126953 812.89141845703 813.18823242188 812.90643310547 812.07946777344 810.90704345703 809.53070068359 808.03552246094 806.50946044922 805.07208251953 803.93048095703 803.13244628906 802.75 802.85778808594 803.62298583984 1.70141E+38 1.70141E+38 1.70141E+38 1.70141E+38 1.70141E+38 1.70141E+38 1.70141E+38 1.70141E+38 1.70141E+38 1.70141E+38 1.70141E+38 1.70141E+38 1.70141E+38 1.70141E+38 1.70141E+38 1.70141E+38 1.70141E+38 855.99298095703 856.43341064453 856.47790527344 856.23950195312 855.75677490234 855.06903076172 854.19421386719 853.27172851562 852.36517333984 851.52282714844 850.78894042969 850.22625732422 849.88757324219 849.72888183594 849.74041748047
804.48492431641 807.80065917969 810.41784667969 812.33850097656 813.48645019531 813.90447998047 813.72161865234 813.10485839844 812.14019775391 810.880859375 809.48223876953 808.10638427734 806.84912109375 805.80047607422 805.08465576172 804.833984375 805.12829589844 805.94488525391 1.70141E+38 1.70141E+38 1.70141E+38 1.70141E+38 1.70141E+38 1.70141E+38 1.70141E+38 1.70141E+38 1.70141E+38 1.70141E+38 1.70141E+38 1.70141E+38 1.70141E+38 1.70141E+38 1.70141E+38 1.70141E+38 1.70141E+38 856.03472900391 856.47344970703 856.60491943359 856.4287109375 855.99060058594 855.373046875 854.64996337891 853.86975097656 853.06622314453 852.337890625 851.75817871094 851.32092285156 851.04132080078 850.9365234375 851.01641845703
804.66613769531 808.0380859375 810.63500976562 812.50659179688 813.64672851562 814.20483398438 814.1875 813.66870117188 812.79821777344 811.69958496094 810.48413085938 809.23876953125 808.09710693359 807.22009277344 806.70068359375 806.56329345703 806.91052246094 1.70141E+38 1.70141E+38 1.70141E+38 1.70141E+38 1.70141E+38 1.70141E+38 1.70141E+38 1.70141E+38 1.70141E+38 1.70141E+38 1.70141E+38 1.70141E+38 1.70141E+38 1.70141E+38 1.70141E+38 1.70141E+38 1.70141E+38 1.70141E+38 855.67443847656 856.10583496094 856.22747802734 856.08709716797 855.75659179688 855.25305175781 854.62622070312 853.96960449219 853.35278320312 852.79864501953 852.33258056641 851.9970703125 851.84777832031 851.86486816406 852.01733398438
804.83905029297 808.17053222656 810.59503173828 812.39605712891 813.53479003906 814.11163330078 814.14801025391 813.75402832031 813.02404785156 812.03503417969 810.93542480469 809.86767578125 808.94476318359 808.23596191406 807.83880615234 1.70141E+38 1.70141E+38 1.70141E+38 1.70141E+38 1.70141E+38 1.70141E+38 1.70141E+38 1.70141E+38 1.70141E+38 1.70141E+38 1.70141E+38 1.70141E+38 1.70141E+38 1.70141E+38 1.70141E+38 1.70141E+38 1.70141E+38 1.70141E+38 1.70141E+38 1.70141E+38 854.88293457031 855.28295898438 855.43218994141 855.33520507812 855.0615234375 854.66192626953 854.20355224609 853.71173095703 853.22265625 852.79754638672 852.51330566406 852.36352539062 852.33880615234 852.44580078125 852.68078613281
804.9140625 807.95739746094 810.24877929688 811.9443359375 813.04797363281 813.62878417969 813.68121337891 813.35601806641 812.72937011719 811.90325927734 810.99334716797 810.08618164062 1.70141E+38 1.70141E+38 1.70141E+38 1.70141E+38 1.70141E+38 1.70141E+38 1.70141E+38 1.70141E+38 1.70141E+38 1.70141E+38 1.70141E+38 1.70141E+38 1.70141E+38 1.70141E+38 1.70141E+38 1.70141E+38 1.70141E+38 1.70141E+38 1.70141E+38 1.70141E+38 1.70141E+38 1.70141E+38 1.70141E+38 1.70141E+38 854.08905029297 854.24798583984 854.20568847656 854.02825927734 853.72717285156 853.37646484375 853.01373291016 852.72259521484 852.50286865234 852.36358642578 852.34033203125 852.44311523438 852.71649169922 853.08825683594
804.17150878906 807.26849365234 809.45263671875 811.01239013672 812.06616210938 812.65240478516 812.80755615234 812.57489013672 812.03881835938 1.70141E+38 1.70141E+38 1.70141E+38 1.70141E+38 1.70141E+38 1.70141E+38 1.70141E+38 1.70141E+38 1.70141E+38 1.70141E+38 1.70141E+38 1.70141E+38 1.70141E+38 1.70141E+38 1.70141E+38 1.70141E+38 1.70141E+38 1.70141E+38 1.70141E+38 1.70141E+38 1.70141E+38 1.70141E+38 1.70141E+38 1.70141E+38 1.70141E+38 1.70141E+38 1.70141E+38 1.70141E+38 852.76770019531 852.76489257812 852.65014648438 852.45886230469 852.26440429688 852.06134033203 851.90649414062 851.82501220703 851.84631347656 852.02209472656 852.2958984375 852.67724609375 853.15484619141
803.01153564453 805.83782958984 808.009765625 809.62420654297 810.73956298828 811.30041503906 811.46166992188 811.32409667969 1.70141E+38 1.70141E+38 1.70141E+38 1.70141E+38 1.70141E+38 1.70141E+38 1.70141E+38 1.70141E+38 1.70141E+38 1.70141E+38 1.70141E+38 1.70141E+38 1.70141E+38 1.70141E+38 1.70141E+38 1.70141E+38 1.70141E+38 1.70141E+38 1.70141E+38 1.70141E+38 1.70141E+38 1.70141E+38 1.70141E+38 1.70141E+38 1.70141E+38 1.70141E+38 1.70141E+38 1.70141E+38 1.70141E+38 1.70141E+38 851.12225341797 851.07379150391 850.98260498047 850.88800048828 850.81793212891 850.81298828125 850.90869140625 851.10180664062 851.40167236328 851.80969238281 852.34252929688 852.96856689453
801.42437744141 804.13763427734 806.25659179688 807.75970458984 808.82513427734 809.49072265625 809.80133056641 1.70141E+38 1.70141E+38 1.70141E+38 1.70141E+38 1.70141E+38 1.70141E+38 1.70141E+38 1.70141E+38 1.70141E+38 1.70141E+38 1.70141E+38 1.70141E+38 1.70141E+38 1.70141E+38 1.70141E+38 1.70141E+38 1.70141E+38 1.70141E+38 1.70141E+38 1.70141E+38 1.70141E+38 1.70141E+38 1.70141E+38 1.70141E+38 1.70141E+38 1.70141E+38 1.70141E+38 1.70141E+38 1.70141E+38 1.70141E+38 1.70141E+38 1.70141E+38 849.34637451172 849.34545898438 849.35076904297 849.41290283203 849.54638671875 849.76629638672 850.08483886719 850.53088378906 851.09924316406 851.76104736328 852.50213623047
799.53216552734 801.91918945312 803.89483642578 805.46453857422 806.62225341797 807.32342529297 1.70141E+38 1.70141E+38 1.70141E+38 1.70141E+38 1.70141E+38 1.70141E+38 1.70141E+38 1.70141E+38 1.70141E+38 1.70141E+38 1.70141E+38 1.70141E+38 1.70141E+38 1.70141E+38 1.70141E+38 1.70141E+38 1.70141E+38 1.70141E+38 1.70141E+38 1.70141E+38 1.70141E+38 1.70141E+38 1.70141E+38 1.70141E+38 1.70141E+38 1.70141E+38 1.70141E+38 1.70141E+38 1.70141E+38 1.70141E+38 1.70141E+38 1.70141E+38 1.70141E+38 1.70141E+38 847.63275146484 847.74072265625 847.89825439453 848.12237548828 848.46203613281 848.91979980469 849.48590087891 850.158203125 850.92419433594 851.79473876953
796.93359375 799.26177978516 801.19488525391 802.72888183594 803.90673828125 1.70141E+38 1.70141E+38 1.70141E+38 1.70141E+38 1.70141E+38 1.70141E+38 1.70141E+38 1.70141E+38 1.70141E+38 1.70141E+38 1.70141E+38 1.70141E+38 1.70141E+38 1.70141E+38 1.70141E+38 1.70141E+38 1.70141E+38 1.70141E+38 1.70141E+38 1.70141E+38 1.70141E+38 1.70141E+38 1.70141E+38 1.70141E+38 1.70141E+38 1.70141E+38 1.70141E+38 1.70141E+38 1.70141E+38 1.70141E+38 1.70141E+38 1.70141E+38 1.70141E+38 1.70141E+38 1.70141E+38 1.70141E+38 1.70141E+38 846.33990478516 846.67980957031 847.10864257812 847.6416015625 848.28643798828 849.07440185547 849.95861816406 850.92315673828
793.67858886719 795.99365234375 797.97375488281 799.63079833984 800.91613769531 1.70141E+38 1.70141E+38 1.70141E+38 1.70141E+38 1.70141E+38 1.70141E+38 1.70141E+38 1.70141E+38 1.70141E+38 1.70141E+38 1.70141E+38 1.70141E+38 1.70141E+38 1.70141E+38 1.70141E+38 1.70141E+38 1.70141E+38 1.70141E+38 1.70141E+38 1.70141E+38 1.70141E+38 1.70141E+38 1.70141E+38 1.70141E+38 1.70141E+38 1.70141E+38 1.70141E+38 1.70141E+38 1.70141E+38 1.70141E+38 1.70141E+38 1.70141E+38 1.70141E+38 1.70141E+38 1.70141E+38 1.70141E+38 1.70141E+38 1.70141E+38 845.21520996094 845.71032714844 846.33349609375 847.06555175781 847.90966796875 848.85729980469 849.89398193359
789.79254150391 792.29699707031 794.39685058594 796.16217041016 797.60510253906 1.70141E+38 1.70141E+38 1.70141E+38 1.70141E+38 1.70141E+38 1.70141E+38 1.70141E+38 1.70141E+38 1.70141E+38 1.70141E+38 1.70141E+38 1.70141E+38 1.70141E+38 1.70141E+38 1.70141E+38 1.70141E+38 1.70141E+38 1.70141E+38 1.70141E+38 1.70141E+38 1.70141E+38 1.70141E+38 1.70141E+38 1.70141E+38 1.70141E+38 1.70141E+38 1.70141E+38 1.70141E+38 1.70141E+38 1.70141E+38 1.70141E+38 1.70141E+38 1.70141E+38 1.70141E+38 1.70141E+38 1.70141E+38 1.70141E+38 1.70141E+38 843.79919433594 844.37176513672 845.03295898438 845.80310058594 846.693359375 847.70361328125 848.8046875
