gis/input_ras/wahp/raw_surf_ow/GM_Numerical_ 04 - Lower Sand_younger.grd
DSAA
157 175
2880056.8709409 2983016.8709409
-256145.63012446 -141305.63012446
696.60211181641 883.69989013672
[rows 0 to 22 of 175, columns 100 to 149 of 157]
722.93792724609 1.70141E+38 1.70141E+38 1.70141E+38 1.70141E+38 733.32556152344 739.88513183594 746.91912841797 1.70141E+38 1.70141E+38 1.70141E+38 1.70141E+38 1.70141E+38 1.70141E+38 1.70141E+38 1.70141E+38 1.70141E+38 1.70141E+38 1.70141E+38 1.70141E+38 1.70141E+38 800.10076904297 803.82641601562 807.41912841797 810.13507080078 811.61047363281 811.7626953125 810.99005126953 809.37945556641 807.12414550781 804.22967529297 800.59271240234 796.34643554688 1.70141E+38 1.70141E+38 1.70141E+38 1.70141E+38 1.70141E+38 1.70141E+38 1.70141E+38 1.70141E+38 1.70141E+38 1.70141E+38 1.70141E+38 1.70141E+38 1.70141E+38 1.70141E+38 1.70141E+38 759.50885009766 759.66888427734
725.56457519531 723.37634277344 1.70141E+38 1.70141E+38 1.70141E+38 734.23229980469 741.42376708984 749.07006835938 756.45794677734 1.70141E+38 1.70141E+38 1.70141E+38 1.70141E+38 1.70141E+38 1.70141E+38 1.70141E+38 1.70141E+38 1.70141E+38 1.70141E+38 1.70141E+38 1.70141E+38 801.24340820312 804.77606201172 808.29534912109 810.85430908203 812.01446533203 811.92163085938 811.15002441406 809.62805175781 807.45080566406 804.63519287109 801.173828125 797.13360595703 1.70141E+38 1.70141E+38 1.70141E+38 1.70141E+38 1.70141E+38 1.70141E+38 1.70141E+38 1.70141E+38 1.70141E+38 1.70141E+38 1.70141E+38 1.70141E+38 1.70141E+38 1.70141E+38 1.70141E+38 759.57446289062 759.71868896484
727.90612792969 725.01049804688 1.70141E+38 1.70141E+38 1.70141E+38 735.63555908203 743.43804931641 751.49481201172 759.2724609375 765.98699951172 1.70141E+38 1.70141E+38 1.70141E+38 1.70141E+38 1.70141E+38 1.70141E+38 1.70141E+38 1.70141E+38 1.70141E+38 1.70141E+38 1.70141E+38 801.68450927734 805.18371582031 808.66625976562 811.22924804688 811.92584228516 811.75402832031 810.97442626953 809.60089111328 807.64337158203 804.99530029297 801.69769287109 797.82849121094 1.70141E+38 1.70141E+38 1.70141E+38 1.70141E+38 1.70141E+38 1.70141E+38 1.70141E+38 1.70141E+38 1.70141E+38 1.70141E+38 1.70141E+38 1.70141E+38 1.70141E+38 1.70141E+38 1.70141E+38 1.70141E+38 760.34588623047
730.76605224609 726.80120849609 725.12286376953 1.70141E+38 730.46026611328 737.41058349609 745.61590576172 754.41522216797 762.46295166016 769.00518798828 774.07330322266 1.70141E+38 1.70141E+38 1.70141E+38 1.70141E+38 1.70141E+38 1.70141E+38 1.70141E+38 1.70141E+38 1.70141E+38 1.70141E+38 801.42065429688 804.72674560547 807.84637451172 810.13165283203 811.05609130859 811.09967041016 810.50354003906 809.29089355469 807.52410888672 805.18096923828 802.21655273438 798.60534667969 1.70141E+38 1.70141E+38 1.70141E+38 1.70141E+38 1.70141E+38 1.70141E+38 1.70141E+38 1.70141E+38 1.70141E+38 1.70141E+38 1.70141E+38 1.70141E+38 1.70141E+38 1.70141E+38 1.70141E+38 761.51092529297 761.55407714844
733.18701171875 728.90771484375 727.33856201172 728.53967285156 732.73413085938 739.70709228516 748.12878417969 757.08551025391 765.69488525391 772.63299560547 776.39044189453 1.70141E+38 1.70141E+38 1.70141E+38 1.70141E+38 1.70141E+38 1.70141E+38 1.70141E+38 1.70141E+38 1.70141E+38 1.70141E+38 800.58673095703 803.6533203125 806.48077392578 808.53662109375 809.57659912109 809.88220214844 809.59411621094 808.76849365234 807.32763671875 805.18841552734 802.47955322266 799.23803710938 795.53155517578 1.70141E+38 1.70141E+38 1.70141E+38 1.70141E+38 1.70141E+38 1.70141E+38 1.70141E+38 1.70141E+38 1.70141E+38 1.70141E+38 1.70141E+38 1.70141E+38 1.70141E+38 1.70141E+38 763.33068847656 763.30401611328
736.53393554688 730.6826171875 728.95208740234 731.23468017578 735.67547607422 741.98254394531 749.85870361328 758.96038818359 768.46429443359 774.48229980469 777.81311035156 780.07891845703 1.70141E+38 1.70141E+38 1.70141E+38 1.70141E+38 1.70141E+38 1.70141E+38 1.70141E+38 1.70141E+38 1.70141E+38 799.45587158203 802.28485107422 804.72552490234 806.62780761719 807.91082763672 808.56018066406 808.47576904297 807.86383056641 806.71307373047 805.01385498047 802.73394775391 799.79113769531 796.45385742188 792.83221435547 789.03576660156 785.18981933594 1.70141E+38 1.70141E+38 775.01141357422 1.70141E+38 1.70141E+38 1.70141E+38 1.70141E+38 1.70141E+38 1.70141E+38 1.70141E+38 1.70141E+38 765.80712890625 765.66925048828
740.86962890625 734.76104736328 732.59216308594 733.93823242188 737.45715332031 743.33294677734 750.59881591797 758.69903564453 766.74572753906 773.37554931641 776.64898681641 779.40313720703 1.70141E+38 1.70141E+38 1.70141E+38 1.70141E+38 1.70141E+38 1.70141E+38 1.70141E+38 1.70141E+38 1.70141E+38 798.25396728516 800.80432128906 803.08581542969 804.90631103516 806.10491943359 806.82122802734 807.06018066406 806.82061767578 805.93695068359 804.49822998047 802.55487060547 800.14208984375 797.31085205078 794.06024169922 790.72424316406 787.3740234375 784.10491943359 781.0009765625 778.27752685547 1.70141E+38 1.70141E+38 1.70141E+38 1.70141E+38 1.70141E+38 1.70141E+38 1.70141E+38 769.31500244141 769.09692382812 768.82080078125
746.88983154297 740.07543945312 736.83752441406 736.92309570312 739.3720703125 743.80474853516 749.78607177734 757.05023193359 763.9443359375 769.67858886719 774.28692626953 777.87420654297 1.70141E+38 1.70141E+38 1.70141E+38 1.70141E+38 1.70141E+38 1.70141E+38 1.70141E+38 1.70141E+38 1.70141E+38 797.18530273438 799.43853759766 801.35406494141 802.95727539062 804.20953369141 805.03503417969 805.38256835938 805.28765869141 804.75616455078 803.77203369141 802.193359375 800.14001464844 797.75305175781 795.10144042969 792.27215576172 789.28717041016 786.47045898438 783.86560058594 781.50549316406 779.43927001953 1.70141E+38 1.70141E+38 1.70141E+38 1.70141E+38 1.70141E+38 773.54675292969 773.42700195312 773.21405029297 772.64770507812
752.60882568359 745.45428466797 740.70275878906 738.68450927734 739.88739013672 743.421875 748.55584716797 754.51794433594 760.75518798828 766.55358886719 771.45227050781 1.70141E+38 1.70141E+38 1.70141E+38 1.70141E+38 1.70141E+38 1.70141E+38 1.70141E+38 1.70141E+38 1.70141E+38 1.70141E+38 796.14465332031 797.90191650391 799.55187988281 800.98931884766 802.08489990234 802.88232421875 803.39251708984 803.53302001953 803.21917724609 802.49615478516 801.39068603516 799.91156005859 797.98266601562 795.7197265625 793.37573242188 790.99627685547 788.65936279297 786.39965820312 784.35534667969 782.70562744141 781.32794189453 780.19866943359 1.70141E+38 1.70141E+38 778.11975097656 777.94171142578 778.12445068359 777.9228515625 776.95678710938
757.46893310547 748.86315917969 742.93310546875 739.73077392578 739.54241943359 741.88720703125 746.32165527344 751.85900878906 757.734375 763.50531005859 768.96441650391 1.70141E+38 1.70141E+38 1.70141E+38 1.70141E+38 1.70141E+38 1.70141E+38 1.70141E+38 1.70141E+38 1.70141E+38 1.70141E+38 794.96795654297 796.36853027344 797.60040283203 798.69818115234 799.67651367188 800.46246337891 801.00390625 801.26861572266 801.27331542969 800.95104980469 800.1904296875 799.08190917969 797.71984863281 796.09606933594 794.22253417969 792.22161865234 790.28094482422 788.57489013672 787.04583740234 785.693359375 784.57067871094 783.70404052734 783.08447265625 782.62548828125 782.30706787109 782.17919921875 782.33569335938 781.52380371094 780.92041015625
761.14422607422 751.00726318359 743.14630126953 738.65740966797 737.86517333984 739.72607421875 743.74694824219 749.09246826172 755.01654052734 760.96710205078 766.67071533203 1.70141E+38 1.70141E+38 1.70141E+38 1.70141E+38 1.70141E+38 1.70141E+38 1.70141E+38 1.70141E+38 1.70141E+38 1.70141E+38 793.52709960938 794.36706542969 795.28344726562 796.15502929688 796.95233154297 797.63067626953 798.22338867188 798.62109375 798.8076171875 798.77062988281 798.54943847656 798.03186035156 797.0654296875 795.83093261719 794.4228515625 793.01098632812 791.60693359375 790.26379394531 789.08618164062 788.15673828125 787.48510742188 786.96801757812 786.58032226562 786.33276367188 786.23132324219 786.12225341797 785.78649902344 784.99151611328 784.47589111328
761.68249511719 750.31414794922 741.59637451172 736.15979003906 734.69384765625 736.80297851562 741.14733886719 746.62213134766 752.70098876953 758.98602294922 1.70141E+38 1.70141E+38 1.70141E+38 1.70141E+38 1.70141E+38 1.70141E+38 1.70141E+38 1.70141E+38 1.70141E+38 1.70141E+38 1.70141E+38 791.677734375 792.15643310547 792.64855957031 793.1455078125 793.75921630859 794.38287353516 794.96514892578 795.47540283203 795.92694091797 796.22808837891 796.35632324219 796.2568359375 795.88793945312 795.17828369141 794.16290283203 793.11279296875 792.11236572266 791.30657958984 790.66760253906 790.12316894531 789.75592041016 789.55871582031 789.57574462891 789.62030029297 789.65447998047 789.62243652344 789.37872314453 788.85150146484 787.97088623047
759.17944335938 746.53173828125 736.74670410156 731.85565185547 731.26263427734 733.86688232422 738.61322021484 744.67864990234 751.15380859375 757.64770507812 1.70141E+38 1.70141E+38 1.70141E+38 1.70141E+38 1.70141E+38 1.70141E+38 1.70141E+38 1.70141E+38 1.70141E+38 1.70141E+38 1.70141E+38 789.42895507812 789.38403320312 789.51239013672 789.767578125 790.15277099609 790.66473388672 791.28472900391 791.87268066406 792.44268798828 793.00701904297 793.64379882812 794.11016845703 794.11346435547 793.73297119141 793.08349609375 792.51135253906 792.02777099609 791.66363525391 791.40759277344 791.25 791.34112548828 791.58074951172 791.87017822266 792.14416503906 792.35809326172 792.50103759766 792.33337402344 791.80554199219 790.87841796875
750.98046875 740.12518310547 731.20043945312 726.09417724609 726.91326904297 731.53106689453 737.25769042969 743.64990234375 750.37060546875 1.70141E+38 1.70141E+38 1.70141E+38 1.70141E+38 1.70141E+38 1.70141E+38 1.70141E+38 1.70141E+38 1.70141E+38 1.70141E+38 1.70141E+38 1.70141E+38 786.76116943359 786.27423095703 785.94226074219 785.84088134766 786.03973388672 786.47888183594 787.08160400391 787.74847412109 788.34466552734 789.15393066406 790.12896728516 791.11169433594 791.85314941406 791.51507568359 791.18011474609 790.99365234375 790.98699951172 791.12561035156 791.36206054688 791.61663818359 792.02606201172 792.61584472656 793.33807373047 793.81475830078 794.21868896484 794.46417236328 794.44604492188 794.00579833984 792.93212890625
740.79388427734 732.74188232422 725.74096679688 723.58563232422 726.01940917969 731.1064453125 737.20556640625 743.89105224609 1.70141E+38 1.70141E+38 1.70141E+38 1.70141E+38 1.70141E+38 1.70141E+38 1.70141E+38 1.70141E+38 1.70141E+38 1.70141E+38 1.70141E+38 1.70141E+38 1.70141E+38 1.70141E+38 782.65832519531 781.89782714844 781.42980957031 781.28466796875 781.51080322266 782.14935302734 782.72943115234 783.40887451172 784.29931640625 785.47790527344 786.93505859375 787.72033691406 787.97650146484 788.01000976562 788.29919433594 788.93951416016 789.55883789062 790.15386962891 790.82238769531 791.63391113281 792.64526367188 793.63262939453 794.51763916016 795.23931884766 795.66888427734 795.69781494141 795.24822998047 794.28167724609
730.52392578125 726.26788330078 724.19342041016 724.43188476562 727.49377441406 732.87463378906 739.0732421875 1.70141E+38 1.70141E+38 1.70141E+38 1.70141E+38 1.70141E+38 1.70141E+38 1.70141E+38 1.70141E+38 1.70141E+38 1.70141E+38 1.70141E+38 1.70141E+38 1.70141E+38 1.70141E+38 1.70141E+38 1.70141E+38 777.26849365234 776.45275878906 776.00250244141 775.95416259766 776.24938964844 776.81079101562 777.53942871094 778.56121826172 779.78985595703 781.09106445312 782.25720214844 782.85638427734 783.58154296875 784.54919433594 785.73120117188 786.85516357422 787.77252197266 788.98284912109 790.34838867188 791.80938720703 793.20684814453 794.455078125 795.48681640625 796.17181396484 796.43328857422 796.10028076172 795.13092041016
722.95300292969 722.21832275391 723.08874511719 726.30029296875 731.10003662109 736.498046875 742.41833496094 1.70141E+38 1.70141E+38 1.70141E+38 1.70141E+38 1.70141E+38 1.70141E+38 1.70141E+38 1.70141E+38 1.70141E+38 1.70141E+38 1.70141E+38 1.70141E+38 1.70141E+38 1.70141E+38 1.70141E+38 1.70141E+38 1.70141E+38 771.07720947266 770.16180419922 769.84783935547 769.95495605469 770.41271972656 771.15600585938 772.13159179688 773.35131835938 774.64953613281 775.87335205078 777.04241943359 778.22338867188 779.56225585938 781.18438720703 1.70141E+38 1.70141E+38 1.70141E+38 1.70141E+38 790.06707763672 792.03399658203 793.83135986328 795.26397705078 796.20794677734 796.63940429688 796.46765136719 795.67816162109
1.70141E+38 720.24328613281 725.22064208984 730.47857666016 735.91870117188 1.70141E+38 1.70141E+38 1.70141E+38 1.70141E+38 1.70141E+38 1.70141E+38 1.70141E+38 1.70141E+38 1.70141E+38 1.70141E+38 1.70141E+38 1.70141E+38 1.70141E+38 1.70141E+38 1.70141E+38 1.70141E+38 1.70141E+38 1.70141E+38 1.70141E+38 1.70141E+38 1.70141E+38 763.53186035156 763.38165283203 763.75921630859 764.46252441406 765.41705322266 766.56628417969 767.90405273438 769.28228759766 770.63885498047 772.12316894531 1.70141E+38 1.70141E+38 1.70141E+38 1.70141E+38 1.70141E+38 1.70141E+38 787.81469726562 790.22882080078 792.46038818359 794.40344238281 795.83020019531 796.58795166016 796.576171875 795.89978027344
1.70141E+38 724.50646972656 730.43603515625 736.54522705078 1.70141E+38 1.70141E+38 1.70141E+38 1.70141E+38 1.70141E+38 1.70141E+38 1.70141E+38 1.70141E+38 1.70141E+38 1.70141E+38 1.70141E+38 1.70141E+38 1.70141E+38 1.70141E+38 1.70141E+38 1.70141E+38 1.70141E+38 1.70141E+38 1.70141E+38 1.70141E+38 1.70141E+38 1.70141E+38 1.70141E+38 1.70141E+38 1.70141E+38 1.70141E+38 1.70141E+38 1.70141E+38 1.70141E+38 1.70141E+38 1.70141E+38 1.70141E+38 1.70141E+38 1.70141E+38 1.70141E+38 1.70141E+38 1.70141E+38 781.62548828125 784.75207519531 787.94647216797 790.89410400391 793.22644042969 795.00140380859 796.11108398438 796.41955566406 795.89813232422
729.75762939453 733.52752685547 739.22540283203 1.70141E+38 1.70141E+38 1.70141E+38 1.70141E+38 1.70141E+38 1.70141E+38 1.70141E+38 1.70141E+38 1.70141E+38 1.70141E+38 1.70141E+38 1.70141E+38 1.70141E+38 1.70141E+38 1.70141E+38 1.70141E+38 1.70141E+38 1.70141E+38 1.70141E+38 1.70141E+38 1.70141E+38 1.70141E+38 1.70141E+38 1.70141E+38 1.70141E+38 1.70141E+38 1.70141E+38 1.70141E+38 1.70141E+38 1.70141E+38 1.70141E+38 1.70141E+38 1.70141E+38 1.70141E+38 1.70141E+38 1.70141E+38 1.70141E+38 773.93072509766 777.7509765625 781.58514404297 785.29260253906 788.74945068359 791.79321289062 794.16949462891 795.52380371094 796.03826904297 795.71923828125
740.71008300781 745.00756835938 1.70141E+38 1.70141E+38 1.70141E+38 1.70141E+38 1.70141E+38 1.70141E+38 1.70141E+38 1.70141E+38 1.70141E+38 1.70141E+38 1.70141E+38 1.70141E+38 1.70141E+38 1.70141E+38 1.70141E+38 1.70141E+38 1.70141E+38 1.70141E+38 1.70141E+38 1.70141E+38 1.70141E+38 1.70141E+38 1.70141E+38 1.70141E+38 1.70141E+38 1.70141E+38 1.70141E+38 1.70141E+38 1.70141E+38 1.70141E+38 1.70141E+38 1.70141E+38 1.70141E+38 1.70141E+38 1.70141E+38 1.70141E+38 1.70141E+38 765.19561767578 769.1953125 773.48474121094 777.95513916016 782.51342773438 786.71563720703 790.24438476562 793.01556396484 794.91394042969 795.80810546875 795.57745361328
751.99908447266 757.03021240234 1.70141E+38 1.70141E+38 1.70141E+38 1.70141E+38 1.70141E+38 1.70141E+38 1.70141E+38 1.70141E+38 1.70141E+38 1.70141E+38 1.70141E+38 1.70141E+38 1.70141E+38 1.70141E+38 1.70141E+38 1.70141E+38 1.70141E+38 1.70141E+38 1.70141E+38 1.70141E+38 1.70141E+38 1.70141E+38 1.70141E+38 1.70141E+38 1.70141E+38 1.70141E+38 1.70141E+38 1.70141E+38 1.70141E+38 1.70141E+38 1.70141E+38 1.70141E+38 1.70141E+38 1.70141E+38 1.70141E+38 752.52734375 755.83483886719 759.68725585938 764.08026123047 769.07238769531 774.31524658203 779.51837158203 784.44372558594 788.84265136719 792.18170166016 794.25054931641 795.31170654297 795.42181396484
762.76824951172 769.00805664062 775.10559082031 1.70141E+38 1.70141E+38 1.70141E+38 1.70141E+38 1.70141E+38 1.70141E+38 1.70141E+38 1.70141E+38 1.70141E+38 1.70141E+38 1.70141E+38 1.70141E+38 1.70141E+38 1.70141E+38 1.70141E+38 1.70141E+38 1.70141E+38 1.70141E+38 1.70141E+38 1.70141E+38 1.70141E+38 1.70141E+38 738.93237304688 737.38397216797 736.25793457031 735.55810546875 735.48803710938 735.91394042969 736.65283203125 737.62121582031 738.76965332031 740.17523193359 741.86029052734 743.94909667969 746.55773925781 749.81280517578 753.99304199219 758.94525146484 764.49572753906 770.44720458984 776.49829101562 782.23278808594 787.27972412109 791.20074462891 793.76623535156 795.08148193359 795.25805664062
