gis/input_ras/wahp/raw_surf_ow/GM_Numerical_ 09 - Upper Clay_younger.grd
DSAA
157 175
2880056.8709409 2983016.8709409
-256145.63012446 -141305.63012446
870.62115478516 978.42749023438
[rows 84 to 104 of 175, columns 94 to 140 of 157]
916.39337158203 915.71936035156 915.3359375 915.41003417969 915.93627929688 916.79016113281 917.78735351562 918.78607177734 919.67474365234 920.58642578125 921.51635742188 922.46551513672 923.44012451172 924.46655273438 925.552734375 926.68206787109 927.83837890625 929.00836181641 930.15911865234 931.23303222656 932.24761962891 933.21704101562 934.14093017578 935.00561523438 935.77905273438 936.46472167969 937.06298828125 937.55651855469 937.95251464844 938.26373291016 938.50372314453 938.67462158203 938.74713134766 938.73931884766 938.65155029297 938.48022460938 938.248046875 938.32183837891 938.73712158203 939.20892333984 939.6650390625 940.09442138672 940.48968505859 940.83929443359 941.14959716797 941.44958496094 941.75927734375
914.52990722656 913.71942138672 913.31872558594 913.40087890625 913.93896484375 914.8583984375 915.94067382812 916.94415283203 917.88012695312 918.81158447266 919.75854492188 920.73168945312 921.73760986328 922.80511474609 923.95208740234 925.21624755859 926.52777099609 927.80700683594 929.04180908203 930.21392822266 931.31018066406 932.31982421875 933.26641845703 934.14807128906 934.95257568359 935.64605712891 936.20935058594 936.66754150391 937.02978515625 937.30206298828 937.46276855469 937.54724121094 937.56127929688 937.50634765625 937.38287353516 937.22253417969 937.10198974609 937.17083740234 937.46630859375 937.86486816406 938.29608154297 938.72546386719 939.13214111328 939.51422119141 939.88305664062 940.26715087891 940.66192626953
912.85479736328 911.97418212891 911.36590576172 911.27233886719 912.04205322266 913.01873779297 914.07440185547 915.11236572266 916.1103515625 917.08892822266 918.07879638672 919.08526611328 920.1162109375 921.20159912109 922.49493408203 923.88354492188 925.31231689453 926.72973632812 928.09020996094 929.33142089844 930.47296142578 931.52642822266 932.5078125 933.40283203125 934.19390869141 934.87353515625 935.43255615234 935.86437988281 936.15142822266 936.34143066406 936.44635009766 936.47418212891 936.42724609375 936.31701660156 936.18157958984 936.05163574219 935.97247314453 936.01483154297 936.23687744141 936.55438232422 936.92376708984 937.31799316406 937.71984863281 938.12744140625 938.54913330078 938.99584960938 939.47521972656
911.4560546875 910.52185058594 909.75640869141 909.77307128906 910.44073486328 911.40148925781 912.40679931641 913.41168212891 914.42358398438 915.44757080078 916.49078369141 917.56341552734 918.65637207031 919.84094238281 921.17852783203 922.71997070312 924.27758789062 925.79998779297 927.25274658203 928.60516357422 929.8154296875 930.87170410156 931.85528564453 932.75830078125 933.56585693359 934.24230957031 934.74310302734 935.10699462891 935.34606933594 935.47424316406 935.49792480469 935.43432617188 935.31964111328 935.17156982422 935.00970458984 934.87170410156 934.80700683594 934.83648681641 934.96612548828 935.19134521484 935.50427246094 935.86218261719 936.25640869141 936.68615722656 937.15466308594 937.68469238281 938.27087402344
910.41619873047 909.63598632812 909.08410644531 908.94970703125 909.47772216797 910.16815185547 910.98559570312 911.89050292969 912.87561035156 913.92266845703 915.03070068359 916.19329833984 917.408203125 918.67504882812 920.16430664062 921.75463867188 923.39263916016 925.02325439453 926.56689453125 928.00238037109 929.25335693359 930.35235595703 931.36407470703 932.27465820312 933.05950927734 933.70129394531 934.18725585938 934.51025390625 934.66778564453 934.68835449219 934.61395263672 934.46618652344 934.27447509766 934.05578613281 933.84246826172 933.66668701172 933.54888916016 933.52569580078 933.61016845703 933.78118896484 934.03131103516 934.35424804688 934.74652099609 935.21618652344 935.7568359375 936.36932373047 937.05389404297
909.59088134766 908.94671630859 908.63000488281 908.60052490234 908.72912597656 909.13012695312 909.77557373047 910.55395507812 911.47265625 912.51800537109 913.67364501953 914.91314697266 916.25842285156 917.69805908203 919.24285888672 920.89343261719 922.59918212891 924.29724121094 925.92694091797 927.44616699219 928.76452636719 929.91186523438 930.96362304688 931.90301513672 932.70983886719 933.33673095703 933.76635742188 934.00415039062 934.08178710938 934.01971435547 933.85791015625 933.59411621094 933.28509521484 932.96624755859 932.67077636719 932.43811035156 932.26580810547 932.17962646484 932.18682861328 932.30230712891 932.52239990234 932.841796875 933.25445556641 933.76086425781 934.35943603516 935.05114746094 935.86236572266
908.86804199219 908.38885498047 908.09417724609 908.05102539062 908.03674316406 908.23815917969 908.66174316406 909.31481933594 910.18859863281 911.22351074219 912.42633056641 913.75970458984 915.19732666016 916.71966552734 918.36224365234 920.10491943359 921.88885498047 923.65582275391 925.34149169922 926.9052734375 928.31811523438 929.58856201172 930.69976806641 931.67364501953 932.47509765625 933.07684326172 933.47369384766 933.65625 933.66656494141 933.48382568359 933.18035888672 932.79406738281 932.38854980469 931.97491455078 931.56829833984 931.220703125 930.95593261719 930.81365966797 930.77069091797 930.84259033203 931.03106689453 931.34252929688 931.775390625 932.32659912109 933.01678466797 933.82629394531 934.74627685547
908.20526123047 907.7578125 907.46990966797 907.28540039062 907.20648193359 907.31756591797 907.65655517578 908.22399902344 909.02600097656 910.04840087891 911.28204345703 912.65930175781 914.17980957031 915.82110595703 917.55401611328 919.36041259766 921.20654296875 923.05303955078 924.83544921875 926.4951171875 927.98767089844 929.33996582031 930.54418945312 931.57379150391 932.38671875 932.97406005859 933.34167480469 933.44158935547 933.337890625 933.06048583984 932.66046142578 932.16540527344 931.59674072266 931.02789306641 930.52496337891 930.09136962891 929.74011230469 929.49621582031 929.37713623047 929.42059326172 929.59008789062 929.90173339844 930.36975097656 930.98596191406 931.74658203125 932.63696289062 933.69146728516
907.59552001953 907.13348388672 906.76593017578 906.52008056641 906.38830566406 906.42864990234 906.68853759766 907.22186279297 907.99768066406 908.99835205078 910.23474121094 911.6689453125 913.2626953125 914.96569824219 916.765625 918.66888427734 920.61541748047 922.53277587891 924.38690185547 926.14251708984 927.77697753906 929.24676513672 930.50787353516 931.5810546875 932.43719482422 933.01086425781 933.30926513672 933.35150146484 933.18109130859 932.80578613281 932.24829101562 931.60400390625 930.92974853516 930.25561523438 929.60748291016 929.02856445312 928.58703613281 928.27911376953 928.10333251953 928.08117675781 928.22735595703 928.56207275391 929.05773925781 929.71166992188 930.56561279297 931.60076904297 932.79010009766
907.05303955078 906.556640625 906.10791015625 905.74914550781 905.5673828125 905.59509277344 905.83807373047 906.31372070312 907.06237792969 908.08404541016 909.3369140625 910.78326416016 912.39752197266 914.18756103516 916.08319091797 918.04943847656 920.05743408203 922.07373046875 924.06201171875 925.91857910156 927.64349365234 929.21441650391 930.60162353516 931.740234375 932.57415771484 933.138671875 933.42999267578 933.42614746094 933.13250732422 932.63043212891 931.98071289062 931.22509765625 930.39031982422 929.560546875 928.80535888672 928.13592529297 927.57623291016 927.15545654297 926.92486572266 926.88000488281 927.00891113281 927.31665039062 927.84912109375 928.59887695312 929.53973388672 930.66247558594 931.96520996094
906.62908935547 906.01831054688 905.46862792969 905.04833984375 904.80303955078 904.77124023438 905.03430175781 905.55865478516 906.31707763672 907.30627441406 908.52416992188 910.00714111328 911.68377685547 913.50830078125 915.45300292969 917.49700927734 919.603515625 921.70782470703 923.77410888672 925.76586914062 927.64569091797 929.30755615234 930.74523925781 931.93579101562 932.85192871094 933.43646240234 933.63745117188 933.55114746094 933.20391845703 932.62854003906 931.83404541016 930.92956542969 929.98406982422 929.04119873047 928.14190673828 927.33966064453 926.70318603516 926.22222900391 925.91198730469 925.78619384766 925.90881347656 926.26220703125 926.82727050781 927.60626220703 928.61126708984 929.88861083984 931.36535644531
906.33605957031 905.61724853516 904.89971923828 904.31762695312 904.07238769531 904.10168457031 904.384765625 904.90264892578 905.65869140625 906.68322753906 907.92602539062 909.38439941406 911.04827880859 912.9150390625 914.93865966797 917.05120849609 919.22222900391 921.42077636719 923.59985351562 925.69274902344 927.65667724609 929.44799804688 931.02398681641 932.26257324219 933.15795898438 933.72424316406 933.95819091797 933.86505126953 933.39111328125 932.67742919922 931.78961181641 930.779296875 929.69976806641 928.62640380859 927.62548828125 926.73181152344 925.97540283203 925.39337158203 925.05584716797 924.92700195312 925.01745605469 925.33654785156 925.91973876953 926.80242919922 927.92578125 929.28289794922 930.86315917969
906.36340332031 905.419921875 904.44769287109 903.73504638672 903.41168212891 903.46978759766 903.84515380859 904.45574951172 905.24798583984 906.23016357422 907.42431640625 908.89886474609 910.60607910156 912.49713134766 914.53857421875 916.69671630859 918.93957519531 921.21453857422 923.47894287109 925.69213867188 927.78161621094 929.65496826172 931.27593994141 932.60650634766 933.61364746094 934.22503662109 934.39044189453 934.19946289062 933.68579101562 932.89459228516 931.88928222656 930.72442626953 929.5185546875 928.32598876953 927.19635009766 926.21954345703 925.41656494141 924.80090332031 924.38708496094 924.19128417969 924.28527832031 924.65319824219 925.28289794922 926.17938232422 927.34948730469 928.83325195312 930.58001708984
906.71228027344 905.46594238281 904.09375 903.1376953125 902.83563232422 903.09381103516 903.57049560547 904.19506835938 904.98767089844 905.97430419922 907.1767578125 908.60949707031 910.27923583984 912.18853759766 914.27136230469 916.46759033203 918.74444580078 921.07592773438 923.40777587891 925.69866943359 927.87579345703 929.88067626953 931.63275146484 933.03625488281 934.06707763672 934.71423339844 934.95361328125 934.75170898438 934.14617919922 933.19061279297 932.021484375 930.72094726562 929.39166259766 928.0927734375 926.89154052734 925.8388671875 924.96197509766 924.30828857422 923.89349365234 923.72320556641 923.79638671875 924.12921142578 924.77825927734 925.75451660156 927.03649902344 928.59814453125 930.42425537109
907.47766113281 905.96453857422 904.23004150391 902.88311767578 902.64410400391 903.02166748047 903.57397460938 904.22998046875 904.99493408203 905.90930175781 907.06103515625 908.46325683594 910.13745117188 912.03234863281 914.09948730469 916.30505371094 918.5986328125 920.9658203125 923.36553955078 925.74694824219 928.00274658203 930.08477783203 931.92181396484 933.47222900391 934.66162109375 935.37347412109 935.62915039062 935.37127685547 934.66674804688 933.58831787109 932.27404785156 930.8017578125 929.306640625 927.88751220703 926.61657714844 925.52703857422 924.65826416016 924.01593017578 923.58648681641 923.40490722656 923.48107910156 923.86511230469 924.54760742188 925.53521728516 926.86340332031 928.48919677734 930.44964599609
908.60174560547 906.83233642578 904.97857666016 903.48223876953 903.22583007812 903.49133300781 903.95758056641 904.53662109375 905.23699951172 906.08355712891 907.14074707031 908.44689941406 910.06671142578 911.94451904297 914.01055908203 916.20263671875 918.48010253906 920.86810302734 923.30603027344 925.74261474609 928.09777832031 930.30773925781 932.25384521484 933.91320800781 935.2197265625 936.08941650391 936.44024658203 936.14416503906 935.36315917969 934.08941650391 932.52496337891 930.87213134766 929.26666259766 927.7548828125 926.41552734375 925.31982421875 924.47686767578 923.86309814453 923.46136474609 923.3203125 923.41662597656 923.79998779297 924.49938964844 925.51647949219 926.90875244141 928.61309814453 930.6259765625
909.77026367188 907.9658203125 906.16668701172 904.9453125 904.34997558594 904.42443847656 904.73010253906 905.16625976562 905.70080566406 906.40234375 907.35278320312 908.55560302734 910.04541015625 911.87091064453 913.95812988281 916.11694335938 918.35766601562 920.72589111328 923.22467041016 925.73699951172 928.15710449219 930.43817138672 932.52954101562 934.37689208984 935.82525634766 936.81939697266 937.29620361328 937.0673828125 936.08294677734 934.58361816406 932.85675048828 931.04632568359 929.28784179688 927.65881347656 926.29443359375 925.20928955078 924.42230224609 923.91033935547 923.57543945312 923.45806884766 923.57244873047 923.95666503906 924.67224121094 925.73089599609 927.14923095703 928.88293457031 930.93255615234
910.47479248047 908.916015625 907.45135498047 906.36016845703 905.75817871094 905.59246826172 905.69421386719 905.99133300781 906.40228271484 906.95330810547 907.67785644531 908.64709472656 910.00860595703 911.76721191406 913.83990478516 915.97485351562 918.14593505859 920.55352783203 923.08630371094 925.66400146484 928.18835449219 930.56048583984 932.73400878906 934.67596435547 936.32629394531 937.58447265625 938.22906494141 937.96160888672 936.89611816406 935.16864013672 933.13793945312 931.23919677734 929.44909667969 927.77752685547 926.25769042969 925.25939941406 924.6474609375 924.20556640625 923.91748046875 923.81341552734 923.94769287109 924.375 925.09716796875 926.13714599609 927.54180908203 929.31500244141 931.41296386719
910.45092773438 909.39947509766 908.33984375 907.52429199219 907.05364990234 906.86798095703 906.88073730469 907.02435302734 907.24652099609 907.62756347656 908.17572021484 908.92132568359 909.91033935547 911.21862792969 913.34790039062 915.53424072266 917.81317138672 920.2900390625 922.93493652344 925.57794189453 928.14068603516 930.57897949219 932.86077880859 934.90655517578 936.63250732422 938.01428222656 938.92999267578 939.16412353516 937.57049560547 935.58764648438 933.49884033203 931.51519775391 929.83551025391 928.20617675781 926.75427246094 925.75042724609 925.18798828125 924.78448486328 924.53924560547 924.46899414062 924.60607910156 924.984375 925.67303466797 926.76184082031 928.1845703125 929.92901611328 931.97332763672
909.98815917969 909.53796386719 909.00671386719 908.56573486328 908.26953125 908.13507080078 908.14221191406 908.21118164062 908.33782958984 908.54071044922 908.84765625 909.32464599609 909.94769287109 910.83782958984 912.32073974609 914.88110351562 917.46490478516 920.10931396484 922.79626464844 925.48394775391 928.10003662109 930.53967285156 932.8154296875 934.88531494141 936.69909667969 938.15301513672 939.03540039062 938.91107177734 937.82293701172 936.01123046875 933.95172119141 932.18432617188 930.57879638672 929.10040283203 927.76342773438 926.80590820312 926.17700195312 925.73413085938 925.45159912109 925.33276367188 925.46771240234 925.87353515625 926.56591796875 927.57006835938 928.90411376953 930.66241455078 932.71301269531
909.29290771484 909.47686767578 909.49670410156 909.42919921875 909.43310546875 909.47747802734 909.53033447266 909.57983398438 909.62994384766 909.72076416016 909.88848876953 910.16076660156 910.57360839844 911.20135498047 912.76593017578 914.94512939453 917.46783447266 920.08837890625 922.78344726562 925.43853759766 927.99926757812 930.43103027344 932.71148681641 934.7529296875 936.46618652344 937.78179931641 938.57574462891 938.68450927734 937.7490234375 936.34338378906 934.74475097656 933.13397216797 931.64392089844 930.30432128906 929.15185546875 928.20513916016 927.47473144531 926.95971679688 926.65362548828 926.53283691406 926.61920166016 926.93927001953 927.56896972656 928.58001708984 929.91271972656 931.55596923828 933.48956298828
