gis/input_ras/wahp/raw_surf_ow/GM_Numerical_ 01 - Basal Clay_younger.grd
DSAA
157 175
2880056.8709409 2983016.8709409
-256145.63012446 -141305.63012446
440.30120849609 793.42999267578
[rows 84 to 104 of 175, columns 48 to 95 of 157]
623.47003173828 621.90686035156 620.38171386719 618.93225097656 617.58374023438 616.33074951172 615.1103515625 613.92108154297 612.84521484375 611.93963623047 611.28405761719 1.70141E+38 1.70141E+38 1.70141E+38 1.70141E+38 1.70141E+38 1.70141E+38 1.70141E+38 1.70141E+38 632.88781738281 639.54467773438 646.89599609375 654.86077880859 663.14868164062 671.60864257812 680.11126708984 688.46014404297 696.32690429688 703.41497802734 708.97186279297 712.54345703125 714.01702880859 713.3603515625 711.72869873047 709.37017822266 706.40478515625 702.90386962891 698.7314453125 1.70141E+38 1.70141E+38 1.70141E+38 1.70141E+38 674.26281738281 671.07543945312 669.21856689453 668.72705078125 669.65948486328 671.90002441406
623.90374755859 622.26232910156 620.66925048828 619.14831542969 617.71166992188 616.35632324219 615.09027099609 613.93811035156 612.91925048828 612.09173583984 611.57135009766 1.70141E+38 1.70141E+38 1.70141E+38 1.70141E+38 1.70141E+38 1.70141E+38 1.70141E+38 1.70141E+38 636.82098388672 643.96844482422 651.74383544922 659.88397216797 668.24798583984 676.73999023438 685.20806884766 693.42913818359 701.18878173828 708.28155517578 714.39990234375 718.166015625 718.05133056641 716.76971435547 714.69561767578 711.97418212891 708.62182617188 704.79370117188 700.52868652344 695.84100341797 690.82122802734 685.7939453125 681.10461425781 677.09326171875 674.00299072266 672.16571044922 671.78082275391 672.76153564453 674.86889648438
624.63220214844 622.93005371094 621.22967529297 619.56610107422 618.01641845703 616.57067871094 615.23510742188 614.02764892578 613.01135253906 612.31109619141 611.96417236328 1.70141E+38 1.70141E+38 1.70141E+38 1.70141E+38 1.70141E+38 1.70141E+38 1.70141E+38 1.70141E+38 640.22717285156 647.59393310547 655.46423339844 663.67059326172 671.99285888672 680.31652832031 688.51489257812 696.45086669922 703.94104003906 710.60443115234 716.24291992188 719.35803222656 719.55621337891 718.02044677734 715.68054199219 712.79998779297 709.44470214844 705.65972900391 701.47033691406 696.86022949219 692.08483886719 687.35327148438 682.89727783203 679.11645507812 676.39532470703 674.77819824219 674.33062744141 675.06982421875 677.11724853516
625.72100830078 623.90045166016 622.07080078125 620.28356933594 618.57012939453 616.95831298828 615.51867675781 614.27142333984 613.26068115234 612.54559326172 612.19244384766 1.70141E+38 1.70141E+38 1.70141E+38 1.70141E+38 1.70141E+38 1.70141E+38 1.70141E+38 635.79724121094 642.58813476562 650.06158447266 658.04461669922 666.15954589844 674.27130126953 682.27331542969 690.08123779297 697.39868164062 704.11724853516 710.01916503906 714.80236816406 717.50653076172 717.74017333984 716.68463134766 714.72296142578 712.12359619141 708.90368652344 705.24206542969 701.2353515625 696.94970703125 692.47149658203 688.04339599609 684.01800537109 680.5859375 677.93218994141 676.22967529297 675.98413085938 676.86767578125 678.78448486328
627.1943359375 625.22827148438 623.23529052734 621.28259277344 619.40264892578 617.63671875 616.03015136719 614.62475585938 613.52276611328 612.82122802734 612.56396484375 612.82269287109 1.70141E+38 1.70141E+38 1.70141E+38 1.70141E+38 1.70141E+38 1.70141E+38 637.07220458984 644.04998779297 651.51928710938 659.30645751953 667.23327636719 675.07489013672 682.58581542969 689.73034667969 696.39154052734 702.44732666016 707.46716308594 711.09332275391 713.32165527344 714.14343261719 713.56561279297 711.93621826172 709.67761230469 706.88525390625 703.64172363281 699.93920898438 695.93780517578 691.84509277344 687.83013916016 684.06988525391 680.81414794922 678.51391601562 677.13049316406 676.73388671875 677.35534667969 679.16351318359
629.05816650391 626.95513916016 624.77380371094 622.60473632812 620.49603271484 618.52416992188 616.76275634766 615.22674560547 614.00024414062 613.14715576172 612.79821777344 613.05303955078 614.03021240234 1.70141E+38 1.70141E+38 1.70141E+38 1.70141E+38 1.70141E+38 637.71099853516 644.49810791016 651.87176513672 659.50695800781 667.09210205078 674.46453857422 681.47875976562 688.12133789062 694.00256347656 699.00445556641 703.12249755859 706.28863525391 708.25592041016 708.92919921875 708.73992919922 707.79669189453 706.09924316406 703.67047119141 700.80810546875 697.55340576172 694.01275634766 690.26684570312 686.54663085938 683.22528076172 680.37884521484 678.15533447266 676.79205322266 676.47747802734 677.21563720703 1.70141E+38
631.34051513672 629.02008056641 626.62957763672 624.27990722656 621.97918701172 619.76550292969 617.73376464844 615.97113037109 614.6015625 613.63391113281 613.18859863281 613.32598876953 614.18103027344 615.86456298828 1.70141E+38 1.70141E+38 1.70141E+38 631.49926757812 637.56665039062 644.26080322266 651.32684326172 658.564453125 665.82879638672 672.86419677734 679.30603027344 685.09588623047 690.17980957031 694.51971435547 697.99822998047 700.30261230469 701.87829589844 702.83325195312 702.95239257812 702.39349365234 701.23809814453 699.49255371094 697.14978027344 694.22326660156 691.01629638672 687.74212646484 684.51556396484 681.47711181641 678.84759521484 676.88745117188 675.76043701172 675.44366455078 1.70141E+38 1.70141E+38
633.99340820312 631.53155517578 628.96087646484 626.32250976562 623.71691894531 621.29907226562 619.06646728516 617.07586669922 615.42169189453 614.21038818359 613.63153076172 613.64660644531 614.39306640625 615.93591308594 618.33850097656 621.71801757812 625.9453125 631.03674316406 636.81243896484 643.18792724609 649.98248291016 656.92401123047 663.65966796875 670.06646728516 675.99749755859 681.28106689453 685.79174804688 689.18334960938 691.74737548828 693.62475585938 694.95397949219 695.81524658203 696.34997558594 696.42620849609 695.71136474609 694.37127685547 692.45812988281 690.08447265625 687.38409423828 684.43103027344 681.51470947266 678.85638427734 676.6142578125 674.87121582031 673.84509277344 673.59875488281 1.70141E+38 1.70141E+38
637.05859375 634.37902832031 631.58612060547 628.76348876953 625.96362304688 623.22631835938 620.63635253906 618.39636230469 616.52691650391 615.08734130859 614.20538330078 613.97430419922 614.6162109375 616.02044677734 618.22778320312 621.34088134766 625.29357910156 630.16149902344 635.67181396484 641.69561767578 647.97375488281 654.35955810547 660.67108154297 666.65435791016 672.09704589844 676.69281005859 680.48419189453 683.39825439453 685.48272705078 686.74822998047 687.55194091797 688.59698486328 689.40478515625 689.79925537109 689.60894775391 688.79504394531 687.26690673828 685.23767089844 682.88781738281 680.42407226562 677.98455810547 675.64996337891 673.64898681641 672.10955810547 671.27966308594 1.70141E+38 1.70141E+38 1.70141E+38
640.39263916016 637.60192871094 634.65130615234 631.56176757812 628.47607421875 625.49639892578 622.66748046875 620.05914306641 617.76501464844 616.06390380859 614.99298095703 614.57592773438 614.87481689453 616.01477050781 618.10028076172 620.99426269531 624.65777587891 629.05328369141 634.07196044922 639.69354248047 645.54888916016 651.46984863281 657.22027587891 662.54241943359 667.40704345703 671.63012695312 675.11163330078 677.67303466797 679.22692871094 679.89593505859 680.46569824219 681.35388183594 682.64605712891 683.26330566406 683.24847412109 682.66552734375 681.55114746094 680.01123046875 678.08642578125 675.97515869141 673.85113525391 671.83264160156 670.17572021484 668.94915771484 668.29174804688 1.70141E+38 1.70141E+38 1.70141E+38
644.06378173828 641.10961914062 637.96087646484 634.708984375 631.41033935547 628.11743164062 624.88360595703 621.94195556641 619.36517333984 617.2666015625 615.77014160156 615.158203125 615.37115478516 616.33764648438 618.05645751953 620.53253173828 623.88854980469 627.93499755859 632.52880859375 637.55194091797 642.79510498047 648.12164306641 653.27459716797 658.12286376953 662.56268310547 666.40222167969 669.53143310547 671.92755126953 673.52679443359 674.30804443359 674.39733886719 675.37365722656 676.30755615234 676.84930419922 676.92779541016 676.51763916016 675.64733886719 674.42645263672 672.92700195312 671.23889160156 669.50805664062 667.84368896484 666.42327880859 665.36566162109 664.81884765625 1.70141E+38 1.70141E+38 1.70141E+38
647.83245849609 644.82135009766 641.57836914062 638.15673828125 634.60461425781 631.00915527344 627.45623779297 624.05029296875 620.97875976562 618.57293701172 616.89196777344 615.99011230469 615.88165283203 616.64227294922 618.22253417969 620.45989990234 623.32360839844 626.77673339844 630.86291503906 1.70141E+38 1.70141E+38 644.68347167969 649.25964355469 653.51452636719 657.40930175781 660.92950439453 664.02655029297 666.64636230469 668.4951171875 669.61413574219 670.19354248047 670.45306396484 670.68298339844 670.73083496094 670.60211181641 670.27239990234 669.71911621094 668.89672851562 667.77740478516 666.48071289062 665.08331298828 663.68054199219 662.43713378906 661.62780761719 661.32678222656 1.70141E+38 1.70141E+38 1.70141E+38
651.83599853516 648.76953125 645.41851806641 641.85565185547 638.10125732422 634.19036865234 630.27679443359 626.45385742188 622.94653320312 619.96411132812 617.83117675781 616.87060546875 616.80004882812 617.40496826172 618.61297607422 620.45715332031 622.97833251953 625.98492431641 1.70141E+38 1.70141E+38 1.70141E+38 1.70141E+38 1.70141E+38 1.70141E+38 652.29699707031 655.56433105469 658.48583984375 661.17529296875 663.59094238281 665.62280273438 666.21447753906 665.64630126953 665.10516357422 664.70849609375 664.45104980469 664.20513916016 663.92437744141 663.51281738281 662.89630126953 662.00708007812 660.84448242188 659.64465332031 658.57336425781 657.80822753906 657.54132080078 658.03912353516 1.70141E+38 1.70141E+38
655.82983398438 652.83984375 649.52758789062 645.88928222656 641.94500732422 637.73168945312 633.40368652344 629.09307861328 625.10931396484 621.63800048828 619.18426513672 618.12689208984 617.94512939453 618.46771240234 619.5166015625 621.00970458984 622.93853759766 625.33782958984 1.70141E+38 1.70141E+38 1.70141E+38 1.70141E+38 1.70141E+38 1.70141E+38 1.70141E+38 650.07244873047 652.78900146484 655.48724365234 658.14520263672 660.59906005859 661.21917724609 660.09515380859 659.13397216797 658.57641601562 658.35961914062 658.37872314453 658.5390625 658.55737304688 658.39019775391 657.89239501953 657.01666259766 655.89239501953 654.82019042969 654.12286376953 654.03942871094 654.67254638672 1.70141E+38 1.70141E+38
659.92504882812 657.02661132812 653.76257324219 650.1025390625 646.03546142578 641.61242675781 637.02386474609 632.3857421875 627.90161132812 623.70324707031 620.87805175781 619.9384765625 619.8740234375 620.14874267578 620.76538085938 621.90582275391 623.44427490234 625.28771972656 1.70141E+38 1.70141E+38 1.70141E+38 1.70141E+38 1.70141E+38 1.70141E+38 1.70141E+38 1.70141E+38 1.70141E+38 649.37127685547 651.51422119141 653.39483642578 653.955078125 653.27026367188 652.66101074219 652.36029052734 652.42547607422 652.77514648438 653.43920898438 654.14636230469 654.63549804688 654.45385742188 653.72161865234 652.58331298828 651.45959472656 650.66253662109 650.63110351562 651.41418457031 653.23742675781 1.70141E+38
663.84741210938 661.20288085938 658.08746337891 654.45263671875 650.36413574219 645.79602050781 641.00598144531 636.20300292969 631.599609375 627.27331542969 624.44641113281 622.93090820312 622.50720214844 622.47344970703 622.75579833984 623.31634521484 624.18627929688 1.70141E+38 1.70141E+38 1.70141E+38 1.70141E+38 1.70141E+38 1.70141E+38 1.70141E+38 1.70141E+38 1.70141E+38 1.70141E+38 643.15093994141 644.701171875 645.64202880859 645.99163818359 645.94372558594 645.77386474609 645.91284179688 646.66546630859 647.77905273438 649.04522705078 650.27301025391 651.29058837891 651.73834228516 650.97399902344 649.74450683594 648.51458740234 647.62762451172 647.57403564453 648.78259277344 651.00323486328 1.70141E+38
667.58557128906 665.15026855469 662.28631591797 658.7890625 654.67578125 650.09881591797 645.31866455078 640.53204345703 636.05169677734 632.11193847656 629.07763671875 627.17333984375 625.99310302734 625.26312255859 625.01599121094 625.16107177734 625.60949707031 1.70141E+38 1.70141E+38 1.70141E+38 1.70141E+38 1.70141E+38 1.70141E+38 1.70141E+38 1.70141E+38 1.70141E+38 1.70141E+38 1.70141E+38 637.85571289062 638.23681640625 638.37634277344 638.41265869141 638.95397949219 640.02679443359 641.41796875 643.10272216797 644.98120117188 646.92559814453 648.673828125 649.28430175781 648.66564941406 647.39947509766 646.15087890625 645.10687255859 645.10418701172 646.49127197266 649.43963623047 1.70141E+38
670.90112304688 668.92956542969 666.26409912109 662.84912109375 658.79278564453 654.30120849609 649.68487548828 645.1240234375 640.84844970703 637.04547119141 633.93688964844 631.50030517578 629.81475830078 628.61010742188 627.80731201172 627.31921386719 627.19061279297 1.70141E+38 1.70141E+38 1.70141E+38 1.70141E+38 1.70141E+38 1.70141E+38 1.70141E+38 1.70141E+38 1.70141E+38 1.70141E+38 632.61193847656 632.30346679688 631.78472900391 631.328125 631.66229248047 632.69696044922 634.39300537109 636.69989013672 639.33209228516 641.71148681641 643.89514160156 645.75952148438 646.71661376953 646.51318359375 645.57708740234 644.59820556641 643.76873779297 643.63970947266 645.76965332031 649.09924316406 1.70141E+38
673.68023681641 671.98327636719 669.86492919922 666.58630371094 662.43707275391 658.11743164062 653.76104736328 649.49035644531 645.51379394531 641.91760253906 638.75256347656 636.04376220703 633.78753662109 631.95544433594 630.68548583984 629.78771972656 629.22790527344 1.70141E+38 1.70141E+38 1.70141E+38 1.70141E+38 1.70141E+38 1.70141E+38 1.70141E+38 1.70141E+38 1.70141E+38 1.70141E+38 629.32153320312 627.89837646484 626.51013183594 625.59301757812 625.587890625 627.14892578125 630.02917480469 633.18090820312 636.32214355469 639.21765136719 641.66119384766 643.39038085938 644.39373779297 644.65295410156 644.392578125 644.03106689453 643.8916015625 644.58984375 646.60589599609 649.75970458984 1.70141E+38
675.73474121094 674.19299316406 672.10992431641 669.05053710938 665.2841796875 661.31866455078 657.35968017578 653.53784179688 649.88909912109 646.42974853516 643.1630859375 640.21606445312 637.63653564453 635.44000244141 633.642578125 632.24822998047 631.37310791016 1.70141E+38 1.70141E+38 1.70141E+38 1.70141E+38 1.70141E+38 1.70141E+38 1.70141E+38 1.70141E+38 1.70141E+38 1.70141E+38 627.69104003906 625.56677246094 623.11468505859 620.896484375 620.97924804688 623.29010009766 627.03680419922 631.17211914062 634.87866210938 637.91241455078 640.32531738281 642.11877441406 643.31237792969 643.85302734375 644.09216308594 644.32415771484 644.82336425781 645.89202880859 648.20690917969 651.38433837891 1.70141E+38
676.99822998047 675.37023925781 673.34552001953 670.62725830078 667.28436279297 663.79962158203 660.30767822266 656.9140625 653.62762451172 650.39703369141 647.09417724609 643.92333984375 641.00134277344 638.50396728516 636.45690917969 634.83447265625 633.62030029297 1.70141E+38 1.70141E+38 1.70141E+38 1.70141E+38 1.70141E+38 1.70141E+38 1.70141E+38 1.70141E+38 1.70141E+38 630.40356445312 628.61309814453 625.90588378906 622.57769775391 619.2802734375 617.88098144531 621.62408447266 626.8310546875 631.43475341797 635.31005859375 638.41064453125 640.74865722656 642.27514648438 643.36145019531 644.14227294922 644.7412109375 645.30932617188 646.30352783203 647.8984375 650.19250488281 653.23284912109 1.70141E+38
