gis/input_ras/wahp/raw_surf_ow/GM_Numerical_ 00 - Bedrock_younger.grd
DSAA
157 175
2880056.8709409 2983016.8709409
-256145.63012446 -141305.63012446
420.03063964844 857.8251953125
[rows 105 to 125 of 175, columns 47 to 93 of 157]
585.81622314453 583.35119628906 580.60217285156 578.09973144531 575.83361816406 573.96154785156 572.673828125 572.32159423828 573.19720458984 575.2158203125 578.44482421875 583.05725097656 589.14166259766 596.31384277344 604.23168945312 612.67205810547 621.43200683594 629.912109375 637.56750488281 644.19793701172 649.51306152344 653.15417480469 654.57000732422 653.49542236328 649.79162597656 643.34143066406 634.16552734375 622.52130126953 609.06457519531 594.34338378906 578.93597412109 562.78692626953 550.90661621094 544.08532714844 540.58050537109 538.54638671875 538.0732421875 539.64874267578 543.21826171875 548.93402099609 557.03729248047 567.77410888672 580.52740478516 594.27545166016 608.53662109375 622.69567871094 636.13244628906
588.11676025391 586.49792480469 584.73748779297 582.97015380859 581.18933105469 579.81762695312 579.11474609375 579.08874511719 579.91186523438 581.90521240234 585.15594482422 589.49243164062 594.9697265625 601.3935546875 608.78692626953 616.56262207031 624.32940673828 631.83227539062 638.79095458984 644.77398681641 649.07409667969 651.59515380859 652.22528076172 650.611328125 646.4404296875 639.45025634766 630.30438232422 619.21508789062 606.14562988281 591.83917236328 577.31298828125 563.76483154297 552.201171875 544.93560791016 540.72448730469 538.64392089844 538.46722412109 540.21691894531 544.21240234375 550.52917480469 559.30639648438 570.03448486328 582.46209716797 596.19128417969 610.36212158203 624.45489501953 638.17022705078
590.19805908203 589.29644775391 588.20355224609 587.07293701172 586.14129638672 585.40179443359 585.02752685547 585.23889160156 586.32305908203 588.30230712891 591.17633056641 595.25274658203 600.30523681641 606.18682861328 612.64532470703 619.52325439453 626.63519287109 633.47485351562 639.44061279297 644.4150390625 648.09265136719 650.05578613281 650.11993408203 647.64471435547 643.07043457031 636.27319335938 627.29693603516 616.45269775391 604.15093994141 591.17395019531 577.92132568359 565.45867919922 555.23205566406 547.86138916016 542.90399169922 540.58020019531 540.3671875 542.39093017578 546.78277587891 553.33135986328 562.26666259766 573.11291503906 585.61102294922 599.12347412109 613.12084960938 627.18731689453 640.89599609375
591.41162109375 591.37817382812 591.13519287109 590.693359375 590.26452636719 590.03833007812 590.23181152344 590.8369140625 592.02203369141 593.95397949219 596.71875 600.33953857422 604.70318603516 609.98657226562 615.83233642578 622.01623535156 628.07141113281 633.9326171875 639.31536865234 643.77661132812 646.96850585938 648.28826904297 647.73626708984 645.00415039062 640.25555419922 633.46917724609 624.83551025391 614.65313720703 603.12707519531 590.99591064453 579.01300048828 568.23638916016 558.85711669922 551.64776611328 546.67913818359 544.09411621094 543.82348632812 546.03149414062 550.55462646484 557.25006103516 566.29833984375 577.19738769531 589.56573486328 602.90966796875 616.72772216797 630.48931884766 643.87255859375
592.3134765625 592.81848144531 593.08813476562 593.25854492188 593.59350585938 594.01446533203 594.60009765625 595.50360107422 596.81896972656 598.71179199219 601.25134277344 604.52258300781 608.451171875 612.96124267578 617.80383300781 623.09887695312 628.51196289062 633.78002929688 638.62115478516 642.62591552734 645.32659912109 646.41662597656 645.70361328125 642.87170410156 637.93041992188 631.06121826172 622.70489501953 613.06756591797 602.56701660156 591.75714111328 581.05346679688 571.11895751953 562.51837158203 555.88671875 551.27294921875 548.904296875 548.69995117188 550.71173095703 555.34698486328 562.35565185547 571.44622802734 582.20166015625 594.3154296875 607.25653076172 620.662109375 634.00103759766 646.96331787109
592.31573486328 593.32922363281 594.22595214844 595.04162597656 595.90692138672 596.85589599609 597.92962646484 599.20904541016 600.70697021484 602.56359863281 604.85015869141 607.61248779297 610.89624023438 614.6982421875 618.84741210938 623.26605224609 627.82354736328 632.52233886719 637.01422119141 640.88037109375 643.74761962891 644.99560546875 643.88665771484 640.73742675781 635.77142333984 629.18731689453 621.17730712891 612.01257324219 602.30712890625 592.40881347656 582.78424072266 574.08972167969 566.64581298828 560.69964599609 556.439453125 554.04144287109 554.18774414062 556.76336669922 561.51861572266 568.35028076172 577.13781738281 587.72595214844 599.59930419922 612.09112548828 624.90753173828 637.60589599609 649.72784423828
591.36297607422 592.81475830078 594.20001220703 595.66864013672 597.22833251953 598.78125 600.32623291016 601.89038085938 603.51690673828 605.28942871094 607.36572265625 609.73681640625 612.3984375 615.33715820312 618.54309082031 622.13635253906 626.07452392578 630.30877685547 634.71569824219 638.83831787109 641.78863525391 643.06433105469 642.32720947266 639.38604736328 634.05358886719 627.30285644531 619.55279541016 611.08428955078 602.17944335938 593.27258300781 584.83026123047 577.12628173828 570.46759033203 565.17553710938 561.83142089844 560.29028320312 560.703125 563.17108154297 567.89624023438 575.05297851562 583.81433105469 593.96087646484 605.11309814453 616.98809814453 629.06182861328 640.88049316406 652.20190429688
588.640625 590.81555175781 592.93328857422 595.22540283203 597.47912597656 599.65203857422 601.693359375 603.53106689453 605.30999755859 607.06463623047 608.84631347656 610.712890625 612.75091552734 614.86987304688 617.18591308594 619.80511474609 622.94891357422 626.86932373047 631.29803466797 635.74139404297 639.56146240234 641.73803710938 640.8115234375 637.32232666016 632.03179931641 625.51092529297 618.04046630859 610.10711669922 602.09320068359 594.21258544922 586.71331787109 579.82781982422 574.39782714844 570.21673583984 567.43322753906 566.20880126953 567.15478515625 570.32141113281 575.33483886719 582.05688476562 590.34558105469 600.20166015625 610.83947753906 621.88702392578 633.04388427734 644.04370117188 654.35491943359
583.94573974609 587.52349853516 590.73254394531 593.93371582031 596.84930419922 599.60302734375 602.10729980469 604.32043457031 606.25775146484 607.96362304688 609.52447509766 610.92364501953 612.19476318359 613.40478515625 614.93389892578 616.59948730469 618.81683349609 621.95648193359 626.52325439453 631.59661865234 636.03753662109 639.00067138672 638.68988037109 634.89318847656 629.18597412109 622.76702880859 615.97351074219 608.96270751953 601.81408691406 594.86370849609 588.59838867188 583.05084228516 578.35784912109 574.84301757812 572.92840576172 572.74920654297 574.20971679688 577.359375 582.36962890625 589.18872070312 597.34606933594 606.41821289062 616.21838378906 626.63079833984 636.86157226562 646.69268798828 655.94891357422
579.11682128906 583.63616943359 587.76336669922 591.72399902344 595.54425048828 598.96911621094 601.89190673828 604.36602783203 606.44879150391 608.15069580078 609.47766113281 610.46130371094 611.20159912109 611.57751464844 611.93389892578 612.419921875 613.55352783203 615.76159667969 620.23846435547 626.04290771484 630.09741210938 634.24554443359 633.85552978516 629.75842285156 624.6494140625 619.12091064453 613.03662109375 606.98742675781 601.17266845703 595.60388183594 590.28057861328 585.65258789062 582.11547851562 579.78857421875 578.67846679688 578.95587158203 580.83435058594 584.60675048828 589.67889404297 596.17590332031 603.78955078125 612.46258544922 621.58856201172 630.86505126953 640.06713867188 649.08532714844 657.51336669922
573.75140380859 579.24639892578 584.50537109375 589.37292480469 593.69281005859 597.61865234375 601.01751708984 603.84698486328 606.08288574219 607.78778076172 609.02355957031 609.57434082031 609.48901367188 609.10711669922 608.72058105469 608.35668945312 608.18829345703 609.04669189453 612.80657958984 618.32635498047 620.79083251953 622.96038818359 624.353515625 621.54333496094 617.74407958984 613.66455078125 609.33892822266 604.81768798828 600.03265380859 595.49273681641 591.63171386719 588.45562744141 585.90600585938 584.27581787109 583.86688232422 585.09698486328 587.55975341797 591.34185791016 596.47796630859 602.78601074219 610.04095458984 617.88812255859 626.228515625 634.80627441406 643.185546875 650.99780273438 658.27124023438
568.90490722656 575.06713867188 580.95098876953 586.53375244141 591.57238769531 596.08068847656 599.72619628906 602.75427246094 605.15533447266 606.92114257812 608.06823730469 608.27764892578 607.73431396484 606.50994873047 605.05603027344 603.763671875 602.96710205078 603.07318115234 604.85162353516 606.41467285156 607.76641845703 609.56036376953 611.00201416016 611.150390625 610.03784179688 607.58258056641 604.56616210938 601.30145263672 598.30627441406 595.45989990234 592.69647216797 590.37829589844 588.93310546875 588.56365966797 589.13983154297 590.81188964844 593.64996337891 597.65686035156 602.77893066406 608.75335693359 615.59210205078 622.95306396484 630.54815673828 638.025390625 645.36138916016 652.44055175781 658.99877929688
564.17114257812 571.05865478516 577.78894042969 583.83233642578 589.36199951172 594.12823486328 598.14831542969 601.34002685547 603.69183349609 605.44732666016 606.60656738281 606.96783447266 605.2119140625 603.28039550781 601.25769042969 599.29241943359 597.46984863281 596.08251953125 595.37396240234 594.80413818359 593.732421875 595.82525634766 599.03149414062 600.71307373047 601.11572265625 600.54754638672 599.57104492188 597.96130371094 596.12091064453 594.37567138672 592.94714355469 592.18927001953 591.87335205078 592.287109375 593.55859375 595.8505859375 599.15460205078 603.37487792969 608.41687011719 614.17327880859 620.47198486328 627.05413818359 633.92059326172 640.72149658203 647.30865478516 653.38165283203 658.93908691406
560.32916259766 567.68029785156 574.75970458984 581.37091064453 587.32763671875 592.23370361328 596.25561523438 599.4560546875 601.85870361328 603.37408447266 604.06848144531 603.69677734375 602.00415039062 599.63470458984 596.95043945312 594.34680175781 591.87060546875 589.65075683594 587.33746337891 584.66790771484 582.95281982422 584.75061035156 588.43786621094 591.42279052734 593.2275390625 593.97814941406 594.12866210938 593.87292480469 593.50506591797 593.23272705078 593.06207275391 593.25903320312 593.94006347656 595.36541748047 597.53167724609 600.39440917969 603.97308349609 608.24108886719 613.16375732422 618.64953613281 624.50628662109 630.57366943359 636.71252441406 642.5849609375 648.28210449219 653.63238525391 658.54284667969
557.23199462891 565.0068359375 572.49755859375 579.28442382812 585.29547119141 590.37274169922 594.56781005859 597.53045654297 599.50177001953 600.59881591797 600.80694580078 600.03179931641 597.95532226562 595.32092285156 592.40625 589.39721679688 586.36187744141 583.45959472656 580.70684814453 578.30383300781 576.88885498047 577.82586669922 580.76397705078 583.50354003906 585.92578125 587.77947998047 589.15264892578 589.96069335938 590.73297119141 591.54235839844 592.52514648438 593.91314697266 595.70153808594 597.96069335938 600.72552490234 604.01763916016 607.95867919922 612.38726806641 617.19696044922 622.31427001953 627.65936279297 633.0859375 638.48693847656 643.72418212891 648.71588134766 653.37359619141 657.48034667969
555.26251220703 563.25543212891 570.88586425781 577.921875 584.09655761719 588.99774169922 592.73297119141 595.53070068359 597.24822998047 597.91339111328 597.35791015625 595.90057373047 593.67053222656 590.84869384766 587.68096923828 584.39080810547 581.17541503906 578.12536621094 575.35266113281 573.18719482422 572.3974609375 573.03991699219 574.85705566406 577.37731933594 579.92620849609 582.21856689453 584.24743652344 586.15057373047 587.87518310547 589.71948242188 591.82629394531 594.19012451172 596.84185791016 599.79626464844 603.24835205078 607.07598876953 611.21392822266 615.61126708984 620.24658203125 625.02490234375 629.84704589844 634.66015625 639.40765380859 644.03594970703 648.30920410156 652.25714111328 655.80950927734
554.53729248047 562.73809814453 570.47741699219 577.36267089844 583.23162841797 588.13262939453 591.71600341797 594.06091308594 595.07604980469 595.05731201172 594.08129882812 592.22955322266 589.50701904297 586.37274169922 582.95611572266 579.52947998047 576.22595214844 573.22125244141 570.71063232422 568.90246582031 568.00396728516 568.40637207031 570.02777099609 572.23974609375 574.76336669922 577.39953613281 579.89947509766 582.44189453125 585.11401367188 587.97357177734 590.96667480469 594.05053710938 597.55639648438 601.28155517578 605.22570800781 609.36419677734 613.67565917969 618.08239746094 622.462890625 626.78851318359 631.08508300781 635.36273193359 639.42565917969 643.34619140625 647.07403564453 650.5595703125 653.62426757812
555.21148681641 563.416015625 571.02459716797 577.84716796875 583.5615234375 588.01324462891 590.98504638672 592.76641845703 593.35870361328 592.85150146484 591.23114013672 588.72479248047 585.61755371094 582.13238525391 578.52301025391 574.94183349609 571.62670898438 568.69030761719 566.27276611328 564.58770751953 563.98107910156 564.35894775391 565.61810302734 567.67883300781 570.20025634766 573.01617431641 576.04425048828 579.26849365234 582.59747314453 586.13586425781 589.95153808594 593.96380615234 598.08538818359 602.26330566406 606.62371826172 611.09313964844 615.50677490234 619.79217529297 623.94079589844 627.87744140625 631.54046630859 635.05505371094 638.48919677734 641.93627929688 645.11901855469 648.03228759766 650.67639160156
557.40570068359 565.53649902344 572.99237060547 579.43560791016 584.54327392578 588.57476806641 591.07751464844 592.35479736328 592.20367431641 590.89367675781 588.70434570312 585.71960449219 582.27624511719 578.37884521484 574.44708251953 570.68853759766 567.32501220703 564.3779296875 562.12902832031 560.63580322266 560.00280761719 560.37286376953 561.61181640625 563.64459228516 566.24078369141 569.29962158203 572.6640625 576.35046386719 580.43878173828 584.77728271484 589.17150878906 593.63635253906 598.2529296875 602.98022460938 607.68859863281 612.28216552734 616.73614501953 620.92596435547 624.71752929688 628.07525634766 631.205078125 634.18292236328 636.92175292969 639.56164550781 642.15435791016 644.73358154297 647.09832763672
561.28265380859 569.24920654297 576.20220947266 582.01000976562 586.81384277344 590.04071044922 591.88732910156 592.28533935547 591.48052978516 589.64886474609 586.86651611328 583.29998779297 579.28265380859 575.09936523438 570.9453125 566.98864746094 563.45550537109 560.48852539062 558.29943847656 556.87408447266 556.33203125 556.77545166016 558.05627441406 560.16387939453 562.8759765625 566.16729736328 570.01556396484 574.25054931641 578.74780273438 583.44915771484 588.4208984375 593.4580078125 598.46545410156 603.41632080078 608.30462646484 613.01153564453 617.39855957031 621.40783691406 624.94219970703 627.96722412109 630.27862548828 632.35882568359 634.45050048828 636.55285644531 638.62054443359 640.51153564453 642.35522460938
566.92810058594 574.46508789062 580.9482421875 586.22430419922 589.99932861328 592.25122070312 593.27545166016 593.03765869141 591.60662841797 588.85083007812 585.38580322266 581.37756347656 576.99749755859 572.42889404297 567.91516113281 563.78979492188 560.18188476562 557.17181396484 554.92749023438 553.60345458984 553.25335693359 553.78356933594 555.14080810547 557.35693359375 560.3427734375 563.96673583984 568.07550048828 572.60119628906 577.55017089844 582.74987792969 588.00915527344 593.29504394531 598.55310058594 603.73498535156 608.68542480469 613.31011962891 617.57720947266 621.43151855469 624.61541748047 626.89569091797 628.67633056641 630.21417236328 631.58874511719 632.76226806641 634.05810546875 635.4287109375 636.75122070312
