gis/input_ras/wahp/raw_surf_ow/GM_Numerical_ 10 - Upper Sand_younger.grd
DSAA
127 175
2899843.736377 2983003.736377
-256145.63012446 -141305.63012446
875.943359375 980.65478515625
[rows 138 to 160 of 175, columns 51 to 101 of 127]
1.70141E+38 1.70141E+38 940.49450683594 946.28656005859 951.98364257812 957.15087890625 960.75903320312 962.75177001953 963.93347167969 964.34802246094 964.04064941406 963.07196044922 961.53527832031 959.55883789062 957.3466796875 955.00811767578 952.69305419922 950.53424072266 948.68927001953 1.70141E+38 1.70141E+38 1.70141E+38 1.70141E+38 1.70141E+38 1.70141E+38 1.70141E+38 1.70141E+38 955.60211181641 957.29327392578 958.60455322266 959.43499755859 959.66339111328 959.56799316406 959.24505615234 958.78161621094 958.21862792969 957.75695800781 957.75372314453 958.13647460938 958.89660644531 959.94403076172 961.05474853516 961.87017822266 962.21661376953 962.08343505859 961.60186767578 960.80963134766 959.76666259766 958.59027099609 957.28729248047 955.84252929688
1.70141E+38 1.70141E+38 940.02404785156 945.64501953125 951.19830322266 956.1748046875 959.70855712891 962.14141845703 963.46246337891 963.80627441406 963.26208496094 962.01104736328 960.29089355469 958.19818115234 955.86749267578 953.42138671875 951.00823974609 948.74285888672 946.79345703125 1.70141E+38 1.70141E+38 1.70141E+38 1.70141E+38 1.70141E+38 1.70141E+38 1.70141E+38 1.70141E+38 954.03845214844 955.88555908203 957.37139892578 958.494140625 959.29565429688 959.78265380859 959.93035888672 959.98541259766 960.11633300781 960.33337402344 960.73114013672 961.42712402344 962.50378417969 963.79223632812 964.97918701172 965.70983886719 965.82922363281 965.26129150391 964.19348144531 962.90393066406 961.54571533203 960.12170410156 958.58117675781 956.96850585938
1.70141E+38 1.70141E+38 938.59613037109 943.97155761719 949.09075927734 953.09844970703 957.56225585938 960.31988525391 962.04406738281 962.22351074219 961.44451904297 960.04028320312 958.18884277344 955.96417236328 953.55798339844 951.09411621094 948.67883300781 946.42016601562 1.70141E+38 1.70141E+38 1.70141E+38 1.70141E+38 1.70141E+38 1.70141E+38 1.70141E+38 1.70141E+38 1.70141E+38 952.30249023438 954.357421875 956.16497802734 957.58520507812 958.70074462891 959.59020996094 960.34948730469 960.98529052734 961.48419189453 962.05297851562 962.86920166016 963.99249267578 965.36199951172 966.84918212891 968.20764160156 969.04626464844 968.75360107422 967.61590576172 966.13787841797 964.46838378906 962.69421386719 960.96734619141 959.30932617188 957.64447021484
1.70141E+38 1.70141E+38 936.19317626953 941.20953369141 946.04608154297 950.49133300781 952.23400878906 957.23291015625 959.27801513672 959.48333740234 958.55902099609 957.02325439453 955.09045410156 952.84936523438 950.45983886719 948.02856445312 945.72283935547 943.62713623047 1.70141E+38 1.70141E+38 1.70141E+38 1.70141E+38 1.70141E+38 1.70141E+38 1.70141E+38 1.70141E+38 1.70141E+38 1.70141E+38 952.75219726562 954.72796630859 956.48236083984 958.03759765625 959.29693603516 960.35845947266 961.29699707031 962.20574951172 963.15881347656 964.23126220703 965.53344726562 967.06677246094 968.80981445312 970.60229492188 971.46954345703 970.93627929688 969.17651367188 967.02935791016 964.95715332031 963.02331542969 961.18420410156 959.44378662109 957.79418945312
1.70141E+38 1.70141E+38 1.70141E+38 937.75604248047 942.09820556641 946.19158935547 949.82537841797 952.83294677734 954.84649658203 955.21813964844 954.33880615234 952.89642333984 951.03820800781 948.88177490234 946.59490966797 944.31372070312 942.16772460938 1.70141E+38 1.70141E+38 1.70141E+38 1.70141E+38 1.70141E+38 1.70141E+38 1.70141E+38 1.70141E+38 1.70141E+38 1.70141E+38 1.70141E+38 951.04986572266 953.25329589844 955.2255859375 956.99755859375 958.57299804688 959.99304199219 961.21173095703 962.31787109375 963.43023681641 964.63732910156 966.04418945312 967.64733886719 969.38720703125 971.12683105469 972.43493652344 971.216796875 968.97235107422 966.68041992188 964.47430419922 962.431640625 960.61846923828 958.97265625 957.41925048828
1.70141E+38 1.70141E+38 1.70141E+38 1.70141E+38 937.42047119141 941.13299560547 944.51000976562 947.16833496094 948.85382080078 949.44189453125 949.05480957031 947.89270019531 946.12628173828 944.10198974609 941.98193359375 939.88592529297 937.96960449219 1.70141E+38 1.70141E+38 1.70141E+38 1.70141E+38 1.70141E+38 1.70141E+38 1.70141E+38 1.70141E+38 1.70141E+38 1.70141E+38 1.70141E+38 949.16375732422 951.52758789062 953.736328125 955.74627685547 957.51147460938 959.09204101562 960.50469970703 961.77551269531 962.97033691406 964.21118164062 965.54730224609 966.97454833984 968.42834472656 969.60345458984 969.98016357422 969.03442382812 967.13287353516 964.94201660156 962.865234375 960.99530029297 959.33050537109 957.85028076172 956.54565429688
1.70141E+38 1.70141E+38 1.70141E+38 1.70141E+38 1.70141E+38 935.46606445312 938.39129638672 940.82202148438 942.55908203125 943.26013183594 942.93731689453 941.94494628906 940.45678710938 938.65173339844 936.72546386719 1.70141E+38 1.70141E+38 1.70141E+38 1.70141E+38 1.70141E+38 1.70141E+38 1.70141E+38 1.70141E+38 1.70141E+38 1.70141E+38 1.70141E+38 1.70141E+38 944.55004882812 947.17864990234 949.6611328125 951.98059082031 954.11633300781 956.05529785156 957.77740478516 959.25439453125 960.56701660156 961.76879882812 962.91424560547 964.06213378906 965.17468261719 966.10809326172 966.66943359375 966.64978027344 965.63751220703 963.95428466797 962.11218261719 960.32183837891 958.72210693359 957.39294433594 956.25616455078 955.22894287109
1.70141E+38 1.70141E+38 1.70141E+38 1.70141E+38 1.70141E+38 1.70141E+38 1.70141E+38 934.42919921875 935.86712646484 936.53527832031 936.4423828125 935.62176513672 934.21759033203 1.70141E+38 1.70141E+38 1.70141E+38 1.70141E+38 1.70141E+38 1.70141E+38 1.70141E+38 1.70141E+38 1.70141E+38 1.70141E+38 1.70141E+38 1.70141E+38 1.70141E+38 1.70141E+38 942.34625244141 945.04937744141 947.63470458984 950.06140136719 952.24908447266 954.19683837891 955.92828369141 957.44610595703 958.75323486328 959.85638427734 960.82983398438 961.70806884766 962.45733642578 963.01770019531 963.115234375 962.58819580078 961.52783203125 1.70141E+38 1.70141E+38 1.70141E+38 1.70141E+38 1.70141E+38 954.22662353516 953.52655029297
1.70141E+38 1.70141E+38 1.70141E+38 1.70141E+38 1.70141E+38 1.70141E+38 1.70141E+38 1.70141E+38 1.70141E+38 1.70141E+38 1.70141E+38 1.70141E+38 1.70141E+38 1.70141E+38 1.70141E+38 1.70141E+38 1.70141E+38 1.70141E+38 1.70141E+38 1.70141E+38 1.70141E+38 1.70141E+38 1.70141E+38 1.70141E+38 1.70141E+38 1.70141E+38 937.26452636719 940.14178466797 942.91888427734 945.53869628906 947.94293212891 950.12463378906 952.07464599609 953.77746582031 955.21343994141 956.40112304688 957.37976074219 958.16662597656 958.83666992188 959.26068115234 959.37786865234 1.70141E+38 1.70141E+38 1.70141E+38 1.70141E+38 1.70141E+38 1.70141E+38 1.70141E+38 1.70141E+38 951.91912841797 951.69567871094
1.70141E+38 1.70141E+38 1.70141E+38 1.70141E+38 1.70141E+38 1.70141E+38 1.70141E+38 1.70141E+38 1.70141E+38 1.70141E+38 1.70141E+38 1.70141E+38 1.70141E+38 1.70141E+38 1.70141E+38 1.70141E+38 1.70141E+38 1.70141E+38 1.70141E+38 1.70141E+38 1.70141E+38 1.70141E+38 1.70141E+38 1.70141E+38 1.70141E+38 931.97821044922 934.99914550781 937.97296142578 940.79162597656 943.40887451172 945.78479003906 947.91387939453 949.74102783203 951.29766845703 952.61334228516 953.69573974609 954.55419921875 955.14135742188 1.70141E+38 1.70141E+38 1.70141E+38 1.70141E+38 1.70141E+38 1.70141E+38 1.70141E+38 1.70141E+38 1.70141E+38 1.70141E+38 1.70141E+38 1.70141E+38 949.71911621094
1.70141E+38 1.70141E+38 1.70141E+38 1.70141E+38 1.70141E+38 1.70141E+38 1.70141E+38 1.70141E+38 1.70141E+38 1.70141E+38 1.70141E+38 1.70141E+38 1.70141E+38 1.70141E+38 1.70141E+38 1.70141E+38 1.70141E+38 1.70141E+38 1.70141E+38 1.70141E+38 1.70141E+38 1.70141E+38 1.70141E+38 1.70141E+38 926.43072509766 929.70074462891 932.90649414062 935.94964599609 938.76916503906 941.36224365234 943.62585449219 945.58825683594 947.26928710938 948.69171142578 949.86804199219 950.73022460938 1.70141E+38 1.70141E+38 1.70141E+38 1.70141E+38 1.70141E+38 1.70141E+38 1.70141E+38 1.70141E+38 1.70141E+38 1.70141E+38 1.70141E+38 1.70141E+38 1.70141E+38 1.70141E+38 947.83917236328
1.70141E+38 1.70141E+38 1.70141E+38 1.70141E+38 1.70141E+38 1.70141E+38 1.70141E+38 1.70141E+38 1.70141E+38 1.70141E+38 1.70141E+38 1.70141E+38 1.70141E+38 1.70141E+38 1.70141E+38 1.70141E+38 1.70141E+38 1.70141E+38 1.70141E+38 1.70141E+38 1.70141E+38 1.70141E+38 1.70141E+38 920.71783447266 924.25201416016 927.68243408203 930.99255371094 934.11657714844 936.92071533203 939.39044189453 941.51892089844 943.34362792969 944.85858154297 946.01403808594 946.93005371094 1.70141E+38 1.70141E+38 1.70141E+38 1.70141E+38 1.70141E+38 1.70141E+38 1.70141E+38 1.70141E+38 1.70141E+38 1.70141E+38 1.70141E+38 1.70141E+38 1.70141E+38 1.70141E+38 945.10906982422 946.06811523438
1.70141E+38 1.70141E+38 1.70141E+38 1.70141E+38 1.70141E+38 1.70141E+38 1.70141E+38 1.70141E+38 1.70141E+38 1.70141E+38 1.70141E+38 1.70141E+38 1.70141E+38 1.70141E+38 1.70141E+38 1.70141E+38 1.70141E+38 1.70141E+38 1.70141E+38 1.70141E+38 1.70141E+38 1.70141E+38 914.79901123047 918.52130126953 922.27465820312 925.95556640625 929.41510009766 932.50622558594 935.25189208984 937.64123535156 939.63586425781 941.189453125 942.42565917969 943.39239501953 1.70141E+38 1.70141E+38 1.70141E+38 1.70141E+38 1.70141E+38 1.70141E+38 1.70141E+38 1.70141E+38 1.70141E+38 1.70141E+38 1.70141E+38 1.70141E+38 1.70141E+38 1.70141E+38 1.70141E+38 943.14117431641 944.57775878906
1.70141E+38 1.70141E+38 1.70141E+38 1.70141E+38 1.70141E+38 1.70141E+38 1.70141E+38 1.70141E+38 1.70141E+38 1.70141E+38 1.70141E+38 1.70141E+38 1.70141E+38 1.70141E+38 1.70141E+38 1.70141E+38 1.70141E+38 1.70141E+38 1.70141E+38 1.70141E+38 1.70141E+38 908.77136230469 912.68701171875 916.76593017578 920.79010009766 924.57873535156 928.08111572266 931.23266601562 933.94000244141 936.10772705078 937.85589599609 939.22845458984 940.26092529297 940.94122314453 1.70141E+38 1.70141E+38 1.70141E+38 1.70141E+38 1.70141E+38 1.70141E+38 1.70141E+38 1.70141E+38 1.70141E+38 1.70141E+38 1.70141E+38 1.70141E+38 1.70141E+38 1.70141E+38 1.70141E+38 941.677734375 943.39508056641
1.70141E+38 1.70141E+38 1.70141E+38 1.70141E+38 1.70141E+38 1.70141E+38 1.70141E+38 1.70141E+38 1.70141E+38 1.70141E+38 1.70141E+38 1.70141E+38 1.70141E+38 1.70141E+38 1.70141E+38 1.70141E+38 1.70141E+38 1.70141E+38 1.70141E+38 1.70141E+38 902.88323974609 906.97113037109 911.27789306641 915.57653808594 919.7490234375 923.68902587891 927.22601318359 930.24652099609 932.79211425781 934.85858154297 936.45690917969 937.53680419922 938.23004150391 938.64422607422 1.70141E+38 1.70141E+38 1.70141E+38 1.70141E+38 1.70141E+38 1.70141E+38 1.70141E+38 1.70141E+38 1.70141E+38 1.70141E+38 1.70141E+38 1.70141E+38 1.70141E+38 1.70141E+38 1.70141E+38 940.53558349609 942.5400390625
896.19537353516 897.962890625 899.55712890625 900.86993408203 901.81878662109 902.26611328125 1.70141E+38 1.70141E+38 1.70141E+38 1.70141E+38 1.70141E+38 1.70141E+38 1.70141E+38 1.70141E+38 1.70141E+38 1.70141E+38 1.70141E+38 1.70141E+38 1.70141E+38 1.70141E+38 901.50592041016 906.06365966797 910.70361328125 915.22833251953 919.45886230469 923.30987548828 926.74487304688 929.71929931641 932.17620849609 933.97406005859 935.25360107422 936.0859375 936.52911376953 936.67333984375 1.70141E+38 1.70141E+38 1.70141E+38 1.70141E+38 1.70141E+38 1.70141E+38 1.70141E+38 1.70141E+38 1.70141E+38 1.70141E+38 1.70141E+38 1.70141E+38 1.70141E+38 1.70141E+38 937.86529541016 939.8408203125 942.07806396484
897.11108398438 898.99176025391 900.59045410156 901.73327636719 902.43737792969 902.72222900391 902.61749267578 902.068359375 901.04504394531 899.59387207031 1.70141E+38 1.70141E+38 1.70141E+38 1.70141E+38 1.70141E+38 1.70141E+38 1.70141E+38 1.70141E+38 1.70141E+38 896.08709716797 900.90887451172 905.96057128906 910.99029541016 915.63195800781 919.81982421875 923.57366943359 926.87603759766 929.55914306641 931.71588134766 933.34399414062 934.43676757812 935.01763916016 935.08258056641 934.87811279297 1.70141E+38 1.70141E+38 1.70141E+38 1.70141E+38 1.70141E+38 1.70141E+38 1.70141E+38 1.70141E+38 1.70141E+38 1.70141E+38 1.70141E+38 1.70141E+38 1.70141E+38 1.70141E+38 937.29327392578 939.39672851562 941.79626464844
898.92852783203 900.82708740234 902.39239501953 903.50390625 904.07177734375 904.14691162109 903.79138183594 903.17272949219 902.16784667969 900.65155029297 898.62561035156 896.14367675781 893.36993408203 1.70141E+38 1.70141E+38 1.70141E+38 1.70141E+38 1.70141E+38 890.73162841797 895.35198974609 901.00817871094 906.78625488281 912.20770263672 916.89111328125 920.97430419922 924.3525390625 927.26812744141 929.73492431641 931.69476318359 933.08978271484 933.82934570312 934.07171630859 933.89294433594 933.44506835938 1.70141E+38 1.70141E+38 1.70141E+38 1.70141E+38 1.70141E+38 1.70141E+38 1.70141E+38 1.70141E+38 1.70141E+38 1.70141E+38 1.70141E+38 1.70141E+38 1.70141E+38 1.70141E+38 936.81896972656 939.13732910156 941.72741699219
901.59600830078 903.478515625 905.02600097656 906.09155273438 906.57647705078 906.45037841797 905.99078369141 905.33935546875 904.42175292969 902.8447265625 900.6318359375 897.90258789062 894.82843017578 891.50396728516 1.70141E+38 1.70141E+38 1.70141E+38 1.70141E+38 890.11560058594 895.73651123047 902.05261230469 908.33520507812 914.14678955078 918.84423828125 922.49261474609 925.53515625 928.14709472656 930.28161621094 931.86932373047 932.96453857422 933.49841308594 933.52075195312 933.06268310547 932.28100585938 1.70141E+38 1.70141E+38 1.70141E+38 1.70141E+38 1.70141E+38 1.70141E+38 1.70141E+38 1.70141E+38 1.70141E+38 1.70141E+38 1.70141E+38 1.70141E+38 1.70141E+38 934.43029785156 936.55480957031 938.98681640625 941.67651367188
905.01733398438 906.73559570312 908.32727050781 909.50140380859 910.05798339844 909.97546386719 909.18353271484 908.86859130859 907.93756103516 906.26721191406 903.88525390625 900.75347900391 897.21179199219 893.4892578125 889.83081054688 886.58813476562 1.70141E+38 885.76287841797 890.47619628906 896.73010253906 903.66955566406 910.64758300781 916.82708740234 921.25866699219 924.53271484375 927.03399658203 929.138671875 930.92315673828 932.28704833984 933.1708984375 933.44183349609 933.1552734375 932.44879150391 931.48583984375 1.70141E+38 1.70141E+38 1.70141E+38 1.70141E+38 1.70141E+38 1.70141E+38 1.70141E+38 1.70141E+38 1.70141E+38 1.70141E+38 1.70141E+38 1.70141E+38 1.70141E+38 934.05615234375 936.29229736328 938.8291015625 941.62292480469
908.71002197266 910.36578369141 912.01184082031 913.48156738281 914.62799072266 914.94281005859 914.49792480469 914.02331542969 912.98370361328 910.78619384766 907.91748046875 904.54309082031 900.79461669922 896.79956054688 892.7431640625 889.01153564453 886.51812744141 887.21295166016 892.43609619141 898.98370361328 906.04998779297 913.0986328125 919.47729492188 923.80871582031 926.27722167969 928.40362548828 930.25378417969 931.80615234375 932.89544677734 933.48077392578 933.52508544922 933.08349609375 932.22857666016 931.03430175781 1.70141E+38 1.70141E+38 1.70141E+38 1.70141E+38 1.70141E+38 1.70141E+38 1.70141E+38 1.70141E+38 1.70141E+38 1.70141E+38 1.70141E+38 1.70141E+38 1.70141E+38 933.69653320312 936.05291748047 938.67736816406 941.49176025391
912.41876220703 913.91571044922 915.82562255859 917.79925537109 919.57659912109 920.88616943359 921.51922607422 920.65264892578 918.73217773438 916.03509521484 912.77618408203 909.10614013672 905.19665527344 901.22210693359 897.36065673828 893.87365722656 891.63116455078 892.68664550781 896.87542724609 902.53149414062 908.89794921875 915.27874755859 920.98205566406 924.96185302734 927.62310791016 929.66955566406 931.33929443359 932.642578125 933.54541015625 933.99108886719 933.93133544922 933.25445556641 932.19580078125 930.93127441406 929.58935546875 1.70141E+38 1.70141E+38 1.70141E+38 1.70141E+38 1.70141E+38 1.70141E+38 1.70141E+38 1.70141E+38 1.70141E+38 1.70141E+38 1.70141E+38 1.70141E+38 933.4248046875 935.80322265625 938.41101074219 941.20574951172
915.63385009766 917.15472412109 919.18243408203 921.62817382812 924.42926025391 927.06964111328 928.30279541016 927.59582519531 924.90368652344 921.41760253906 917.75848388672 914.00036621094 910.20843505859 906.46435546875 903.03094482422 900.36517333984 899.07879638672 899.662109375 902.36950683594 906.90399169922 912.12670898438 917.37622070312 922.16949462891 926.02935791016 928.63006591797 930.69219970703 932.33917236328 933.59844970703 934.42608642578 934.63134765625 934.33526611328 933.59063720703 932.47906494141 931.11279296875 929.7080078125 1.70141E+38 1.70141E+38 1.70141E+38 1.70141E+38 1.70141E+38 1.70141E+38 1.70141E+38 1.70141E+38 1.70141E+38 1.70141E+38 1.70141E+38 1.70141E+38 933.06677246094 935.45812988281 938.05499267578 940.78698730469
