gis/input_ras/wahp/raw_surf_ow/GM_Numerical_ 02 - Basal Sand_younger.grd
DSAA
157 175
2880056.8709409 2983016.8709409
-256145.63012446 -141305.63012446
510.41497802734 790.89086914062
[rows 88 to 109 of 175, columns 51 to 101 of 157]
648.23791503906 645.68286132812 643.51318359375 641.71429443359 640.29272460938 639.31042480469 638.91857910156 639.08209228516 639.8447265625 641.25463867188 643.45355224609 646.56378173828 650.41564941406 654.97216796875 660.17474365234 665.97283935547 672.14501953125 678.40686035156 684.57788085938 690.46350097656 695.74548339844 700.30279541016 704.11169433594 707.10943603516 709.20770263672 710.16076660156 1.70141E+38 1.70141E+38 1.70141E+38 1.70141E+38 1.70141E+38 1.70141E+38 1.70141E+38 1.70141E+38 1.70141E+38 1.70141E+38 1.70141E+38 1.70141E+38 1.70141E+38 1.70141E+38 1.70141E+38 1.70141E+38 1.70141E+38 1.70141E+38 1.70141E+38 1.70141E+38 1.70141E+38 1.70141E+38 1.70141E+38 1.70141E+38 1.70141E+38
647.22875976562 644.52258300781 642.26690673828 640.45843505859 639.13348388672 638.26843261719 637.89984130859 638.11676025391 639.00677490234 640.68249511719 643.0810546875 646.22479248047 650.18890380859 654.95074462891 660.40673828125 666.33312988281 672.58459472656 678.95971679688 685.19464111328 691.02349853516 696.29595947266 700.88824462891 704.60284423828 707.34039306641 709.08911132812 709.85552978516 709.56262207031 1.70141E+38 1.70141E+38 1.70141E+38 1.70141E+38 1.70141E+38 1.70141E+38 1.70141E+38 1.70141E+38 1.70141E+38 1.70141E+38 1.70141E+38 1.70141E+38 1.70141E+38 1.70141E+38 1.70141E+38 1.70141E+38 1.70141E+38 1.70141E+38 1.70141E+38 1.70141E+38 1.70141E+38 1.70141E+38 1.70141E+38 1.70141E+38
646.01477050781 643.25213623047 640.97961425781 639.14965820312 637.79089355469 636.95965576172 636.67529296875 637.03686523438 638.02600097656 639.73071289062 642.21936035156 645.53424072266 649.66345214844 654.48828125 659.98217773438 665.98474121094 672.31097412109 678.6923828125 684.92010498047 690.74340820312 695.97393798828 700.35852050781 703.89660644531 706.57745361328 708.22833251953 708.87994384766 708.30206298828 706.6279296875 703.85913085938 1.70141E+38 1.70141E+38 1.70141E+38 1.70141E+38 1.70141E+38 1.70141E+38 1.70141E+38 1.70141E+38 1.70141E+38 1.70141E+38 1.70141E+38 1.70141E+38 1.70141E+38 1.70141E+38 1.70141E+38 1.70141E+38 1.70141E+38 1.70141E+38 1.70141E+38 1.70141E+38 1.70141E+38 1.70141E+38
644.78015136719 641.92181396484 639.62042236328 637.77294921875 636.42901611328 635.62731933594 635.37329101562 635.78179931641 636.82189941406 638.62628173828 641.19982910156 644.54241943359 648.70422363281 653.556640625 659.08227539062 665.06268310547 671.33709716797 677.67327880859 683.8447265625 689.52056884766 694.58422851562 698.86938476562 702.30310058594 704.86566162109 706.37683105469 706.97540283203 706.43005371094 704.71343994141 701.82385253906 697.74670410156 1.70141E+38 1.70141E+38 1.70141E+38 1.70141E+38 1.70141E+38 1.70141E+38 1.70141E+38 1.70141E+38 1.70141E+38 1.70141E+38 1.70141E+38 1.70141E+38 1.70141E+38 1.70141E+38 1.70141E+38 1.70141E+38 1.70141E+38 1.70141E+38 1.70141E+38 1.70141E+38 1.70141E+38
643.62261962891 640.71661376953 638.33850097656 636.46197509766 635.13873291016 634.33416748047 634.06921386719 634.47650146484 635.56274414062 637.44580078125 640.03887939453 643.35443115234 647.47900390625 652.28405761719 657.75317382812 663.64276123047 669.80059814453 675.96221923828 681.91882324219 687.42767333984 692.33532714844 696.49310302734 699.73889160156 702.12512207031 703.60943603516 704.21942138672 703.85546875 702.26312255859 699.03741455078 694.75946044922 1.70141E+38 1.70141E+38 1.70141E+38 1.70141E+38 1.70141E+38 1.70141E+38 1.70141E+38 1.70141E+38 1.70141E+38 1.70141E+38 1.70141E+38 1.70141E+38 1.70141E+38 1.70141E+38 1.70141E+38 1.70141E+38 1.70141E+38 1.70141E+38 1.70141E+38 1.70141E+38 1.70141E+38
642.57916259766 639.69073486328 637.31665039062 635.408203125 633.96661376953 633.08917236328 632.86560058594 633.2939453125 634.38024902344 636.15905761719 638.75341796875 642.13525390625 646.18817138672 650.86053466797 656.09564208984 661.7626953125 667.72021484375 673.65869140625 679.39556884766 684.68762207031 689.27099609375 693.10955810547 696.19775390625 698.51336669922 699.98419189453 700.6201171875 700.40783691406 698.87396240234 695.74945068359 690.95526123047 685.71215820312 1.70141E+38 1.70141E+38 1.70141E+38 1.70141E+38 1.70141E+38 1.70141E+38 1.70141E+38 1.70141E+38 1.70141E+38 1.70141E+38 1.70141E+38 1.70141E+38 1.70141E+38 1.70141E+38 1.70141E+38 1.70141E+38 1.70141E+38 1.70141E+38 1.70141E+38 1.70141E+38
641.94195556641 638.99200439453 636.51324462891 634.56390380859 633.12170410156 632.18896484375 631.81866455078 632.08831787109 633.22204589844 635.10626220703 637.67114257812 640.89166259766 644.75122070312 649.28686523438 654.32537841797 659.71862792969 665.33001708984 670.93566894531 676.28558349609 681.17352294922 685.48291015625 689.13464355469 691.97106933594 693.97308349609 695.27264404297 695.87054443359 695.74200439453 694.42596435547 690.73022460938 686.01348876953 680.81097412109 1.70141E+38 1.70141E+38 1.70141E+38 1.70141E+38 1.70141E+38 1.70141E+38 1.70141E+38 1.70141E+38 1.70141E+38 1.70141E+38 1.70141E+38 1.70141E+38 1.70141E+38 1.70141E+38 1.70141E+38 1.70141E+38 1.70141E+38 1.70141E+38 1.70141E+38 1.70141E+38
641.53784179688 638.68817138672 636.24041748047 634.19079589844 632.55480957031 631.43304443359 631.03369140625 631.32818603516 632.34582519531 634.08666992188 636.60858154297 639.83489990234 643.58563232422 647.80688476562 652.44384765625 657.49609375 662.70953369141 667.87066650391 672.81506347656 677.38189697266 681.24108886719 684.39855957031 686.90484619141 688.75854492188 689.96044921875 690.26000976562 689.63616943359 687.78802490234 684.61602783203 680.205078125 675.13812255859 1.70141E+38 1.70141E+38 1.70141E+38 1.70141E+38 1.70141E+38 1.70141E+38 1.70141E+38 1.70141E+38 1.70141E+38 1.70141E+38 1.70141E+38 1.70141E+38 1.70141E+38 1.70141E+38 1.70141E+38 1.70141E+38 1.70141E+38 1.70141E+38 1.70141E+38 1.70141E+38
1.70141E+38 638.88372802734 636.36083984375 634.26251220703 632.55480957031 631.28234863281 630.56414794922 630.61645507812 631.69409179688 633.56243896484 636.02703857422 639.0107421875 642.50787353516 646.49127197266 650.78088378906 655.318359375 660.01190185547 664.7685546875 669.18670654297 673.14392089844 676.56774902344 679.39807128906 681.60510253906 683.01184082031 683.82116699219 683.98284912109 683.39880371094 681.42108154297 677.9208984375 673.70654296875 669.05511474609 1.70141E+38 1.70141E+38 1.70141E+38 1.70141E+38 1.70141E+38 1.70141E+38 1.70141E+38 1.70141E+38 1.70141E+38 1.70141E+38 1.70141E+38 1.70141E+38 1.70141E+38 1.70141E+38 1.70141E+38 1.70141E+38 1.70141E+38 1.70141E+38 1.70141E+38 1.70141E+38
1.70141E+38 1.70141E+38 1.70141E+38 634.97662353516 633.05786132812 631.55438232422 630.60205078125 630.52587890625 631.59301757812 633.40118408203 635.83032226562 638.70971679688 641.92309570312 645.42944335938 649.22436523438 653.37432861328 657.51904296875 661.59039306641 665.44952392578 668.97186279297 671.96771240234 674.20544433594 675.88153076172 677.01336669922 677.59814453125 677.55169677734 676.70159912109 674.59997558594 671.27502441406 667.23712158203 662.84826660156 658.45593261719 1.70141E+38 1.70141E+38 1.70141E+38 1.70141E+38 1.70141E+38 1.70141E+38 1.70141E+38 1.70141E+38 1.70141E+38 1.70141E+38 655.78790283203 659.61199951172 663.7333984375 1.70141E+38 1.70141E+38 1.70141E+38 1.70141E+38 1.70141E+38 1.70141E+38
1.70141E+38 1.70141E+38 1.70141E+38 1.70141E+38 634.39782714844 632.70562744141 631.28509521484 630.97808837891 632.17443847656 634.09698486328 636.31518554688 638.81408691406 641.71716308594 644.87310791016 648.14276123047 651.56408691406 655.09765625 658.70904541016 662.05139160156 664.88146972656 667.248046875 669.10632324219 670.42919921875 671.15093994141 671.25476074219 670.80615234375 669.71734619141 667.57720947266 664.42236328125 660.85778808594 657.07403564453 653.12359619141 1.70141E+38 1.70141E+38 1.70141E+38 1.70141E+38 1.70141E+38 1.70141E+38 1.70141E+38 1.70141E+38 1.70141E+38 652.81561279297 656.72204589844 660.84747314453 665.14837646484 669.66247558594 674.30603027344 678.962890625 1.70141E+38 1.70141E+38 1.70141E+38
1.70141E+38 1.70141E+38 1.70141E+38 1.70141E+38 636.55487060547 634.89440917969 633.46844482422 633.20886230469 633.96099853516 635.57330322266 637.51330566406 639.69476318359 642.02746582031 644.52691650391 647.30816650391 650.26025390625 653.23724365234 656.06866455078 658.71850585938 661.11566162109 663.06799316406 664.42468261719 665.21435546875 665.49560546875 665.26153564453 664.47930908203 662.92364501953 660.73785400391 658.05963134766 654.93023681641 651.62530517578 648.43225097656 1.70141E+38 1.70141E+38 1.70141E+38 1.70141E+38 1.70141E+38 1.70141E+38 1.70141E+38 1.70141E+38 649.42584228516 653.73736572266 657.89947509766 662.05133056641 666.37237548828 670.90307617188 675.55029296875 680.23919677734 684.98400878906 1.70141E+38 1.70141E+38
1.70141E+38 1.70141E+38 1.70141E+38 1.70141E+38 1.70141E+38 638.12335205078 637.04895019531 636.61492919922 637.03497314453 637.99578857422 639.2724609375 640.90594482422 642.80023193359 644.85241699219 646.97735595703 649.17852783203 651.55029296875 653.90911865234 1.70141E+38 1.70141E+38 1.70141E+38 660.20373535156 660.6796875 660.65185546875 659.91381835938 658.59387207031 656.80499267578 654.60522460938 652.10656738281 649.70599365234 647.36645507812 644.83172607422 1.70141E+38 1.70141E+38 1.70141E+38 1.70141E+38 1.70141E+38 1.70141E+38 1.70141E+38 1.70141E+38 650.38604736328 654.89093017578 659.16455078125 663.18420410156 667.39300537109 671.85400390625 676.47943115234 681.17523193359 685.97839355469 690.86059570312 1.70141E+38
1.70141E+38 1.70141E+38 1.70141E+38 1.70141E+38 1.70141E+38 642.02673339844 641.11450195312 640.58239746094 640.47015380859 640.91253662109 641.69525146484 642.74749755859 643.94244384766 645.32153320312 646.93646240234 648.6767578125 650.49670410156 1.70141E+38 1.70141E+38 1.70141E+38 1.70141E+38 1.70141E+38 656.98846435547 656.4912109375 655.40454101562 653.77691650391 651.66937255859 649.34503173828 647.26806640625 645.43817138672 643.80181884766 642.31750488281 640.87280273438 1.70141E+38 1.70141E+38 1.70141E+38 1.70141E+38 1.70141E+38 1.70141E+38 646.87194824219 651.47650146484 656.13244628906 660.19171142578 664.13928222656 668.26953125 672.62286376953 677.17822265625 681.89233398438 686.70562744141 1.70141E+38 1.70141E+38
1.70141E+38 1.70141E+38 1.70141E+38 1.70141E+38 1.70141E+38 646.318359375 645.49938964844 644.83044433594 644.39105224609 644.22222900391 644.283203125 644.74200439453 645.41619873047 646.27319335938 647.29608154297 648.42608642578 649.73229980469 1.70141E+38 1.70141E+38 1.70141E+38 1.70141E+38 654.38360595703 654.26428222656 653.58489990234 652.22631835938 650.09753417969 647.63250732422 645.23944091797 643.26641845703 642.22509765625 641.833984375 641.35711669922 640.70678710938 639.84429931641 1.70141E+38 1.70141E+38 1.70141E+38 1.70141E+38 644.61273193359 648.47283935547 652.73638916016 656.97302246094 660.99163818359 664.89172363281 668.93707275391 673.24560546875 677.7412109375 682.38781738281 1.70141E+38 1.70141E+38 1.70141E+38
1.70141E+38 1.70141E+38 1.70141E+38 1.70141E+38 1.70141E+38 650.66625976562 649.9541015625 649.08557128906 648.23333740234 647.57763671875 647.14501953125 646.95245361328 646.99438476562 647.34808349609 647.89471435547 648.60711669922 649.44866943359 1.70141E+38 1.70141E+38 1.70141E+38 1.70141E+38 652.97613525391 652.83404541016 651.92065429688 650.29608154297 648.00323486328 645.18041992188 642.22686767578 640.69128417969 640.57867431641 641.30358886719 642.09759521484 642.38616943359 642.248046875 642.04840087891 1.70141E+38 1.70141E+38 644.70666503906 647.44659423828 650.72894287109 654.34588623047 658.10266113281 661.83709716797 665.64361572266 669.59991455078 673.74993896484 678.10430908203 1.70141E+38 1.70141E+38 1.70141E+38 1.70141E+38
1.70141E+38 1.70141E+38 1.70141E+38 1.70141E+38 1.70141E+38 654.91674804688 654.22790527344 653.09735107422 651.86480712891 650.70758056641 649.81298828125 649.14221191406 648.72814941406 648.56756591797 648.64501953125 649.01318359375 649.53326416016 1.70141E+38 1.70141E+38 1.70141E+38 1.70141E+38 652.59436035156 652.52532958984 651.87573242188 650.46423339844 648.04583740234 644.94885253906 641.66497802734 639.57904052734 641.01995849609 643.30688476562 644.95904541016 645.92767333984 646.29986572266 646.30755615234 646.49377441406 647.22711181641 648.61053466797 650.65460205078 653.37756347656 656.39544677734 659.59039306641 662.94091796875 666.44677734375 670.22149658203 674.21374511719 1.70141E+38 1.70141E+38 1.70141E+38 1.70141E+38 1.70141E+38
1.70141E+38 1.70141E+38 1.70141E+38 1.70141E+38 1.70141E+38 658.58770751953 658.064453125 656.58001708984 655.04638671875 653.583984375 652.26354980469 651.13745117188 650.33435058594 649.83374023438 649.56701660156 649.55731201172 649.80322265625 1.70141E+38 1.70141E+38 1.70141E+38 652.52905273438 653.21838378906 653.45196533203 653.11480712891 652.08465576172 650.33276367188 647.92108154297 644.62145996094 643.66973876953 645.36474609375 648.12390136719 650.22515869141 651.36694335938 651.6689453125 651.62872314453 651.57073974609 651.88049316406 652.8984375 654.42456054688 656.36743164062 658.66021728516 661.33813476562 664.29406738281 667.47741699219 670.92279052734 674.60095214844 1.70141E+38 1.70141E+38 1.70141E+38 1.70141E+38 1.70141E+38
1.70141E+38 1.70141E+38 1.70141E+38 1.70141E+38 1.70141E+38 661.39300537109 660.67462158203 659.32025146484 657.68328857422 656.00372314453 654.45489501953 653.05511474609 651.86303710938 650.93768310547 650.36450195312 650.14422607422 650.24090576172 1.70141E+38 1.70141E+38 652.32196044922 653.31793212891 654.36413574219 655.23303222656 655.74725341797 655.45343017578 654.41821289062 653.12731933594 652.02075195312 651.66424560547 653.24816894531 655.56719970703 657.28125 658.10076904297 658.09582519531 657.70593261719 657.25048828125 657.08489990234 657.38262939453 658.21118164062 659.625 661.32977294922 663.34100341797 665.73577880859 668.5419921875 671.72259521484 1.70141E+38 1.70141E+38 1.70141E+38 1.70141E+38 1.70141E+38 1.70141E+38
1.70141E+38 1.70141E+38 1.70141E+38 1.70141E+38 663.73107910156 663.52734375 662.84735107422 661.54467773438 659.93328857422 658.15515136719 656.33276367188 654.60278320312 653.15478515625 651.97479248047 651.10278320312 650.62652587891 650.61901855469 651.06652832031 651.86492919922 653.08502197266 654.57196044922 656.17565917969 657.63671875 658.85363769531 659.81591796875 660.33148193359 660.24450683594 660.11999511719 660.80938720703 662.38800048828 664.31610107422 665.69213867188 666.05377197266 665.29956054688 664.10021972656 662.96606445312 662.32684326172 662.15063476562 662.37493896484 662.94110107422 663.88415527344 665.44512939453 667.43670654297 669.84039306641 672.56237792969 1.70141E+38 1.70141E+38 1.70141E+38 1.70141E+38 1.70141E+38 1.70141E+38
1.70141E+38 1.70141E+38 1.70141E+38 1.70141E+38 665.83489990234 665.57836914062 664.83618164062 663.54772949219 661.87023925781 659.94384765625 657.95513916016 656.00640869141 654.18011474609 652.63830566406 651.58831787109 650.97479248047 650.85375976562 651.35607910156 652.41949462891 653.93414306641 655.78125 657.95483398438 660.46929931641 662.91021728516 664.85565185547 666.37805175781 667.6298828125 668.72399902344 669.83837890625 671.46325683594 673.37030029297 674.89813232422 673.89099121094 672.25573730469 670.50952148438 668.90313720703 667.60491943359 666.71166992188 666.38543701172 666.44757080078 666.85101318359 667.57867431641 669.08087158203 671.19366455078 673.62133789062 1.70141E+38 1.70141E+38 1.70141E+38 1.70141E+38 1.70141E+38 1.70141E+38
1.70141E+38 1.70141E+38 1.70141E+38 667.51495361328 667.82672119141 667.55072021484 666.69439697266 665.33709716797 663.58605957031 661.52545166016 659.22906494141 656.98449707031 654.93145751953 653.15783691406 651.77099609375 650.95489501953 650.89471435547 651.47247314453 652.66033935547 654.50164794922 657.01141357422 659.93670654297 663.15344238281 666.49340820312 669.90130615234 672.93737792969 675.02032470703 676.61450195312 677.98352050781 679.42913818359 681.09655761719 681.96881103516 680.84387207031 678.61419677734 676.31640625 674.28497314453 672.64654541016 671.3896484375 670.50329589844 669.88830566406 669.69989013672 670.06896972656 671.14666748047 672.81298828125 674.74627685547 1.70141E+38 1.70141E+38 1.70141E+38 1.70141E+38 1.70141E+38 1.70141E+38
