gis/input_ras/wahp/raw_surf_ow/GM_Numerical_ 08 - Upper Mid Sand_younger.grd
DSAA
150 175
2884264.0589446 2982604.0589446
-256145.63012446 -141305.63012446
840.56451416016 955.64691162109
[rows 88 to 109 of 175, columns 50 to 99 of 150]
889.83996582031 890.04602050781 890.36145019531 890.79455566406 891.37835693359 892.048828125 892.74743652344 893.42053222656 894.009765625 894.39471435547 894.49743652344 894.33837890625 893.91381835938 893.22473144531 892.26086425781 891.10327148438 889.79016113281 888.33862304688 1.70141E+38 1.70141E+38 1.70141E+38 1.70141E+38 1.70141E+38 1.70141E+38 1.70141E+38 1.70141E+38 1.70141E+38 1.70141E+38 1.70141E+38 1.70141E+38 1.70141E+38 1.70141E+38 1.70141E+38 1.70141E+38 1.70141E+38 1.70141E+38 1.70141E+38 1.70141E+38 1.70141E+38 1.70141E+38 1.70141E+38 1.70141E+38 867.87091064453 870.25482177734 872.52734375 874.47723388672 875.88037109375 876.85272216797 877.47265625 877.82672119141
889.24328613281 889.42248535156 889.70788574219 890.08813476562 890.55511474609 891.09631347656 891.70257568359 892.28741455078 892.76708984375 893.10858154297 893.2685546875 893.15844726562 892.76501464844 892.10845947266 891.21600341797 890.10272216797 888.76171875 1.70141E+38 1.70141E+38 1.70141E+38 1.70141E+38 1.70141E+38 1.70141E+38 1.70141E+38 1.70141E+38 1.70141E+38 1.70141E+38 1.70141E+38 1.70141E+38 1.70141E+38 1.70141E+38 1.70141E+38 1.70141E+38 1.70141E+38 1.70141E+38 1.70141E+38 1.70141E+38 1.70141E+38 1.70141E+38 1.70141E+38 1.70141E+38 1.70141E+38 1.70141E+38 867.49719238281 869.43280029297 871.11334228516 872.48590087891 873.50445556641 874.18170166016 874.70007324219
888.58166503906 888.73168945312 888.92218017578 889.19299316406 889.57220458984 890.01226806641 890.48541259766 890.96600341797 891.40545654297 891.72540283203 891.85797119141 891.77990722656 891.47906494141 890.89538574219 890.05285644531 888.96960449219 887.64898681641 1.70141E+38 1.70141E+38 1.70141E+38 1.70141E+38 1.70141E+38 1.70141E+38 1.70141E+38 1.70141E+38 1.70141E+38 1.70141E+38 1.70141E+38 1.70141E+38 1.70141E+38 1.70141E+38 1.70141E+38 1.70141E+38 1.70141E+38 1.70141E+38 1.70141E+38 1.70141E+38 1.70141E+38 1.70141E+38 1.70141E+38 1.70141E+38 1.70141E+38 1.70141E+38 865.20336914062 866.85498046875 868.35638427734 869.56121826172 870.48358154297 871.25500488281 1.70141E+38
887.90051269531 887.99468994141 888.11120605469 888.25103759766 888.44635009766 888.73754882812 889.12139892578 889.52313232422 889.88067626953 890.15936279297 890.30841064453 890.26043701172 890.00128173828 889.50079345703 888.77612304688 887.77490234375 1.70141E+38 1.70141E+38 1.70141E+38 1.70141E+38 1.70141E+38 1.70141E+38 1.70141E+38 1.70141E+38 1.70141E+38 1.70141E+38 1.70141E+38 1.70141E+38 1.70141E+38 1.70141E+38 1.70141E+38 1.70141E+38 1.70141E+38 1.70141E+38 1.70141E+38 1.70141E+38 1.70141E+38 1.70141E+38 1.70141E+38 1.70141E+38 1.70141E+38 1.70141E+38 1.70141E+38 1.70141E+38 864.84674072266 865.99133300781 867.00427246094 867.87811279297 1.70141E+38 1.70141E+38
887.24542236328 887.26879882812 887.20385742188 887.1923828125 887.25164794922 887.39575195312 887.60723876953 887.88610839844 888.189453125 888.43463134766 888.57946777344 888.57061767578 888.38562011719 887.96392822266 887.32507324219 1.70141E+38 1.70141E+38 1.70141E+38 1.70141E+38 1.70141E+38 1.70141E+38 1.70141E+38 1.70141E+38 1.70141E+38 1.70141E+38 1.70141E+38 1.70141E+38 1.70141E+38 1.70141E+38 1.70141E+38 1.70141E+38 1.70141E+38 1.70141E+38 1.70141E+38 1.70141E+38 1.70141E+38 1.70141E+38 1.70141E+38 1.70141E+38 1.70141E+38 1.70141E+38 1.70141E+38 1.70141E+38 1.70141E+38 1.70141E+38 1.70141E+38 1.70141E+38 1.70141E+38 1.70141E+38 1.70141E+38
886.56170654297 886.48199462891 886.29272460938 886.06127929688 885.87628173828 885.86761474609 885.96752929688 886.14190673828 886.35278320312 886.54644775391 886.67559814453 886.69018554688 886.56237792969 886.26666259766 885.77624511719 1.70141E+38 1.70141E+38 1.70141E+38 1.70141E+38 1.70141E+38 1.70141E+38 1.70141E+38 1.70141E+38 1.70141E+38 1.70141E+38 1.70141E+38 1.70141E+38 1.70141E+38 1.70141E+38 1.70141E+38 864.4716796875 863.46923828125 862.58764648438 861.68292236328 860.72296142578 859.73400878906 1.70141E+38 1.70141E+38 1.70141E+38 1.70141E+38 1.70141E+38 1.70141E+38 1.70141E+38 1.70141E+38 1.70141E+38 1.70141E+38 1.70141E+38 1.70141E+38 1.70141E+38 1.70141E+38
885.82739257812 885.69793701172 885.17144775391 884.72351074219 884.3955078125 884.21240234375 884.16290283203 884.23541259766 884.36468505859 884.50286865234 884.61468505859 884.66186523438 884.58013916016 884.35314941406 1.70141E+38 1.70141E+38 1.70141E+38 1.70141E+38 1.70141E+38 1.70141E+38 1.70141E+38 1.70141E+38 1.70141E+38 1.70141E+38 1.70141E+38 1.70141E+38 868.34350585938 867.07006835938 865.75982666016 864.50537109375 863.35931396484 862.36633300781 861.53790283203 860.84918212891 859.71264648438 858.71704101562 858.00433349609 857.65295410156 857.75524902344 1.70141E+38 1.70141E+38 1.70141E+38 1.70141E+38 1.70141E+38 1.70141E+38 1.70141E+38 1.70141E+38 1.70141E+38 1.70141E+38 1.70141E+38
884.94085693359 884.54223632812 883.82330322266 883.11560058594 882.64526367188 882.38427734375 882.24926757812 882.21075439453 882.24389648438 882.32708740234 882.39276123047 882.4228515625 882.39019775391 882.25012207031 1.70141E+38 1.70141E+38 1.70141E+38 1.70141E+38 1.70141E+38 1.70141E+38 1.70141E+38 876.74041748047 874.72137451172 872.78869628906 870.98681640625 869.26409912109 867.62731933594 866.08038330078 864.62585449219 863.27349853516 862.03643798828 861.00036621094 860.12762451172 859.21997070312 858.234375 857.22705078125 856.71612548828 856.67022705078 857.01171875 857.63494873047 858.38635253906 1.70141E+38 1.70141E+38 1.70141E+38 1.70141E+38 1.70141E+38 1.70141E+38 1.70141E+38 1.70141E+38 1.70141E+38
883.212890625 882.740234375 881.84564208984 881.20629882812 880.72149658203 880.42095947266 880.21441650391 880.08551025391 880.01806640625 880.01293945312 880.01104736328 880.00329589844 879.96392822266 1.70141E+38 1.70141E+38 1.70141E+38 1.70141E+38 1.70141E+38 1.70141E+38 879.42358398438 879.50433349609 878.84753417969 876.71057128906 873.78338623047 871.12420654297 868.77239990234 866.70428466797 864.87750244141 863.27575683594 861.85485839844 860.55706787109 859.36193847656 858.24981689453 857.21087646484 856.16174316406 855.38879394531 855.05596923828 855.26995849609 856.00506591797 857.13513183594 858.21588134766 858.99029541016 1.70141E+38 1.70141E+38 1.70141E+38 1.70141E+38 1.70141E+38 1.70141E+38 1.70141E+38 1.70141E+38
881.24298095703 880.37561035156 879.60009765625 879.13323974609 878.74835205078 878.41082763672 878.1396484375 877.92980957031 877.74615478516 877.59942626953 877.49145507812 877.43157958984 877.35015869141 1.70141E+38 1.70141E+38 1.70141E+38 1.70141E+38 1.70141E+38 877.61004638672 878.32043457031 879.18804931641 879.67376708984 876.88562011719 873.48077392578 870.29895019531 867.59423828125 865.32904052734 863.42535400391 861.76782226562 860.28302001953 858.89886474609 857.59057617188 856.26489257812 854.96844482422 853.81549072266 853.03875732422 852.89111328125 853.57086181641 854.87115478516 856.57385253906 858.17346191406 859.19104003906 1.70141E+38 1.70141E+38 1.70141E+38 1.70141E+38 1.70141E+38 1.70141E+38 1.70141E+38 1.70141E+38
879.55493164062 878.35241699219 877.55792236328 877.21301269531 876.88140869141 876.51556396484 876.12713623047 875.74987792969 875.42388916016 875.15979003906 874.92236328125 874.72155761719 874.54504394531 1.70141E+38 1.70141E+38 1.70141E+38 1.70141E+38 874.27563476562 874.80041503906 875.58129882812 876.30200195312 876.03436279297 874.3740234375 871.14300537109 868.17547607422 865.67828369141 863.51318359375 861.65576171875 860.04864501953 858.61791992188 857.22528076172 855.74981689453 854.19586181641 852.69329833984 851.34362792969 850.48675537109 850.47863769531 851.48065185547 853.22680664062 855.53112792969 857.86297607422 859.24597167969 859.18170166016 1.70141E+38 1.70141E+38 1.70141E+38 1.70141E+38 1.70141E+38 1.70141E+38 1.70141E+38
878.43371582031 877.14416503906 876.29962158203 875.78845214844 875.28302001953 874.74761962891 874.22253417969 873.70190429688 873.166015625 872.67419433594 872.27026367188 871.95672607422 871.67651367188 1.70141E+38 1.70141E+38 1.70141E+38 1.70141E+38 870.84924316406 871.119140625 871.41015625 871.58764648438 871.12182617188 869.47692871094 867.34429931641 865.12554931641 862.99182128906 861.13525390625 859.59661865234 858.26037597656 856.96728515625 855.58898925781 854.06823730469 852.33569335938 850.51171875 848.79498291016 847.74780273438 847.67492675781 849.07427978516 851.45184326172 854.13897705078 856.73577880859 858.29260253906 1.70141E+38 1.70141E+38 1.70141E+38 1.70141E+38 1.70141E+38 1.70141E+38 1.70141E+38 1.70141E+38
877.85717773438 876.67138671875 875.58349609375 874.78076171875 874.03686523438 873.283203125 872.46636962891 871.66339111328 870.95056152344 870.29718017578 869.7158203125 869.18597412109 868.72576904297 1.70141E+38 1.70141E+38 1.70141E+38 867.16821289062 866.94909667969 866.86395263672 866.75561523438 866.35278320312 865.47692871094 864.23449707031 862.64770507812 861.04339599609 859.73699951172 858.65692138672 857.54229736328 856.44006347656 855.32165527344 854.09613037109 852.55859375 850.69793701172 848.73400878906 846.82006835938 845.18579101562 844.92413330078 846.8984375 849.60284423828 852.51293945312 855.02490234375 856.77581787109 1.70141E+38 1.70141E+38 1.70141E+38 1.70141E+38 1.70141E+38 1.70141E+38 1.70141E+38 1.70141E+38
877.58312988281 876.38311767578 875.20941162109 874.10034179688 872.96527099609 871.90600585938 870.87213134766 869.86285400391 868.89166259766 867.97601318359 867.21722412109 866.54278564453 1.70141E+38 1.70141E+38 1.70141E+38 864.19915771484 863.66375732422 863.15954589844 862.57116699219 861.79895019531 860.90667724609 859.82592773438 858.61706542969 857.65289306641 857.07116699219 856.55578613281 856.08666992188 855.56860351562 854.90167236328 853.93768310547 852.74920654297 851.28045654297 849.53387451172 847.62017822266 845.64660644531 843.96105957031 843.66516113281 845.65576171875 848.48004150391 851.26287841797 853.66149902344 1.70141E+38 1.70141E+38 1.70141E+38 1.70141E+38 1.70141E+38 1.70141E+38 1.70141E+38 1.70141E+38 1.70141E+38
877.42309570312 876.19232177734 874.83270263672 873.46997070312 872.11199951172 870.76507568359 869.42279052734 868.15618896484 866.99224853516 865.92431640625 864.95935058594 1.70141E+38 1.70141E+38 1.70141E+38 1.70141E+38 861.16772460938 860.39880371094 859.54345703125 858.53668212891 857.34295654297 855.94970703125 854.42687988281 853.37481689453 852.96209716797 853.12292480469 853.67694091797 854.23400878906 854.20330810547 853.77490234375 852.98608398438 851.89202880859 850.53338623047 848.97338867188 847.32037353516 845.70751953125 844.42578125 844.48858642578 846.11206054688 848.42633056641 850.91461181641 853.18206787109 1.70141E+38 1.70141E+38 1.70141E+38 1.70141E+38 1.70141E+38 1.70141E+38 1.70141E+38 1.70141E+38 1.70141E+38
877.25848388672 875.95886230469 874.49700927734 872.93090820312 871.31420898438 869.71496582031 868.16766357422 866.69775390625 865.32647705078 864.08843994141 1.70141E+38 1.70141E+38 1.70141E+38 1.70141E+38 1.70141E+38 858.52655029297 857.60882568359 856.54418945312 855.25854492188 853.59686279297 851.73571777344 849.93609619141 848.63836669922 848.52465820312 850.09973144531 851.74365234375 853.02362060547 853.66375732422 853.52917480469 852.73175048828 851.66168212891 850.42761230469 849.11828613281 847.81860351562 846.72845458984 846.15393066406 846.34631347656 847.44470214844 849.35601806641 851.48773193359 853.50115966797 1.70141E+38 1.70141E+38 1.70141E+38 1.70141E+38 1.70141E+38 1.70141E+38 1.70141E+38 1.70141E+38 1.70141E+38
877.05340576172 875.73266601562 874.12268066406 872.38830566406 870.60638427734 868.82489013672 867.09991455078 865.49401855469 864.00872802734 1.70141E+38 1.70141E+38 1.70141E+38 1.70141E+38 1.70141E+38 857.45281982422 856.54553222656 855.57867431641 854.38134765625 852.89666748047 851.10925292969 849.04144287109 846.77856445312 844.99975585938 845.6865234375 848.28857421875 851.26239013672 853.26190185547 854.11895751953 854.05224609375 853.35473632812 852.30395507812 851.13165283203 850.04205322266 849.10131835938 848.39910888672 848.05676269531 848.478515625 849.58825683594 851.1611328125 853.013671875 854.92358398438 1.70141E+38 1.70141E+38 1.70141E+38 1.70141E+38 1.70141E+38 1.70141E+38 1.70141E+38 1.70141E+38 1.70141E+38
876.70617675781 875.32440185547 873.66882324219 871.86279296875 869.98687744141 868.11224365234 866.2998046875 864.58697509766 863.00555419922 1.70141E+38 1.70141E+38 1.70141E+38 1.70141E+38 1.70141E+38 856.21447753906 855.29388427734 854.29974365234 853.15667724609 851.74249267578 849.97174072266 847.98205566406 845.95733642578 844.47009277344 845.00299072266 848.48419189453 851.94152832031 854.56719970703 855.66510009766 855.48638916016 854.60321044922 853.57159423828 852.55627441406 851.64770507812 850.90673828125 850.51672363281 850.53997802734 851.03289794922 852.04248046875 853.55895996094 855.33056640625 857.11065673828 1.70141E+38 1.70141E+38 1.70141E+38 1.70141E+38 1.70141E+38 1.70141E+38 1.70141E+38 1.70141E+38 1.70141E+38
876.09991455078 874.78045654297 873.14715576172 871.35662841797 869.48419189453 867.58630371094 865.73626708984 863.99255371094 1.70141E+38 1.70141E+38 1.70141E+38 1.70141E+38 1.70141E+38 856.57867431641 855.71801757812 854.86291503906 853.93469238281 852.86834716797 851.61883544922 850.19915771484 848.62457275391 847.04296875 846.32659912109 847.34869384766 849.92364501953 853.88140869141 856.93804931641 857.66583251953 857.05487060547 856.26696777344 855.36419677734 854.49523925781 853.83673095703 853.35961914062 853.11492919922 853.23974609375 853.83190917969 855.00305175781 856.53631591797 858.28247070312 860.06677246094 861.73840332031 1.70141E+38 1.70141E+38 1.70141E+38 1.70141E+38 1.70141E+38 1.70141E+38 1.70141E+38 1.70141E+38
875.31439208984 874.11474609375 872.65264892578 870.95385742188 869.13317871094 867.28033447266 865.45751953125 863.70086669922 1.70141E+38 1.70141E+38 1.70141E+38 1.70141E+38 857.45959472656 856.67980957031 855.939453125 855.22320556641 854.45495605469 853.60894775391 852.58807373047 851.43902587891 850.34356689453 849.47174072266 848.97637939453 849.57568359375 851.5712890625 854.66156005859 858.21020507812 858.91717529297 858.35095214844 857.89007568359 857.54058837891 857.10534667969 856.64141845703 856.29089355469 856.15228271484 856.34521484375 857.04022216797 858.33123779297 859.98016357422 861.83111572266 863.67047119141 865.3662109375 866.82440185547 1.70141E+38 1.70141E+38 1.70141E+38 1.70141E+38 1.70141E+38 1.70141E+38 1.70141E+38
874.56195068359 873.51379394531 872.19805908203 870.67297363281 869.01165771484 867.24182128906 1.70141E+38 1.70141E+38 1.70141E+38 1.70141E+38 1.70141E+38 858.55517578125 857.86627197266 857.39965820312 856.98126220703 856.43597412109 855.80249023438 855.08880615234 854.37915039062 853.73870849609 853.06805419922 852.49340820312 852.20458984375 852.13812255859 852.02648925781 852.85784912109 855.47698974609 857.64050292969 859.36791992188 860.07928466797 860.22454833984 860.18225097656 860.03265380859 859.86169433594 859.73828125 859.86749267578 860.55487060547 862.11120605469 864.04534912109 866.01245117188 867.89532470703 869.61401367188 871.06304931641 872.22003173828 1.70141E+38 1.70141E+38 1.70141E+38 1.70141E+38 1.70141E+38 1.70141E+38
1.70141E+38 1.70141E+38 1.70141E+38 1.70141E+38 1.70141E+38 1.70141E+38 1.70141E+38 1.70141E+38 1.70141E+38 1.70141E+38 1.70141E+38 859.14538574219 858.88531494141 858.74993896484 858.61157226562 858.36553955078 857.91949462891 857.35052490234 856.85510253906 856.48522949219 856.30151367188 856.30102539062 856.015625 855.47100830078 854.62164306641 853.27685546875 854.10321044922 858.13818359375 860.91857910156 862.66949462891 863.67303466797 864.10852050781 864.14141845703 864.08746337891 864.04071044922 864.14428710938 864.93865966797 866.69549560547 868.72320556641 870.78491210938 872.73352050781 874.43322753906 875.83404541016 876.97827148438 877.97100830078 878.98297119141 879.99609375 880.97302246094 1.70141E+38 1.70141E+38
