gis/input_ras/wahp/raw_surf_ow/GM_Numerical_ 07 - Upper Mid Clay_younger.grd
DSAA
157 175
2880056.8709409 2983016.8709409
-256145.63012446 -141305.63012446
818.8798828125 961.2265625
[rows 126 to 146 of 175, columns 94 to 140 of 157]
888.05047607422 886.05120849609 884.11907958984 882.48492431641 881.69714355469 882.67315673828 885.10882568359 888.09869384766 891.48229980469 895.08740234375 898.75518798828 902.2626953125 905.47900390625 908.33850097656 910.74383544922 912.52331542969 913.52349853516 913.80395507812 913.41229248047 912.3740234375 910.6181640625 908.25439453125 905.44189453125 902.26177978516 898.84454345703 895.40283203125 892.4140625 890.2021484375 888.96527099609 888.86791992188 890.21331787109 892.84173583984 896.29815673828 900.32678222656 904.65283203125 908.96929931641 912.95947265625 916.54400634766 919.68109130859 922.33703613281 924.42547607422 925.888671875 926.87609863281 927.42724609375 927.58819580078 927.40777587891 926.99127197266
885.33111572266 883.35906982422 881.75885009766 880.6650390625 880.45050048828 881.83563232422 884.68353271484 887.99639892578 891.7158203125 895.54010009766 899.27062988281 902.80047607422 906.03662109375 908.81262207031 910.96612548828 912.49926757812 913.36273193359 913.52447509766 912.81756591797 911.36651611328 909.32189941406 906.75268554688 903.73474121094 900.27667236328 896.63806152344 893.04528808594 889.74890136719 887.03704833984 885.66656494141 885.7646484375 887.18981933594 889.80224609375 893.39208984375 897.65087890625 902.06909179688 906.45666503906 910.66461181641 914.57489013672 917.93377685547 920.79724121094 923.14459228516 924.96655273438 926.23522949219 926.91857910156 927.22692871094 927.22393798828 926.97174072266
882.69537353516 880.9580078125 879.87030029297 879.318359375 880.04345703125 881.83117675781 884.80017089844 888.43450927734 892.29956054688 896.22839355469 900.05352783203 903.53161621094 906.59606933594 909.19445800781 911.25378417969 912.69281005859 913.22735595703 913.02026367188 912.10986328125 910.52954101562 908.31182861328 905.45458984375 902.21899414062 898.65521240234 894.82989501953 890.87780761719 887.16815185547 884.18090820312 882.08715820312 881.81854248047 883.60284423828 886.81909179688 890.73577880859 895.09979248047 899.67169189453 904.19799804688 908.49450683594 912.49072265625 916.11145019531 919.28540039062 921.79968261719 923.74523925781 925.18591308594 926.15966796875 926.71313476562 926.82513427734 926.68890380859
880.23181152344 878.74053955078 878.21826171875 878.59936523438 879.87774658203 882.19030761719 885.49822998047 889.25134277344 893.27032470703 897.26226806641 900.98583984375 904.35784912109 907.31866455078 909.78344726562 911.50842285156 912.58288574219 912.97454833984 912.66571044922 911.55572509766 909.68774414062 907.30523681641 904.49005126953 901.28521728516 897.64099121094 893.62176513672 889.36218261719 885.07580566406 881.23669433594 1.70141E+38 1.70141E+38 1.70141E+38 884.13897705078 888.38934326172 893.00604248047 897.65826416016 902.21368408203 906.59387207031 910.69860839844 914.36865234375 917.57104492188 920.28100585938 922.48040771484 924.08520507812 925.16351318359 925.85375976562 926.20880126953 926.27545166016
877.90649414062 876.78460693359 876.7236328125 877.67828369141 879.72003173828 882.69049072266 886.34124755859 890.45831298828 894.60534667969 898.57659912109 902.21044921875 905.42077636719 908.03234863281 910.12774658203 911.66363525391 912.55035400391 912.69354248047 912.04248046875 910.77203369141 908.95257568359 906.58319091797 903.81048583984 900.70104980469 897.18646240234 893.16571044922 888.63348388672 883.94720458984 879.25421142578 1.70141E+38 1.70141E+38 1.70141E+38 1.70141E+38 886.97448730469 891.59167480469 896.19158935547 900.705078125 904.96557617188 908.98944091797 912.71496582031 916.01422119141 918.78521728516 920.99536132812 922.74542236328 924.06500244141 924.92999267578 925.41741943359 925.62084960938
875.55554199219 874.64343261719 875.16149902344 877.06036376953 879.86041259766 883.41522216797 887.62609863281 891.99163818359 896.24884033203 900.21466064453 903.56903076172 906.38385009766 908.71099853516 910.53521728516 911.72717285156 912.21539306641 912.09985351562 911.35021972656 909.99371337891 908.11383056641 905.90246582031 903.43194580078 900.57342529297 897.25323486328 893.34545898438 888.67834472656 883.5126953125 878.69903564453 1.70141E+38 1.70141E+38 1.70141E+38 1.70141E+38 886.62310791016 891.14630126953 895.43194580078 899.58581542969 903.65228271484 907.576171875 911.21466064453 914.42407226562 917.21728515625 919.54565429688 921.37481689453 922.77752685547 923.80541992188 924.52294921875 924.91424560547
873.29638671875 872.69171142578 873.99365234375 876.52362060547 880.00347900391 884.31359863281 888.91729736328 893.66906738281 898.1689453125 901.95111083984 904.99407958984 907.46691894531 909.3251953125 910.63171386719 911.44781494141 911.70159912109 911.37866210938 910.41650390625 909.01409912109 907.28564453125 905.25793457031 903.00939941406 900.52850341797 897.6787109375 894.10528564453 889.35852050781 883.78295898438 878.98901367188 1.70141E+38 1.70141E+38 1.70141E+38 883.23699951172 887.44842529297 891.43792724609 895.31329345703 899.09710693359 902.7822265625 906.35766601562 909.8046875 912.9521484375 915.705078125 918.01593017578 919.91705322266 921.45922851562 922.60998535156 923.46075439453 924.04211425781
871.38861083984 870.93292236328 872.89685058594 876.4658203125 880.57635498047 885.31506347656 890.41333007812 895.48901367188 900.11157226562 903.93267822266 906.37933349609 908.12890625 909.52825927734 910.49920654297 911.0146484375 910.91888427734 910.31231689453 909.24230957031 907.85211181641 906.24645996094 904.54467773438 902.64904785156 900.38684082031 897.78948974609 894.70568847656 890.36712646484 883.60046386719 878.49114990234 1.70141E+38 1.70141E+38 1.70141E+38 885.20776367188 889.18927001953 892.76507568359 895.89270019531 898.88037109375 902.11273193359 905.40454101562 908.61676025391 911.57745361328 914.21276855469 916.47631835938 918.39996337891 920.00872802734 921.32330322266 922.38519287109 923.12725830078
870.74291992188 870.47344970703 873.39245605469 877.20782470703 881.60565185547 886.53576660156 891.70422363281 896.95391845703 902.09497070312 905.26397705078 907.17596435547 908.45965576172 909.43536376953 909.95257568359 910.09088134766 909.79217529297 909.04986572266 907.88452148438 906.51782226562 905.14422607422 903.64123535156 901.94952392578 899.95892333984 897.11633300781 893.78546142578 888.79498291016 881.76190185547 877.25970458984 1.70141E+38 1.70141E+38 883.21569824219 887.98785400391 891.79956054688 894.29071044922 896.67230224609 899.12292480469 901.77752685547 904.59313964844 907.48565673828 910.23590087891 912.74084472656 914.96368408203 916.88000488281 918.53082275391 919.94549560547 921.14099121094 922.12231445312
873.35235595703 873.21636962891 875.28033447266 878.7275390625 883.09063720703 887.76782226562 892.73016357422 897.68200683594 902.12963867188 905.39428710938 907.05834960938 907.99609375 908.61889648438 908.92346191406 908.89196777344 908.48553466797 907.61358642578 906.39959716797 905.13812255859 903.92749023438 902.60424804688 901.00512695312 898.72393798828 895.53308105469 891.33038330078 885.64001464844 878.67352294922 1.70141E+38 1.70141E+38 879.95227050781 885.45001220703 891.08148193359 894.28881835938 895.9560546875 897.44152832031 899.22534179688 901.46844482422 903.93865966797 906.50427246094 909.02593994141 911.31298828125 913.39324951172 915.28143310547 916.994140625 918.54547119141 919.90368652344 921.06384277344
876.49383544922 876.46282958984 878.24249267578 881.02001953125 884.82843017578 889.04455566406 893.4287109375 897.72229003906 901.58404541016 904.17742919922 905.84088134766 906.81781005859 907.33172607422 907.47344970703 907.26495361328 906.77966308594 906.03057861328 905.04724121094 903.91339111328 902.72338867188 901.3212890625 899.55163574219 897.23022460938 893.66589355469 889.08081054688 883.65014648438 877.98229980469 875.73077392578 876.92993164062 881.033203125 886.56567382812 891.86791992188 895.29077148438 896.48217773438 897.77111816406 899.30560302734 901.15356445312 903.31066894531 905.58538818359 907.80017089844 909.90466308594 911.87487792969 913.71221923828 915.43249511719 917.06079101562 918.58270263672 919.97924804688
879.90942382812 879.9326171875 881.08795166016 883.5556640625 886.56878662109 890.12292480469 893.98004150391 897.51428222656 900.54425048828 902.88549804688 904.41680908203 905.18121337891 905.47290039062 905.47534179688 905.25366210938 904.82928466797 904.18878173828 903.42816162109 902.55377197266 901.51721191406 900.16156005859 898.24194335938 895.62237548828 892.31103515625 888.36462402344 883.90142822266 880.09057617188 877.81689453125 879.12811279297 882.21221923828 886.76861572266 890.98645019531 894.03729248047 896.10168457031 897.60296630859 899.12200927734 900.88134765625 902.77227783203 904.73156738281 906.69158935547 908.58654785156 910.36956787109 912.12591552734 913.87048339844 915.59539794922 917.24908447266 918.82122802734
882.63854980469 882.68548583984 883.83374023438 885.65374755859 888.25463867188 891.17224121094 894.21105957031 897.1748046875 899.80102539062 901.62738037109 902.65203857422 903.14532470703 903.25640869141 903.1279296875 902.79858398438 902.40625 901.998046875 901.55584716797 900.95068359375 900.22998046875 899.05267333984 897.21649169922 894.78857421875 891.69799804688 888.28308105469 884.95184326172 882.01538085938 880.74285888672 881.07800292969 883.45111083984 886.72546386719 890.25354003906 893.32867431641 895.54553222656 897.37493896484 899.03326416016 900.64593505859 902.35046386719 904.05731201172 905.68762207031 907.29272460938 908.90698242188 910.59393310547 912.32476806641 914.11682128906 915.92950439453 917.70581054688
885.16070556641 885.19567871094 886.03143310547 887.49176025391 889.42834472656 891.82177734375 894.41162109375 896.81317138672 898.85681152344 900.21331787109 900.83471679688 900.96673583984 900.68780517578 900.27368164062 899.85314941406 899.51904296875 899.24011230469 899.15106201172 899.13214111328 899.05187988281 898.15203857422 896.42956542969 894.19018554688 891.71453857422 889.01794433594 886.23443603516 884.09252929688 882.76885986328 882.97717285156 884.4052734375 887.07220458984 890.10437011719 892.9755859375 895.46960449219 897.46478271484 899.16815185547 900.71038818359 902.11138916016 903.43646240234 904.78845214844 906.15869140625 907.55511474609 909.10461425781 910.83026123047 912.69488525391 914.60870361328 916.54974365234
887.01202392578 886.98236083984 887.56463623047 888.75549316406 890.375 892.21368408203 894.13146972656 896.05883789062 897.76281738281 898.77447509766 898.72198486328 898.29089355469 897.68463134766 897.02868652344 896.40783691406 896.04040527344 896.06115722656 896.35015869141 896.73828125 897.15484619141 896.91839599609 895.77728271484 893.94683837891 891.92626953125 889.85339355469 887.90985107422 886.14080810547 884.93426513672 884.66229248047 885.45745849609 887.59375 890.54223632812 893.45123291016 896.00939941406 898.07525634766 899.70159912109 900.99700927734 902.13214111328 903.15808105469 904.04205322266 905.00109863281 906.20568847656 907.66943359375 909.36346435547 911.32794189453 913.43231201172 915.52868652344
888.22174072266 888.13110351562 888.56951904297 889.46148681641 890.65209960938 892.11700439453 893.64813232422 895.10095214844 896.10528564453 896.54168701172 896.20874023438 895.46563720703 894.42224121094 893.26080322266 892.41082763672 892.06921386719 892.22155761719 892.95202636719 894.07293701172 894.96612548828 895.24639892578 894.73382568359 893.78881835938 892.60284423828 891.14025878906 889.63928222656 888.25354003906 887.1357421875 886.20520019531 886.6025390625 888.65374755859 891.85101318359 894.93255615234 897.447265625 899.35260009766 900.78466796875 901.80718994141 902.38641357422 902.83831787109 903.36553955078 904.01654052734 904.90258789062 906.21032714844 907.98815917969 910.06951904297 912.30889892578 914.60980224609
888.76605224609 888.55920410156 888.94427490234 889.65869140625 890.60278320312 891.65930175781 892.65893554688 893.58862304688 894.18041992188 894.23986816406 893.57659912109 892.27368164062 890.76690673828 889.27709960938 888.04803466797 887.46783447266 888.07244873047 889.42535400391 891.07434082031 892.67456054688 893.87738037109 894.22589111328 893.91229248047 893.28094482422 892.46807861328 891.67181396484 890.74127197266 889.80639648438 889.01348876953 888.78503417969 891.27630615234 894.63525390625 897.58715820312 899.93957519531 901.58087158203 902.39343261719 902.79577636719 902.91967773438 902.88757324219 902.79919433594 902.90209960938 903.60382080078 904.84454345703 906.61669921875 908.89447021484 911.43499755859 913.91528320312
888.78259277344 888.51568603516 888.77563476562 889.33782958984 890.00695800781 890.71551513672 891.38800048828 891.94439697266 892.21063232422 891.83544921875 890.72619628906 889.08032226562 887.12084960938 885.02355957031 883.45318603516 882.83477783203 883.66589355469 885.62194824219 888.39526367188 890.85858154297 892.74377441406 893.90539550781 894.32507324219 894.34722900391 894.142578125 893.8525390625 893.51898193359 893.21234130859 893.22369384766 894.04998779297 896.1943359375 899.08270263672 901.73828125 903.44201660156 904.35675048828 904.61846923828 904.3701171875 903.69860839844 902.95654296875 902.33453369141 902.02581787109 902.24182128906 903.34869384766 905.42657470703 907.95599365234 910.70806884766 913.46569824219
888.34057617188 887.97863769531 888.24694824219 888.63586425781 889.03015136719 889.40246582031 889.71643066406 889.91400146484 889.92169189453 889.41607666016 887.98760986328 885.83197021484 883.53186035156 881.12707519531 878.955078125 878.07470703125 879.15979003906 882.38403320312 885.91625976562 889.36541748047 892.42272949219 894.01409912109 894.90814208984 895.45831298828 895.89520263672 896.26361083984 896.66174316406 897.24346923828 898.20092773438 899.72106933594 902.09869384766 904.67895507812 906.6767578125 907.81811523438 908.00555419922 907.31372070312 906.15252685547 904.79180908203 903.36737060547 902.00769042969 901.052734375 901.04522705078 902.16540527344 904.31597900391 907.18695068359 910.33483886719 913.27532958984
887.75543212891 887.44085693359 887.41448974609 887.55993652344 887.65777587891 887.68286132812 887.63403320312 887.48760986328 887.2353515625 886.36810302734 884.73217773438 882.62097167969 880.25885009766 877.96411132812 875.890625 874.37359619141 876.53625488281 880.02191162109 884.05401611328 888.09222412109 891.61444091797 894.15460205078 895.44097900391 896.48071289062 897.58874511719 898.6875 899.85546875 901.18682861328 902.94781494141 905.34332275391 908.07855224609 910.76263427734 912.61608886719 912.814453125 911.79284667969 910.17193603516 908.22448730469 906.19299316406 904.12451171875 902.16766357422 900.53485107422 899.67022705078 900.79119873047 903.61267089844 906.85266113281 910.25866699219 913.54620361328
886.74200439453 886.44006347656 886.28576660156 886.12292480469 885.91613769531 885.65270996094 885.33477783203 884.81549072266 884.09289550781 883.04876708984 881.49890136719 879.5146484375 877.51544189453 875.48175048828 874.05792236328 873.97436523438 875.47198486328 878.65203857422 882.58679199219 886.70031738281 890.52014160156 893.26702880859 895.44378662109 897.34802246094 899.15844726562 900.81256103516 902.65924072266 904.80706787109 907.29235839844 910.17376708984 913.39453125 916.51184082031 918.25244140625 917.42370605469 915.38427734375 912.970703125 910.33508300781 907.75738525391 905.26495361328 902.91619873047 900.76879882812 899.65234375 900.73645019531 903.51721191406 906.84924316406 910.39990234375 913.72747802734
