gis/input_ras/wahp/raw_surf_ow/GM_Numerical_ 06 - Middle Sand_younger.grd
DSAA
157 175
2880056.8709409 2983016.8709409
-256145.63012446 -141305.63012446
765.02276611328 923.23010253906
[rows 0 to 21 of 175, columns 0 to 49 of 157]
1.70141E+38 1.70141E+38 847.03723144531 846.27319335938 845.61920166016 845.10284423828 844.71282958984 844.46197509766 844.33728027344 844.34173583984 844.47686767578 844.7255859375 845.07415771484 845.49670410156 845.97888183594 846.49810791016 847.02673339844 847.53729248047 848.01440429688 848.44757080078 848.83532714844 849.15997314453 849.44207763672 849.70489501953 849.99780273438 850.34869384766 850.76867675781 851.31042480469 852.00769042969 852.95208740234 854.11694335938 855.52239990234 857.16046142578 859.02136230469 861.09899902344 863.30670166016 865.61083984375 867.94439697266 870.26110839844 872.51776123047 874.73736572266 876.87939453125 878.88610839844 880.70281982422 882.35290527344 884.10412597656 885.79058837891 887.62316894531 889.67736816406 891.97552490234
1.70141E+38 1.70141E+38 846.02624511719 845.24090576172 844.57104492188 844.03192138672 843.62097167969 843.36358642578 843.234375 843.24261474609 843.37780761719 843.62341308594 843.97406005859 844.39831542969 844.88177490234 845.39202880859 845.90484619141 846.39672851562 846.85040283203 847.23199462891 847.54376220703 847.79370117188 848.00231933594 848.18414306641 848.34027099609 848.52795410156 848.81353759766 849.2392578125 849.81909179688 850.59283447266 851.59490966797 852.900390625 854.47003173828 856.28186035156 858.32403564453 860.54425048828 862.88970947266 865.27429199219 867.66290283203 870.05908203125 872.43298339844 874.67883300781 876.79595947266 878.76751708984 880.56518554688 882.150390625 883.73498535156 885.37249755859 887.28790283203 889.47375488281
1.70141E+38 1.70141E+38 845.02679443359 844.20660400391 843.52209472656 842.97094726562 842.55035400391 842.27905273438 842.14868164062 842.16351318359 842.30004882812 842.54541015625 842.89868164062 843.32604980469 843.80920410156 844.31396484375 844.81921386719 845.28704833984 845.69921875 846.03961181641 846.30688476562 846.49725341797 846.59716796875 846.65405273438 846.71478271484 846.8017578125 846.94274902344 847.17718505859 847.59271240234 848.24475097656 849.12762451172 850.27056884766 851.69873046875 853.44537353516 855.451171875 857.64953613281 860.00744628906 862.45892333984 864.92590332031 867.4013671875 869.86535644531 872.26940917969 874.53875732422 876.58740234375 878.47406005859 880.17669677734 881.56958007812 883.09869384766 884.85754394531 886.85626220703
1.70141E+38 1.70141E+38 844.02709960938 843.18603515625 842.46459960938 841.89251708984 841.47882080078 841.21331787109 841.08258056641 841.08166503906 841.22448730469 841.48834228516 841.84533691406 842.27282714844 842.75170898438 843.25323486328 843.74206542969 844.19104003906 844.58172607422 844.89086914062 845.09027099609 845.19848632812 845.23370361328 845.21331787109 845.14770507812 845.07543945312 845.08862304688 845.20526123047 845.46380615234 845.90454101562 846.60772705078 847.63891601562 848.95660400391 850.56097412109 852.46118164062 854.63922119141 857.00457763672 859.46838378906 861.98248291016 864.54644775391 867.11547851562 869.59497070312 871.93676757812 874.10223388672 876.02593994141 877.68273925781 879.14971923828 880.6357421875 882.25708007812 884.1904296875
1.70141E+38 1.70141E+38 842.99133300781 842.12255859375 841.41003417969 840.83679199219 840.40490722656 840.1171875 840.00048828125 840.02606201172 840.171875 840.42706298828 840.78149414062 841.22174072266 841.70288085938 842.19635009766 842.67840576172 843.11730957031 843.47039794922 843.73052978516 843.89312744141 843.95703125 843.90863037109 843.77954101562 843.61584472656 843.4482421875 843.31072998047 843.23663330078 843.35076904297 843.65869140625 844.19738769531 845.00012207031 846.13397216797 847.65545654297 849.47137451172 851.55072021484 853.85339355469 856.33941650391 858.89129638672 861.48431396484 864.09143066406 866.66156005859 869.06945800781 871.2451171875 873.18695068359 874.89630126953 876.41558837891 877.89770507812 879.51226806641 881.30242919922
1.70141E+38 1.70141E+38 841.95477294922 841.06372070312 840.31774902344 839.73022460938 839.32464599609 839.05841064453 838.92987060547 838.93560791016 839.08343505859 839.36419677734 839.73083496094 840.16375732422 840.6416015625 841.13659667969 841.60406494141 842.01788330078 842.357421875 842.60473632812 842.71734619141 842.70666503906 842.59576416016 842.40002441406 842.13946533203 841.84539794922 841.58410644531 841.396484375 841.32434082031 841.41046142578 841.79333496094 842.46270751953 843.43804931641 844.73504638672 846.37158203125 848.40075683594 850.66357421875 853.09942626953 855.64758300781 858.24487304688 860.86993408203 863.43316650391 865.86932373047 868.12078857422 870.10339355469 871.81896972656 873.39880371094 874.93182373047 876.50982666016 878.26708984375
1.70141E+38 841.94329833984 840.822265625 839.91833496094 839.20581054688 838.64440917969 838.22094726562 837.93255615234 837.81506347656 837.84338378906 837.99719238281 838.26409912109 838.62933349609 839.07727050781 839.55926513672 840.04553222656 840.51092529297 840.92565917969 841.23767089844 841.43927001953 841.52435302734 841.48889160156 841.33197021484 841.04766845703 840.69677734375 840.31042480469 839.92132568359 839.59710693359 839.38659667969 839.33923339844 839.50012207031 839.91442871094 840.71636962891 841.88500976562 843.39416503906 845.22686767578 847.35467529297 849.76647949219 852.30126953125 854.88610839844 857.47698974609 860.04748535156 862.47845458984 864.70184326172 866.71368408203 868.52380371094 870.158203125 871.72064208984 873.34906005859 875.10516357422
1.70141E+38 840.84161376953 839.67492675781 838.73736572266 838.02081298828 837.47467041016 837.07550048828 836.81201171875 836.68151855469 836.68542480469 836.84094238281 837.12878417969 837.50811767578 837.95025634766 838.43157958984 838.92120361328 839.37664794922 839.76983642578 840.07885742188 840.27947998047 840.34185791016 840.25189208984 840.03826904297 839.71514892578 839.30377197266 838.84167480469 838.3642578125 837.92071533203 837.54345703125 837.31628417969 837.31433105469 837.56732177734 838.1318359375 839.04046630859 1.70141E+38 1.70141E+38 1.70141E+38 1.70141E+38 1.70141E+38 851.46038818359 854.02954101562 856.54266357422 858.95196533203 861.21563720703 863.24871826172 865.07257080078 866.77203369141 868.41149902344 870.05895996094 871.81896972656
1.70141E+38 839.62591552734 838.37268066406 837.41918945312 836.76147460938 836.25903320312 835.85302734375 835.58721923828 835.46124267578 835.49230957031 835.65203857422 835.92913818359 836.31292724609 836.76232910156 837.24755859375 837.73126220703 838.18896484375 838.58062744141 838.88104248047 839.05438232422 839.09997558594 839.00830078125 838.76843261719 838.40606689453 837.94763183594 837.43688964844 836.89782714844 836.37518310547 835.89129638672 835.47357177734 835.20050048828 835.20513916016 835.59197998047 1.70141E+38 1.70141E+38 1.70141E+38 1.70141E+38 1.70141E+38 1.70141E+38 1.70141E+38 1.70141E+38 853.05914306641 855.45373535156 857.67474365234 859.73181152344 861.63220214844 863.37634277344 865.056640625 866.76342773438 868.54235839844
1.70141E+38 838.30035400391 836.947265625 835.95855712891 835.33129882812 834.86584472656 834.48797607422 834.26696777344 834.16705322266 834.2001953125 834.36761474609 834.65557861328 835.04907226562 835.50079345703 835.98565673828 836.47009277344 836.92370605469 837.31097412109 837.61279296875 837.78814697266 837.830078125 837.72204589844 837.46978759766 837.10540771484 836.64208984375 836.12457275391 835.57531738281 834.97790527344 834.32275390625 833.72351074219 833.24993896484 832.984375 1.70141E+38 1.70141E+38 1.70141E+38 1.70141E+38 1.70141E+38 1.70141E+38 1.70141E+38 1.70141E+38 1.70141E+38 1.70141E+38 851.98583984375 854.22869873047 856.3037109375 858.2265625 860.03002929688 861.75897216797 863.46441650391 865.22955322266
1.70141E+38 836.74731445312 835.31988525391 834.28594970703 833.65020751953 833.27868652344 832.99725341797 832.81439208984 832.74591064453 832.80340576172 832.99334716797 833.29595947266 833.69268798828 834.14611816406 834.63073730469 835.11535644531 835.56878662109 835.95794677734 836.26257324219 836.44873046875 836.49926757812 836.39318847656 836.15051269531 835.798828125 835.37121582031 834.90460205078 834.361328125 833.72741699219 832.99926757812 832.12170410156 831.25726318359 1.70141E+38 1.70141E+38 1.70141E+38 1.70141E+38 1.70141E+38 1.70141E+38 1.70141E+38 1.70141E+38 1.70141E+38 1.70141E+38 1.70141E+38 1.70141E+38 1.70141E+38 852.96014404297 854.92388916016 856.75439453125 858.50372314453 860.20867919922 861.93707275391
1.70141E+38 835.10852050781 833.49676513672 832.37432861328 831.87927246094 831.56921386719 831.35327148438 831.22882080078 831.21459960938 831.31579589844 831.52532958984 831.83612060547 832.23651123047 832.69024658203 833.17175292969 833.65234375 834.10974121094 834.51177978516 834.82489013672 835.01684570312 835.08160400391 835.01080322266 834.80194091797 834.49078369141 834.11926269531 833.70690917969 833.24108886719 832.63427734375 831.74243164062 830.64135742188 829.52221679688 1.70141E+38 1.70141E+38 1.70141E+38 1.70141E+38 1.70141E+38 1.70141E+38 1.70141E+38 1.70141E+38 1.70141E+38 1.70141E+38 1.70141E+38 1.70141E+38 1.70141E+38 1.70141E+38 851.69311523438 853.57513427734 855.34301757812 857.04486083984 858.76586914062
835.20190429688 833.36206054688 831.74487304688 830.62994384766 830.08929443359 829.81414794922 829.64294433594 829.56359863281 829.58447265625 829.71154785156 829.95867919922 830.29797363281 830.69586181641 831.13604736328 831.60375976562 832.07965087891 832.53472900391 832.94024658203 833.27301025391 833.50988769531 833.60430908203 833.54669189453 833.37866210938 833.12884521484 832.83599853516 832.52227783203 832.12408447266 831.57153320312 830.72698974609 829.32971191406 827.65319824219 1.70141E+38 1.70141E+38 1.70141E+38 1.70141E+38 1.70141E+38 1.70141E+38 1.70141E+38 1.70141E+38 1.70141E+38 1.70141E+38 1.70141E+38 1.70141E+38 1.70141E+38 1.70141E+38 1.70141E+38 850.50640869141 852.32257080078 854.05590820312 855.75024414062
833.37487792969 831.64202880859 830.1064453125 829.04046630859 828.43969726562 828.07153320312 827.86242675781 827.78350830078 827.86901855469 828.0693359375 828.35144042969 828.69274902344 829.07049560547 829.48657226562 829.9306640625 830.38830566406 830.84301757812 831.27282714844 831.62078857422 831.87023925781 832.00439453125 832.01593017578 831.90423583984 831.70367431641 831.47454833984 831.21057128906 830.89569091797 830.49877929688 829.68939208984 827.95086669922 825.84771728516 1.70141E+38 1.70141E+38 1.70141E+38 1.70141E+38 1.70141E+38 1.70141E+38 1.70141E+38 1.70141E+38 1.70141E+38 1.70141E+38 1.70141E+38 1.70141E+38 1.70141E+38 1.70141E+38 1.70141E+38 1.70141E+38 849.50280761719 851.27447509766 852.99780273438
831.42572021484 829.8212890625 828.47247314453 827.41912841797 826.67126464844 826.21130371094 825.99938964844 825.97100830078 826.10601806641 826.37036132812 826.70739746094 827.05645751953 827.39904785156 827.75598144531 828.14495849609 828.58044433594 829.0283203125 829.45910644531 829.84478759766 830.15734863281 830.33172607422 830.37487792969 830.31494140625 830.17797851562 829.99139404297 829.74554443359 829.3916015625 828.85479736328 827.90747070312 826.1572265625 1.70141E+38 1.70141E+38 1.70141E+38 1.70141E+38 1.70141E+38 1.70141E+38 1.70141E+38 1.70141E+38 1.70141E+38 1.70141E+38 1.70141E+38 1.70141E+38 1.70141E+38 1.70141E+38 1.70141E+38 1.70141E+38 1.70141E+38 846.89886474609 848.77490234375 850.5380859375
829.44689941406 827.93078613281 826.59619140625 825.55450439453 824.79821777344 824.28692626953 824.02581787109 824.01965332031 824.24584960938 824.64752197266 825.06915283203 825.40515136719 825.67510986328 825.95269775391 826.27679443359 826.66418457031 827.10064697266 827.55163574219 827.96490478516 828.30529785156 828.54699707031 828.67260742188 828.65563964844 828.54833984375 828.37536621094 828.11126708984 827.70825195312 827.06469726562 825.90393066406 824.24249267578 1.70141E+38 1.70141E+38 1.70141E+38 1.70141E+38 1.70141E+38 1.70141E+38 1.70141E+38 1.70141E+38 1.70141E+38 1.70141E+38 1.70141E+38 1.70141E+38 1.70141E+38 1.70141E+38 1.70141E+38 1.70141E+38 1.70141E+38 1.70141E+38 846.45269775391 848.37249755859
827.39849853516 825.93347167969 824.66040039062 823.57818603516 822.71356201172 822.16217041016 821.89489746094 821.94946289062 822.2890625 822.86096191406 823.396484375 823.74420166016 823.8740234375 824.03558349609 824.29016113281 824.64855957031 825.07885742188 825.54290771484 825.99926757812 826.39697265625 826.68780517578 826.85852050781 826.90893554688 826.84899902344 826.68634033203 826.41741943359 825.93682861328 825.19274902344 824.14947509766 822.701171875 1.70141E+38 1.70141E+38 1.70141E+38 1.70141E+38 1.70141E+38 1.70141E+38 1.70141E+38 1.70141E+38 1.70141E+38 1.70141E+38 1.70141E+38 1.70141E+38 1.70141E+38 1.70141E+38 1.70141E+38 1.70141E+38 1.70141E+38 1.70141E+38 844.30474853516 846.34320068359
825.36602783203 823.89624023438 822.58459472656 821.45849609375 820.54223632812 819.89080810547 819.55505371094 819.62774658203 820.02899169922 820.74749755859 821.54046630859 821.83953857422 821.88354492188 821.98718261719 822.21142578125 822.54858398438 822.98248291016 823.46899414062 823.95471191406 824.39978027344 824.76623535156 825.01507568359 825.11181640625 825.09020996094 824.94287109375 824.66119384766 824.19506835938 823.47406005859 822.47131347656 821.27105712891 1.70141E+38 1.70141E+38 1.70141E+38 1.70141E+38 1.70141E+38 1.70141E+38 1.70141E+38 1.70141E+38 1.70141E+38 1.70141E+38 1.70141E+38 1.70141E+38 1.70141E+38 1.70141E+38 1.70141E+38 1.70141E+38 1.70141E+38 1.70141E+38 1.70141E+38 844.40008544922
823.36151123047 821.86981201172 820.5009765625 819.2578125 818.22613525391 817.48455810547 817.06402587891 817.06060791016 817.47198486328 818.21765136719 819.04113769531 819.40667724609 819.60864257812 819.78161621094 820.025390625 820.37854003906 820.82751464844 821.3525390625 821.89080810547 822.37768554688 822.79010009766 823.10223388672 823.28826904297 823.32415771484 823.19476318359 822.92779541016 822.48217773438 821.83361816406 820.98278808594 819.94897460938 1.70141E+38 1.70141E+38 1.70141E+38 1.70141E+38 1.70141E+38 1.70141E+38 1.70141E+38 1.70141E+38 1.70141E+38 1.70141E+38 1.70141E+38 1.70141E+38 1.70141E+38 1.70141E+38 1.70141E+38 1.70141E+38 1.70141E+38 1.70141E+38 1.70141E+38 842.41125488281
821.45983886719 819.91418457031 818.47320556641 817.14306640625 815.96154785156 814.99603271484 814.41833496094 814.34521484375 814.69256591797 815.38452148438 816.15765380859 816.75286865234 817.12164306641 817.43103027344 817.75732421875 818.16339111328 818.65911865234 819.21435546875 819.78723144531 820.33929443359 820.82763671875 821.193359375 821.43353271484 821.53454589844 821.48059082031 821.25793457031 820.84289550781 820.25946044922 819.51519775391 818.66998291016 1.70141E+38 1.70141E+38 1.70141E+38 1.70141E+38 1.70141E+38 1.70141E+38 1.70141E+38 1.70141E+38 1.70141E+38 1.70141E+38 1.70141E+38 1.70141E+38 1.70141E+38 1.70141E+38 1.70141E+38 1.70141E+38 1.70141E+38 1.70141E+38 1.70141E+38 1.70141E+38
819.76513671875 818.16998291016 816.63336181641 815.15124511719 813.81451416016 812.67987060547 811.85601806641 811.474609375 811.82934570312 812.56628417969 813.36798095703 814.08197021484 814.65112304688 815.09356689453 815.50146484375 815.95373535156 816.47503662109 817.07604980469 817.70709228516 818.30712890625 818.84417724609 819.29241943359 819.62158203125 819.77960205078 819.7744140625 819.61102294922 819.28881835938 818.80786132812 818.15966796875 817.43121337891 1.70141E+38 1.70141E+38 1.70141E+38 1.70141E+38 1.70141E+38 1.70141E+38 1.70141E+38 1.70141E+38 1.70141E+38 1.70141E+38 1.70141E+38 1.70141E+38 1.70141E+38 1.70141E+38 1.70141E+38 1.70141E+38 1.70141E+38 1.70141E+38 1.70141E+38 1.70141E+38
818.33605957031 816.69366455078 815.08331298828 813.51397705078 812.00549316406 810.58343505859 809.43035888672 808.93548583984 809.16662597656 809.99798583984 810.90606689453 811.67846679688 812.31787109375 812.8525390625 813.32598876953 813.81298828125 814.3779296875 815.00213623047 815.66021728516 816.32104492188 816.93109130859 817.427734375 817.80291748047 818.04400634766 818.1416015625 818.04278564453 817.77593994141 817.36962890625 816.84338378906 816.22497558594 1.70141E+38 1.70141E+38 1.70141E+38 1.70141E+38 1.70141E+38 1.70141E+38 1.70141E+38 1.70141E+38 1.70141E+38 1.70141E+38 1.70141E+38 1.70141E+38 1.70141E+38 1.70141E+38 1.70141E+38 1.70141E+38 1.70141E+38 1.70141E+38 1.70141E+38 1.70141E+38
