gis/input_ras/wahp/raw_surf_ow/GM_Numerical_ 04 - Lower Sand_younger.grd
DSAA
157 175
2880056.8709409 2983016.8709409
-256145.63012446 -141305.63012446
696.60211181641 883.69989013672
[rows 46 to 68 of 175, columns 100 to 149 of 157]
811.95806884766 814.75988769531 817.09521484375 818.74353027344 820.18927001953 821.55725097656 822.84796142578 823.74102783203 822.72619628906 820.28918457031 817.10894775391 813.94873046875 811.5654296875 807.46307373047 802.39953613281 797.4541015625 793.81396484375 792.19866943359 791.60296630859 791.9306640625 793.12414550781 1.70141E+38 1.70141E+38 1.70141E+38 1.70141E+38 1.70141E+38 1.70141E+38 1.70141E+38 1.70141E+38 1.70141E+38 1.70141E+38 1.70141E+38 786.04437255859 783.20281982422 780.32849121094 777.40649414062 774.44110107422 771.458984375 768.49017333984 765.55871582031 762.68609619141 759.90313720703 757.22015380859 754.67065429688 752.30493164062 750.18475341797 748.51654052734 747.71734619141 747.85760498047 748.76318359375
814.66345214844 816.99987792969 818.81988525391 820.24700927734 821.57751464844 823.07073974609 824.43963623047 825.28118896484 825.27850341797 823.64733886719 819.92938232422 815.67071533203 811.47210693359 807.21862792969 802.46716308594 798.23773193359 794.7138671875 792.13452148438 790.72058105469 790.58129882812 1.70141E+38 1.70141E+38 1.70141E+38 1.70141E+38 1.70141E+38 1.70141E+38 1.70141E+38 1.70141E+38 1.70141E+38 1.70141E+38 1.70141E+38 793.03460693359 790.60241699219 788.06402587891 785.32006835938 782.44219970703 779.43371582031 776.32696533203 773.16418457031 770.01196289062 766.90246582031 763.86022949219 760.90588378906 758.09747314453 755.52563476562 753.23107910156 751.28924560547 750.04919433594 750.52734375 751.94836425781
816.65985107422 818.72338867188 820.11700439453 820.93255615234 821.78692626953 823.10803222656 824.30615234375 825.14862060547 825.22137451172 823.5458984375 819.28448486328 813.80828857422 808.98187255859 804.46118164062 800.29602050781 796.47576904297 792.96197509766 790.14782714844 788.52746582031 787.92065429688 1.70141E+38 1.70141E+38 1.70141E+38 1.70141E+38 1.70141E+38 1.70141E+38 1.70141E+38 1.70141E+38 1.70141E+38 1.70141E+38 798.10028076172 796.27911376953 794.35278320312 792.22174072266 789.8095703125 787.11981201172 784.14282226562 781.01007080078 777.77038574219 774.48919677734 771.22998046875 768.0595703125 764.98736572266 762.087890625 759.43072509766 757.10369873047 755.17492675781 754.35711669922 754.78881835938 756.15435791016
818.25378417969 820.08447265625 821.01440429688 821.20648193359 821.41998291016 822.52825927734 822.98638916016 822.71051025391 821.52062988281 819.54272460938 814.23571777344 809.06060791016 804.34912109375 800.03887939453 796.09478759766 792.56622314453 789.47033691406 786.81713867188 784.77203369141 1.70141E+38 1.70141E+38 1.70141E+38 1.70141E+38 1.70141E+38 1.70141E+38 1.70141E+38 1.70141E+38 1.70141E+38 1.70141E+38 800.26605224609 799.60107421875 798.71264648438 797.50189208984 795.80541992188 793.69927978516 791.26123046875 788.49224853516 785.45440673828 782.2158203125 778.91125488281 775.63513183594 772.43725585938 769.35552978516 766.47137451172 763.87036132812 761.77807617188 760.29241943359 759.5693359375 759.98620605469 761.25323486328
819.30108642578 821.18872070312 821.98419189453 821.9287109375 821.69451904297 821.3671875 820.78100585938 819.39013671875 816.80395507812 812.09857177734 807.02301025391 802.63513183594 798.48950195312 794.57073974609 791.02630615234 787.88970947266 785.04534912109 782.53344726562 780.48931884766 1.70141E+38 1.70141E+38 1.70141E+38 1.70141E+38 1.70141E+38 1.70141E+38 1.70141E+38 1.70141E+38 1.70141E+38 799.59527587891 800.33679199219 800.58715820312 800.33001708984 799.70086669922 798.68255615234 797.14996337891 795.03167724609 792.44818115234 789.55303955078 786.43475341797 783.21252441406 779.99078369141 776.85638427734 773.87115478516 771.17248535156 768.81854248047 766.94140625 765.67590332031 765.26147460938 765.720703125 766.84454345703
819.59912109375 822.05755615234 822.7001953125 822.32354736328 821.53295898438 820.50897216797 818.83746337891 815.96014404297 811.77288818359 806.314453125 800.78723144531 796.83081054688 793.06652832031 789.25262451172 785.85473632812 782.91088867188 780.46301269531 778.19366455078 776.02465820312 1.70141E+38 1.70141E+38 1.70141E+38 1.70141E+38 1.70141E+38 1.70141E+38 1.70141E+38 1.70141E+38 796.11120605469 798.07641601562 799.55084228516 800.62738037109 801.37707519531 801.55883789062 801.00860595703 799.90106201172 798.24060058594 796.03973388672 793.35906982422 790.36859130859 787.26391601562 784.17449951172 781.23895263672 778.48883056641 775.98913574219 773.84600830078 772.26354980469 771.34503173828 771.12969970703 771.63171386719 1.70141E+38
819.2607421875 821.93096923828 822.63885498047 822.03552246094 820.91546630859 819.15893554688 816.76220703125 813.43023681641 808.89288330078 802.90234375 797.29028320312 793.24725341797 789.18988037109 784.85607910156 781.19696044922 778.61407470703 776.41705322266 774.33416748047 1.70141E+38 1.70141E+38 1.70141E+38 1.70141E+38 1.70141E+38 1.70141E+38 1.70141E+38 786.03839111328 789.99389648438 793.37292480469 796.21173095703 798.65264892578 800.43377685547 801.74951171875 802.55364990234 802.80438232422 802.36376953125 801.01336669922 799.08264160156 796.67797851562 793.94982910156 791.06982421875 788.18109130859 1.70141E+38 1.70141E+38 1.70141E+38 1.70141E+38 1.70141E+38 1.70141E+38 1.70141E+38 1.70141E+38 1.70141E+38
816.39611816406 820.21063232422 821.20074462891 820.61212158203 819.39965820312 817.58447265625 815.14819335938 811.99658203125 807.79675292969 802.54290771484 797.36260986328 793.13690185547 787.71154785156 782.62817382812 778.46459960938 775.4287109375 773.50030517578 1.70141E+38 1.70141E+38 1.70141E+38 1.70141E+38 1.70141E+38 1.70141E+38 1.70141E+38 778.45172119141 782.95111083984 787.21820068359 791.00360107422 794.30548095703 797.20013427734 799.69879150391 801.80938720703 803.25018310547 804.03497314453 804.08648681641 803.33917236328 801.77172851562 799.55352783203 797.06665039062 794.44293212891 1.70141E+38 1.70141E+38 1.70141E+38 1.70141E+38 1.70141E+38 1.70141E+38 1.70141E+38 1.70141E+38 1.70141E+38 1.70141E+38
814.30303955078 816.94421386719 818.2744140625 818.30352783203 817.38165283203 815.62396240234 813.36486816406 810.75134277344 807.90423583984 804.97448730469 801.03002929688 795.45159912109 789.31127929688 783.44744873047 778.51715087891 774.88543701172 772.12628173828 1.70141E+38 1.70141E+38 1.70141E+38 1.70141E+38 1.70141E+38 1.70141E+38 1.70141E+38 776.25958251953 780.54187011719 784.73992919922 788.72326660156 792.41223144531 795.74438476562 798.68756103516 801.23608398438 803.33880615234 804.93090820312 805.61859130859 805.05206298828 803.71130371094 801.85638427734 799.70062255859 797.38732910156 1.70141E+38 1.70141E+38 1.70141E+38 1.70141E+38 1.70141E+38 1.70141E+38 1.70141E+38 1.70141E+38 1.70141E+38 1.70141E+38
812.32257080078 814.43579101562 815.63684082031 815.50885009766 814.61322021484 813.12432861328 811.21990966797 809.06921386719 807.12689208984 805.59777832031 802.75714111328 797.14636230469 790.60272216797 784.80126953125 779.59631347656 775.15765380859 1.70141E+38 1.70141E+38 1.70141E+38 1.70141E+38 1.70141E+38 1.70141E+38 1.70141E+38 771.22894287109 774.71044921875 778.62359619141 782.72515869141 786.70257568359 790.50012207031 794.09533691406 797.43981933594 800.41241455078 802.90618896484 804.95233154297 806.16375732422 806.22790527344 805.01263427734 803.45867919922 801.69299316406 1.70141E+38 1.70141E+38 1.70141E+38 1.70141E+38 1.70141E+38 1.70141E+38 1.70141E+38 1.70141E+38 1.70141E+38 1.70141E+38 1.70141E+38
810.51007080078 811.99328613281 812.69342041016 812.59661865234 811.72839355469 810.23760986328 808.40777587891 806.45745849609 804.47894287109 802.650390625 799.71514892578 795.32843017578 790.17291259766 784.71472167969 779.60546875 775.27398681641 1.70141E+38 1.70141E+38 1.70141E+38 1.70141E+38 1.70141E+38 1.70141E+38 1.70141E+38 770.26788330078 773.47271728516 777.11267089844 780.95727539062 784.87335205078 788.74859619141 792.47375488281 795.96234130859 799.14807128906 801.9541015625 804.25305175781 805.74365234375 805.98168945312 805.50415039062 804.53356933594 803.20196533203 1.70141E+38 1.70141E+38 1.70141E+38 1.70141E+38 1.70141E+38 1.70141E+38 1.70141E+38 1.70141E+38 1.70141E+38 1.70141E+38 1.70141E+38
808.39282226562 809.60180664062 810.04046630859 809.64569091797 808.53637695312 807.03167724609 805.22625732422 803.17150878906 800.94342041016 798.55236816406 796.16552734375 792.78356933594 788.42687988281 1.70141E+38 1.70141E+38 1.70141E+38 1.70141E+38 1.70141E+38 1.70141E+38 1.70141E+38 1.70141E+38 766.41162109375 767.66265869141 769.77868652344 772.53442382812 775.81262207031 779.51043701172 783.32733154297 787.13873291016 790.88323974609 794.48040771484 797.76477050781 800.65045166016 802.97778320312 804.64886474609 805.53759765625 805.49859619141 805.00299072266 1.70141E+38 1.70141E+38 1.70141E+38 1.70141E+38 1.70141E+38 1.70141E+38 1.70141E+38 1.70141E+38 1.70141E+38 1.70141E+38 1.70141E+38 1.70141E+38
805.99340820312 807.00653076172 807.15655517578 806.46826171875 805.22210693359 803.64190673828 801.88079833984 799.87976074219 797.38012695312 795.00170898438 1.70141E+38 1.70141E+38 1.70141E+38 1.70141E+38 1.70141E+38 1.70141E+38 1.70141E+38 1.70141E+38 1.70141E+38 766.60510253906 766.15557861328 766.47686767578 767.50531005859 769.34375 771.89434814453 774.96795654297 778.40026855469 782.04321289062 785.78179931641 789.47778320312 793.01403808594 796.29278564453 799.26373291016 801.71258544922 803.55255126953 804.71838378906 805.31713867188 805.42547607422 1.70141E+38 1.70141E+38 1.70141E+38 1.70141E+38 1.70141E+38 1.70141E+38 1.70141E+38 1.70141E+38 1.70141E+38 1.70141E+38 1.70141E+38 1.70141E+38
802.70074462891 803.92236328125 804.00067138672 803.09008789062 801.46740722656 799.99676513672 798.62493896484 797.01043701172 794.95629882812 1.70141E+38 1.70141E+38 1.70141E+38 1.70141E+38 1.70141E+38 1.70141E+38 1.70141E+38 1.70141E+38 770.10791015625 768.2373046875 767.02935791016 766.49261474609 766.71832275391 767.63409423828 769.26153564453 771.53723144531 774.38983154297 777.66815185547 781.16857910156 784.7470703125 788.27673339844 791.71118164062 794.95355224609 797.91729736328 800.48980712891 802.62573242188 804.12963867188 805.06115722656 1.70141E+38 1.70141E+38 1.70141E+38 1.70141E+38 1.70141E+38 1.70141E+38 1.70141E+38 1.70141E+38 1.70141E+38 1.70141E+38 1.70141E+38 1.70141E+38 1.70141E+38
798.14129638672 800.33038330078 800.58111572266 798.78302001953 797.0400390625 795.70989990234 794.96185302734 794.74542236328 1.70141E+38 1.70141E+38 1.70141E+38 1.70141E+38 1.70141E+38 1.70141E+38 1.70141E+38 1.70141E+38 1.70141E+38 770.73718261719 768.94799804688 767.72283935547 767.10113525391 767.16650390625 767.94812011719 769.48602294922 771.61291503906 774.25012207031 777.2958984375 780.60797119141 784.03186035156 787.42388916016 790.72424316406 793.85626220703 796.83227539062 799.50738525391 801.80200195312 803.65399169922 805.03314208984 1.70141E+38 1.70141E+38 1.70141E+38 1.70141E+38 1.70141E+38 1.70141E+38 1.70141E+38 1.70141E+38 1.70141E+38 1.70141E+38 1.70141E+38 1.70141E+38 1.70141E+38
792.67687988281 795.85809326172 795.84429931641 793.38208007812 791.03198242188 790.55053710938 791.15093994141 1.70141E+38 1.70141E+38 1.70141E+38 1.70141E+38 1.70141E+38 1.70141E+38 1.70141E+38 1.70141E+38 1.70141E+38 773.68011474609 771.52502441406 769.73260498047 768.47369384766 767.90283203125 767.96002197266 768.64556884766 769.95483398438 771.90991210938 774.46008300781 777.3623046875 780.49816894531 783.74639892578 786.927734375 790.04052734375 1.70141E+38 1.70141E+38 1.70141E+38 1.70141E+38 1.70141E+38 1.70141E+38 1.70141E+38 1.70141E+38 1.70141E+38 1.70141E+38 1.70141E+38 1.70141E+38 1.70141E+38 1.70141E+38 1.70141E+38 1.70141E+38 1.70141E+38 1.70141E+38 1.70141E+38
785.26080322266 787.87817382812 788.13031005859 785.484375 783.97253417969 784.21215820312 1.70141E+38 1.70141E+38 1.70141E+38 1.70141E+38 1.70141E+38 1.70141E+38 1.70141E+38 1.70141E+38 778.77679443359 776.52490234375 774.31115722656 772.30535888672 770.66827392578 769.48651123047 768.83123779297 768.75579833984 769.46984863281 770.80096435547 772.67004394531 775.01428222656 777.75952148438 780.79772949219 783.87445068359 786.89819335938 1.70141E+38 1.70141E+38 1.70141E+38 1.70141E+38 1.70141E+38 1.70141E+38 1.70141E+38 1.70141E+38 1.70141E+38 1.70141E+38 1.70141E+38 1.70141E+38 1.70141E+38 1.70141E+38 1.70141E+38 1.70141E+38 1.70141E+38 810.80316162109 811.77679443359 813.24871826172
777.26245117188 778.95684814453 778.76483154297 776.99908447266 774.97985839844 777.52404785156 1.70141E+38 1.70141E+38 1.70141E+38 1.70141E+38 1.70141E+38 784.34057617188 782.65655517578 780.84680175781 778.93133544922 776.94866943359 774.97082519531 773.11608886719 771.51123046875 770.33276367188 769.81591796875 769.8759765625 770.52001953125 771.74047851562 773.58227539062 775.96807861328 778.68103027344 781.6025390625 784.60986328125 787.53143310547 1.70141E+38 1.70141E+38 1.70141E+38 1.70141E+38 1.70141E+38 1.70141E+38 1.70141E+38 1.70141E+38 1.70141E+38 1.70141E+38 1.70141E+38 1.70141E+38 1.70141E+38 1.70141E+38 1.70141E+38 811.46276855469 811.69494628906 812.07684326172 812.67932128906 814.38073730469
770.36199951172 772.32055664062 772.47943115234 770.85400390625 770.78332519531 1.70141E+38 1.70141E+38 1.70141E+38 1.70141E+38 784.35998535156 784.16625976562 783.27886962891 781.94000244141 780.55114746094 779.03723144531 777.34692382812 775.52276611328 773.76019287109 772.33551025391 771.32452392578 770.80578613281 770.86920166016 771.60772705078 772.98748779297 774.88189697266 777.23156738281 779.96557617188 782.93701171875 785.95526123047 788.90063476562 1.70141E+38 1.70141E+38 1.70141E+38 1.70141E+38 1.70141E+38 1.70141E+38 1.70141E+38 1.70141E+38 1.70141E+38 1.70141E+38 1.70141E+38 1.70141E+38 1.70141E+38 1.70141E+38 812.92291259766 813.01837158203 813.23455810547 813.67321777344 814.51922607422 815.84240722656
766.51843261719 768.24475097656 769.01702880859 769.26922607422 769.74853515625 1.70141E+38 1.70141E+38 1.70141E+38 781.87170410156 782.75634765625 782.70092773438 782.09436035156 781.24566650391 780.28967285156 779.08538818359 777.62115478516 775.92541503906 774.35076904297 773.03100585938 772.12249755859 771.77575683594 772.04943847656 772.89184570312 774.31896972656 776.31304931641 778.83264160156 781.71948242188 784.80615234375 787.94897460938 1.70141E+38 1.70141E+38 1.70141E+38 1.70141E+38 1.70141E+38 1.70141E+38 1.70141E+38 1.70141E+38 1.70141E+38 1.70141E+38 1.70141E+38 1.70141E+38 1.70141E+38 1.70141E+38 814.48767089844 814.58074951172 814.72039794922 814.99340820312 815.46942138672 816.30651855469 817.60308837891
765.57312011719 767.23175048828 768.31988525391 769.14923095703 770.75048828125 773.15057373047 1.70141E+38 779.33813476562 780.87780761719 781.50787353516 781.57122802734 781.14575195312 780.47296142578 779.73980712891 778.93774414062 777.67462158203 776.09375 774.65863037109 773.59411621094 772.97088623047 772.80041503906 773.20263671875 774.17492675781 775.82574462891 778.0595703125 780.77545166016 783.83831787109 787.1005859375 790.47607421875 1.70141E+38 1.70141E+38 1.70141E+38 1.70141E+38 1.70141E+38 1.70141E+38 1.70141E+38 1.70141E+38 1.70141E+38 1.70141E+38 1.70141E+38 1.70141E+38 1.70141E+38 1.70141E+38 816.40045166016 816.45849609375 816.60101318359 816.88824462891 817.41577148438 818.24749755859 819.36145019531
767.32659912109 768.36047363281 769.42572021484 770.62359619141 772.19873046875 774.38293457031 776.89184570312 778.91937255859 780.23846435547 780.78186035156 780.79064941406 780.3818359375 779.74798583984 779.01818847656 778.25579833984 777.09338378906 775.90002441406 774.90716552734 774.15228271484 773.75598144531 773.79278564453 774.43792724609 775.63909912109 777.49633789062 779.93560791016 782.88708496094 786.33801269531 789.97003173828 1.70141E+38 1.70141E+38 1.70141E+38 1.70141E+38 1.70141E+38 1.70141E+38 1.70141E+38 1.70141E+38 1.70141E+38 1.70141E+38 1.70141E+38 1.70141E+38 1.70141E+38 1.70141E+38 818.65026855469 818.61199951172 818.60809326172 818.70227050781 818.96667480469 819.46862792969 820.24371337891 821.27960205078
770.14971923828 770.88092041016 771.80358886719 772.91436767578 774.29699707031 775.89569091797 777.70452880859 779.25170898438 780.26135253906 780.60827636719 780.455078125 779.93420410156 779.18688964844 778.29815673828 777.26416015625 776.40893554688 775.62646484375 775.01336669922 774.62939453125 774.65521240234 775.01788330078 775.83282470703 777.18218994141 779.16271972656 782.01983642578 785.45098876953 789.1943359375 1.70141E+38 1.70141E+38 1.70141E+38 1.70141E+38 1.70141E+38 1.70141E+38 1.70141E+38 1.70141E+38 1.70141E+38 1.70141E+38 1.70141E+38 1.70141E+38 1.70141E+38 1.70141E+38 1.70141E+38 821.30157470703 821.10034179688 820.98461914062 821.02655029297 821.23889160156 821.65753173828 822.31829833984 823.22119140625
