gis/input_ras/wahp/raw_surf_ow/GM_Numerical_ 02 - Basal Sand_younger.grd
DSAA
157 175
2880056.8709409 2983016.8709409
-256145.63012446 -141305.63012446
510.41497802734 790.89086914062
[rows 88 to 109 of 175, columns 0 to 50 of 157]
1.70141E+38 1.70141E+38 1.70141E+38 1.70141E+38 1.70141E+38 1.70141E+38 1.70141E+38 1.70141E+38 1.70141E+38 1.70141E+38 1.70141E+38 729.43109130859 732.87182617188 736.58764648438 740.48706054688 744.47766113281 748.49041748047 752.40490722656 756.12835693359 759.62298583984 762.89495849609 765.94592285156 768.65649414062 770.97509765625 772.84045410156 774.158203125 774.79443359375 774.55401611328 773.48291015625 771.84216308594 769.66131591797 766.94970703125 763.61218261719 759.60504150391 754.91174316406 749.48803710938 743.32446289062 736.36273193359 728.7646484375 720.77502441406 712.54571533203 704.26037597656 696.19702148438 688.509765625 681.31414794922 674.68249511719 668.72052001953 663.51062011719 658.90417480469 654.84149169922 651.28356933594
1.70141E+38 1.70141E+38 1.70141E+38 1.70141E+38 1.70141E+38 1.70141E+38 1.70141E+38 1.70141E+38 1.70141E+38 1.70141E+38 1.70141E+38 727.72747802734 731.24963378906 735.05389404297 739.09301757812 743.26257324219 747.51409912109 751.72216796875 755.79992675781 759.64117431641 763.19305419922 766.57629394531 769.66027832031 772.37963867188 774.60748291016 776.21826171875 777.04730224609 776.77380371094 775.78283691406 774.17028808594 771.96673583984 769.16394042969 765.79315185547 761.82958984375 757.10998535156 751.53558349609 745.12725830078 738.02801513672 730.32427978516 722.13903808594 713.67016601562 705.16876220703 696.83557128906 688.83441162109 681.43658447266 674.66412353516 668.53387451172 663.03369140625 658.18170166016 653.99774169922 650.37646484375
1.70141E+38 1.70141E+38 1.70141E+38 1.70141E+38 1.70141E+38 1.70141E+38 1.70141E+38 1.70141E+38 1.70141E+38 1.70141E+38 1.70141E+38 725.58807373047 729.10974121094 732.94439697266 737.08856201172 741.43017578125 745.89208984375 750.30969238281 754.61303710938 758.75628662109 762.71606445312 766.44903564453 769.78686523438 772.74493408203 775.23614501953 777.21325683594 778.39392089844 778.08337402344 777.07385253906 775.52252197266 773.43609619141 770.72332763672 767.36584472656 763.33386230469 758.52899169922 752.93518066406 746.48004150391 739.27569580078 731.3740234375 723.00769042969 714.37103271484 705.6953125 697.19219970703 689.05322265625 681.41058349609 674.34161376953 668.04870605469 662.40362548828 657.44226074219 653.06237792969 649.24176025391
1.70141E+38 1.70141E+38 1.70141E+38 1.70141E+38 1.70141E+38 1.70141E+38 1.70141E+38 1.70141E+38 1.70141E+38 1.70141E+38 1.70141E+38 1.70141E+38 726.63055419922 730.43090820312 734.60107421875 739.00848388672 743.57360839844 748.22424316406 752.83081054688 757.20233154297 761.38623046875 765.37487792969 769.05065917969 772.29205322266 774.90673828125 776.9697265625 778.10284423828 778.23602294922 777.51647949219 776.10302734375 774.13464355469 771.51501464844 768.22875976562 764.22692871094 759.40405273438 753.77728271484 747.22088623047 739.912109375 731.93237304688 723.47174072266 714.73468017578 705.90417480469 697.22393798828 688.93023681641 681.1572265625 673.97021484375 667.47625732422 661.62744140625 656.52758789062 652.04083251953 648.12939453125
1.70141E+38 1.70141E+38 1.70141E+38 1.70141E+38 1.70141E+38 1.70141E+38 1.70141E+38 1.70141E+38 1.70141E+38 1.70141E+38 1.70141E+38 1.70141E+38 723.93377685547 727.64599609375 731.732421875 736.15710449219 740.82745361328 745.58807373047 750.32934570312 754.97308349609 759.45129394531 763.65441894531 767.50158691406 770.9169921875 773.74908447266 775.88452148438 777.11047363281 777.47045898438 777.08050537109 775.98980712891 774.22137451172 771.66534423828 768.44616699219 764.53997802734 759.71063232422 754.00543212891 747.39208984375 740.04608154297 732.04534912109 723.49163818359 714.65258789062 705.76525878906 697.02337646484 688.60064697266 680.68505859375 673.40759277344 666.81994628906 660.87591552734 655.60638427734 650.99041748047 647.02740478516
1.70141E+38 1.70141E+38 1.70141E+38 1.70141E+38 1.70141E+38 1.70141E+38 1.70141E+38 1.70141E+38 1.70141E+38 1.70141E+38 1.70141E+38 1.70141E+38 1.70141E+38 724.65161132812 728.68109130859 733.04614257812 737.68090820312 742.52520751953 747.43804931641 752.23657226562 756.865234375 761.28283691406 765.38970947266 768.94708251953 771.86822509766 774.11962890625 775.63433837891 776.32208251953 776.12713623047 775.20794677734 773.61071777344 771.31652832031 768.22045898438 764.20880126953 759.36920166016 753.68768310547 747.14093017578 739.73046875 731.61810302734 723.06597900391 714.23126220703 705.29418945312 696.50457763672 688.09210205078 680.15106201172 672.76397705078 666.05017089844 660.07537841797 654.80487060547 650.14086914062 646.05529785156
1.70141E+38 1.70141E+38 1.70141E+38 1.70141E+38 1.70141E+38 1.70141E+38 1.70141E+38 1.70141E+38 1.70141E+38 1.70141E+38 1.70141E+38 1.70141E+38 1.70141E+38 721.7197265625 725.49792480469 729.73608398438 734.36743164062 739.20825195312 744.16033935547 749.12054443359 753.93780517578 758.46820068359 762.66925048828 766.43548583984 769.65130615234 772.05993652344 773.67150878906 774.55157470703 774.70422363281 774.11926269531 772.62890625 770.35217285156 767.31311035156 763.47387695312 758.72027587891 752.89227294922 746.23754882812 738.85601806641 730.84399414062 722.30438232422 713.44140625 704.55645751953 695.80834960938 687.34436035156 679.38946533203 672.10791015625 665.44799804688 659.42370605469 654.03558349609 649.38659667969 645.39587402344
1.70141E+38 1.70141E+38 1.70141E+38 1.70141E+38 1.70141E+38 1.70141E+38 1.70141E+38 1.70141E+38 1.70141E+38 1.70141E+38 1.70141E+38 1.70141E+38 1.70141E+38 1.70141E+38 722.45098876953 726.51678466797 730.96417236328 735.73449707031 740.73529052734 745.75122070312 750.67041015625 755.3896484375 759.78076171875 763.63250732422 766.91888427734 769.57189941406 771.5390625 772.68218994141 772.93298339844 772.43780517578 771.18713378906 769.16595458984 766.18176269531 762.19921875 757.34619140625 751.63891601562 745.10943603516 737.66650390625 729.59033203125 721.10473632812 712.36187744141 703.52142333984 694.85528564453 686.55657958984 678.71685791016 671.41613769531 664.71685791016 658.87170410156 653.65405273438 649.03948974609 645.00201416016
1.70141E+38 1.70141E+38 1.70141E+38 1.70141E+38 1.70141E+38 1.70141E+38 1.70141E+38 1.70141E+38 1.70141E+38 1.70141E+38 1.70141E+38 1.70141E+38 1.70141E+38 1.70141E+38 1.70141E+38 723.2783203125 727.65875244141 732.35845947266 737.27856445312 742.32788085938 747.34155273438 752.14398193359 756.62933349609 760.70300292969 764.26116943359 767.04522705078 769.09899902344 770.42681884766 771.00433349609 770.76544189453 769.55029296875 767.45672607422 764.50054931641 760.66668701172 755.88403320312 750.03619384766 743.37670898438 736.02545166016 728.08801269531 719.65551757812 710.96636962891 702.28961181641 693.77423095703 685.55694580078 677.81793212891 670.78082275391 664.35620117188 658.55603027344 653.37927246094 648.89862060547 1.70141E+38
1.70141E+38 1.70141E+38 1.70141E+38 1.70141E+38 1.70141E+38 1.70141E+38 1.70141E+38 1.70141E+38 1.70141E+38 1.70141E+38 1.70141E+38 1.70141E+38 1.70141E+38 1.70141E+38 1.70141E+38 1.70141E+38 724.41485595703 729.05737304688 733.96551513672 738.99243164062 744.02056884766 748.95568847656 753.58184814453 757.75653076172 761.39007568359 764.42163085938 766.78570556641 768.26214599609 768.89117431641 768.68334960938 767.63427734375 765.69635009766 762.74645996094 758.74896240234 753.85559082031 748.11450195312 741.54162597656 734.18096923828 726.21209716797 717.89923095703 709.39367675781 700.84576416016 692.47747802734 684.55236816406 677.10662841797 670.20965576172 663.93994140625 1.70141E+38 1.70141E+38 1.70141E+38 1.70141E+38
1.70141E+38 1.70141E+38 1.70141E+38 1.70141E+38 1.70141E+38 1.70141E+38 1.70141E+38 1.70141E+38 1.70141E+38 1.70141E+38 1.70141E+38 1.70141E+38 1.70141E+38 1.70141E+38 1.70141E+38 1.70141E+38 721.50775146484 726.03210449219 730.87780761719 735.88592529297 740.92059326172 745.85302734375 750.55877685547 754.92077636719 758.71990966797 761.88531494141 764.29187011719 765.93835449219 766.78704833984 766.65838623047 765.64276123047 763.58563232422 760.61096191406 756.71826171875 751.79467773438 745.99255371094 739.32470703125 732.02526855469 724.20007324219 715.96429443359 707.57269287109 699.26904296875 691.19323730469 683.47521972656 676.24487304688 669.6708984375 1.70141E+38 1.70141E+38 1.70141E+38 1.70141E+38 1.70141E+38
1.70141E+38 1.70141E+38 1.70141E+38 1.70141E+38 1.70141E+38 1.70141E+38 1.70141E+38 1.70141E+38 1.70141E+38 1.70141E+38 1.70141E+38 1.70141E+38 1.70141E+38 1.70141E+38 1.70141E+38 1.70141E+38 1.70141E+38 723.37054443359 728.15844726562 733.13116455078 738.12139892578 743.06268310547 747.80816650391 752.22570800781 756.12127685547 759.43548583984 761.984375 763.71282958984 764.60760498047 764.52062988281 763.52435302734 761.48443603516 758.47955322266 754.49243164062 749.50140380859 743.68395996094 737.02288818359 729.73449707031 721.93817138672 713.85699462891 705.68310546875 697.56414794922 689.69183349609 682.30584716797 675.50347900391 1.70141E+38 1.70141E+38 1.70141E+38 1.70141E+38 1.70141E+38 1.70141E+38
1.70141E+38 1.70141E+38 1.70141E+38 1.70141E+38 1.70141E+38 1.70141E+38 1.70141E+38 1.70141E+38 1.70141E+38 1.70141E+38 1.70141E+38 1.70141E+38 1.70141E+38 1.70141E+38 1.70141E+38 1.70141E+38 1.70141E+38 1.70141E+38 725.89514160156 730.82110595703 735.76782226562 740.66387939453 745.40393066406 749.85211181641 753.7958984375 757.16345214844 759.8271484375 761.63732910156 762.52813720703 762.4423828125 761.43579101562 759.40106201172 756.31170654297 752.19793701172 747.15051269531 741.28308105469 734.60858154297 727.32727050781 719.58642578125 711.60864257812 703.56512451172 695.70953369141 688.20672607422 681.16229248047 674.66339111328 1.70141E+38 1.70141E+38 1.70141E+38 1.70141E+38 1.70141E+38 1.70141E+38
1.70141E+38 1.70141E+38 1.70141E+38 1.70141E+38 1.70141E+38 1.70141E+38 1.70141E+38 1.70141E+38 1.70141E+38 1.70141E+38 1.70141E+38 1.70141E+38 1.70141E+38 1.70141E+38 1.70141E+38 1.70141E+38 1.70141E+38 1.70141E+38 724.25958251953 729.04968261719 733.89959716797 738.72235107422 743.41571044922 747.85766601562 751.87377929688 755.26672363281 757.86779785156 759.68127441406 760.64691162109 760.60504150391 759.47784423828 757.27758789062 754.11413574219 750.00677490234 744.86804199219 738.83361816406 732.08294677734 724.80236816406 717.12811279297 709.25524902344 701.41522216797 693.79620361328 686.53778076172 679.76397705078 1.70141E+38 1.70141E+38 1.70141E+38 1.70141E+38 1.70141E+38 1.70141E+38 1.70141E+38
1.70141E+38 1.70141E+38 1.70141E+38 1.70141E+38 1.70141E+38 1.70141E+38 1.70141E+38 1.70141E+38 1.70141E+38 1.70141E+38 1.70141E+38 1.70141E+38 1.70141E+38 1.70141E+38 1.70141E+38 1.70141E+38 1.70141E+38 1.70141E+38 1.70141E+38 727.86749267578 732.59588623047 737.31762695312 741.96014404297 746.32104492188 750.24835205078 753.62420654297 756.33990478516 758.16583251953 758.93090820312 758.75439453125 757.60821533203 755.47430419922 752.14404296875 747.73785400391 742.46252441406 736.40069580078 729.64801025391 722.26708984375 714.5810546875 706.80517578125 699.09991455078 691.64904785156 684.76440429688 1.70141E+38 1.70141E+38 1.70141E+38 1.70141E+38 1.70141E+38 1.70141E+38 1.70141E+38 1.70141E+38
1.70141E+38 1.70141E+38 1.70141E+38 1.70141E+38 1.70141E+38 1.70141E+38 1.70141E+38 1.70141E+38 1.70141E+38 1.70141E+38 1.70141E+38 1.70141E+38 1.70141E+38 1.70141E+38 1.70141E+38 1.70141E+38 1.70141E+38 1.70141E+38 1.70141E+38 727.25158691406 731.82751464844 736.42419433594 740.93463134766 745.23822021484 749.19616699219 752.46185302734 754.97521972656 756.68481445312 757.51837158203 757.41485595703 755.97955322266 753.52630615234 750.08227539062 745.68090820312 740.3359375 733.98529052734 727.04400634766 719.66137695312 711.99548339844 704.23370361328 696.68853759766 689.52923583984 682.87927246094 1.70141E+38 1.70141E+38 1.70141E+38 1.70141E+38 1.70141E+38 1.70141E+38 1.70141E+38 1.70141E+38
1.70141E+38 1.70141E+38 1.70141E+38 1.70141E+38 1.70141E+38 1.70141E+38 1.70141E+38 1.70141E+38 1.70141E+38 1.70141E+38 1.70141E+38 1.70141E+38 1.70141E+38 1.70141E+38 1.70141E+38 1.70141E+38 1.70141E+38 1.70141E+38 1.70141E+38 727.24432373047 731.60992431641 736.05017089844 740.49340820312 744.65307617188 748.39556884766 751.59393310547 754.1298828125 755.78680419922 756.33227539062 755.90539550781 754.47576904297 752.02606201172 748.3955078125 743.63250732422 738.00738525391 731.62414550781 724.60412597656 717.06463623047 709.31683349609 701.61645507812 694.13958740234 687.06207275391 1.70141E+38 1.70141E+38 1.70141E+38 1.70141E+38 1.70141E+38 1.70141E+38 1.70141E+38 1.70141E+38 1.70141E+38
1.70141E+38 1.70141E+38 1.70141E+38 1.70141E+38 1.70141E+38 1.70141E+38 1.70141E+38 1.70141E+38 1.70141E+38 1.70141E+38 1.70141E+38 1.70141E+38 1.70141E+38 1.70141E+38 1.70141E+38 1.70141E+38 1.70141E+38 1.70141E+38 1.70141E+38 1.70141E+38 731.8203125 736.11212158203 740.34887695312 744.38775634766 748.06097412109 751.12805175781 753.3740234375 754.80456542969 755.34289550781 754.85162353516 753.19348144531 750.37231445312 746.53704833984 741.7265625 735.95220947266 729.30029296875 722.02661132812 714.39208984375 706.58056640625 698.83819580078 691.44372558594 684.62139892578 1.70141E+38 1.70141E+38 1.70141E+38 1.70141E+38 1.70141E+38 1.70141E+38 1.70141E+38 1.70141E+38 1.70141E+38
1.70141E+38 1.70141E+38 1.70141E+38 1.70141E+38 1.70141E+38 1.70141E+38 1.70141E+38 1.70141E+38 1.70141E+38 1.70141E+38 1.70141E+38 1.70141E+38 1.70141E+38 1.70141E+38 1.70141E+38 1.70141E+38 1.70141E+38 1.70141E+38 1.70141E+38 1.70141E+38 732.32537841797 736.43499755859 740.55206298828 744.42468261719 747.828125 750.68249511719 752.8466796875 754.14001464844 754.42077636719 753.63415527344 751.83776855469 748.94793701172 744.94769287109 739.81854248047 733.74072265625 726.91491699219 719.49645996094 711.71490478516 703.787109375 696.03454589844 688.66094970703 1.70141E+38 1.70141E+38 1.70141E+38 1.70141E+38 1.70141E+38 1.70141E+38 1.70141E+38 1.70141E+38 1.70141E+38 1.70141E+38
1.70141E+38 1.70141E+38 1.70141E+38 1.70141E+38 1.70141E+38 1.70141E+38 1.70141E+38 1.70141E+38 1.70141E+38 1.70141E+38 1.70141E+38 1.70141E+38 1.70141E+38 1.70141E+38 1.70141E+38 1.70141E+38 1.70141E+38 1.70141E+38 1.70141E+38 1.70141E+38 733.08587646484 737.01989746094 740.87060546875 744.50592041016 747.74096679688 750.42535400391 752.31176757812 753.33612060547 753.47857666016 752.55999755859 750.6337890625 747.49951171875 743.27612304688 737.9873046875 731.70526123047 724.66723632812 716.92962646484 708.92614746094 700.90026855469 693.10736083984 685.74182128906 1.70141E+38 1.70141E+38 1.70141E+38 1.70141E+38 1.70141E+38 1.70141E+38 1.70141E+38 1.70141E+38 1.70141E+38 1.70141E+38
1.70141E+38 1.70141E+38 1.70141E+38 1.70141E+38 1.70141E+38 1.70141E+38 1.70141E+38 1.70141E+38 1.70141E+38 1.70141E+38 1.70141E+38 1.70141E+38 1.70141E+38 1.70141E+38 1.70141E+38 1.70141E+38 1.70141E+38 1.70141E+38 1.70141E+38 1.70141E+38 733.88458251953 737.60015869141 741.25866699219 744.69616699219 747.64385986328 750.01556396484 751.66638183594 752.52288818359 752.52844238281 751.44073486328 749.38128662109 746.12133789062 741.79064941406 736.38702392578 729.7841796875 722.35095214844 714.37615966797 706.16802978516 697.94311523438 690.03210449219 1.70141E+38 1.70141E+38 1.70141E+38 1.70141E+38 1.70141E+38 1.70141E+38 1.70141E+38 1.70141E+38 1.70141E+38 1.70141E+38 1.70141E+38
1.70141E+38 1.70141E+38 1.70141E+38 1.70141E+38 1.70141E+38 1.70141E+38 1.70141E+38 1.70141E+38 1.70141E+38 1.70141E+38 1.70141E+38 1.70141E+38 1.70141E+38 1.70141E+38 1.70141E+38 1.70141E+38 1.70141E+38 1.70141E+38 1.70141E+38 1.70141E+38 734.7294921875 738.21380615234 741.56341552734 744.66546630859 747.35180664062 749.4970703125 750.98675537109 751.59118652344 751.34002685547 750.18304443359 748.08770751953 744.95306396484 740.54327392578 734.78594970703 727.96850585938 720.29309082031 711.93273925781 703.21813964844 694.77807617188 686.77893066406 1.70141E+38 1.70141E+38 1.70141E+38 1.70141E+38 1.70141E+38 1.70141E+38 1.70141E+38 1.70141E+38 1.70141E+38 1.70141E+38 1.70141E+38
