gis/input_ras/wahp/raw_surf_ow/GM_Numerical_ 09 - Upper Clay_younger.grd
DSAA
157 175
2880056.8709409 2983016.8709409
-256145.63012446 -141305.63012446
870.62115478516 978.42749023438
[rows 84 to 104 of 175, columns 0 to 46 of 157]
949.78167724609 948.97869873047 948.20208740234 947.45330810547 946.73205566406 946.04693603516 945.38726806641 944.75415039062 944.14764404297 943.56903076172 943.02197265625 942.50030517578 942.00305175781 941.52801513672 941.07525634766 940.64312744141 940.22601318359 939.82012939453 939.42193603516 939.02789306641 938.63171386719 938.22973632812 937.81414794922 937.38122558594 936.90863037109 936.39361572266 935.82141113281 935.18530273438 934.47790527344 933.66979980469 932.77008056641 931.80590820312 930.78350830078 929.71624755859 928.59393310547 927.4912109375 926.47131347656 925.53747558594 924.70959472656 924.01306152344 923.47216796875 923.05670166016 922.71954345703 922.44165039062 922.21325683594 921.98815917969 921.75134277344
949.31207275391 948.53509521484 947.78637695312 947.07098388672 946.37823486328 945.70983886719 945.06585693359 944.44860839844 943.86090087891 943.29827880859 942.75994873047 942.24530029297 941.75616455078 941.29156494141 940.84686279297 940.41870117188 940.00457763672 939.60284423828 939.2080078125 938.81427001953 938.41955566406 938.02087402344 937.59698486328 937.14123535156 936.65399169922 936.12762451172 935.55200195312 934.88781738281 934.11840820312 933.25030517578 932.28668212891 931.23016357422 930.05676269531 928.84454345703 927.60607910156 926.37274169922 925.17346191406 924.05969238281 923.13055419922 922.3544921875 921.73370361328 921.26995849609 920.96032714844 920.74230957031 920.57012939453 920.42449951172 920.29846191406
948.83831787109 948.09759521484 947.37969970703 946.68444824219 946.01123046875 945.36309814453 944.74047851562 944.14001464844 943.56195068359 943.00646972656 942.47729492188 941.97436523438 941.49267578125 941.03106689453 940.58801269531 940.16418457031 939.75457763672 939.353515625 938.95764160156 938.56329345703 938.17047119141 937.75323486328 937.30969238281 936.83947753906 936.34484863281 935.80651855469 935.20220947266 934.50805664062 933.70635986328 932.77667236328 931.68359375 930.48413085938 929.19732666016 927.84027099609 926.41394042969 924.98944091797 923.62799072266 922.36785888672 921.24700927734 920.30633544922 919.62872314453 919.13537597656 918.80291748047 918.60290527344 918.51611328125 918.47357177734 918.43969726562
948.37567138672 947.66015625 946.96600341797 946.29541015625 945.64697265625 945.01739501953 944.40686035156 943.81561279297 943.24981689453 942.70654296875 942.18414306641 941.6826171875 941.20153808594 940.74597167969 940.3076171875 939.88385009766 939.47204589844 939.06964111328 938.671875 938.27612304688 937.86883544922 937.43835449219 936.97540283203 936.48675537109 935.97698974609 935.43115234375 934.82598876953 934.10717773438 933.21893310547 932.17761230469 930.98394775391 929.64691162109 928.18292236328 926.62744140625 925.02117919922 923.39874267578 921.80426025391 920.34094238281 919.06207275391 917.99401855469 917.15435791016 916.55004882812 916.22314453125 916.06787109375 916.0341796875 916.08306884766 916.17419433594
947.91174316406 947.22576904297 946.56072998047 945.91235351562 945.27996826172 944.66326904297 944.06805419922 943.49053955078 942.93054199219 942.38885498047 941.86877441406 941.37280273438 940.89581298828 940.43688964844 939.99475097656 939.5703125 939.15747070312 938.75067138672 938.34661865234 937.943359375 937.52856445312 937.07177734375 936.59216308594 936.09594726562 935.58599853516 935.04083251953 934.40582275391 933.62310791016 932.67193603516 931.54113769531 930.18792724609 928.64318847656 926.97271728516 925.21197509766 923.40600585938 921.55242919922 919.73443603516 918.02917480469 916.49591064453 915.24755859375 914.30200195312 913.63610839844 913.23156738281 913.060546875 913.08465576172 913.25128173828 913.47790527344
947.46459960938 946.80487060547 946.15997314453 945.52825927734 944.91619873047 944.31652832031 943.72955322266 943.15667724609 942.60107421875 942.06488037109 941.5458984375 941.04467773438 940.56414794922 940.10357666016 939.65948486328 939.22827148438 938.80712890625 938.39434814453 937.98236083984 937.56854248047 937.13220214844 936.66497802734 936.17504882812 935.67022705078 935.15460205078 934.61248779297 933.97497558594 933.13348388672 932.04815673828 930.73657226562 929.20758056641 927.48040771484 925.62603759766 923.62139892578 921.54333496094 919.42614746094 917.35369873047 915.43957519531 913.70227050781 912.23876953125 911.08581542969 910.30230712891 909.86010742188 909.71557617188 909.794921875 910.04779052734 910.400390625
947.02557373047 946.38732910156 945.76873779297 945.16015625 944.56036376953 943.96954345703 943.39044189453 942.82427978516 942.26965332031 941.72924804688 941.20733642578 940.70288085938 940.21575927734 939.74481201172 939.29144287109 938.85345458984 938.42388916016 937.99700927734 937.56921386719 937.14208984375 936.69262695312 936.20672607422 935.70013427734 935.18017578125 934.65258789062 934.10980224609 933.41589355469 932.45104980469 931.23919677734 929.79510498047 928.11651611328 926.13757324219 923.99487304688 921.74676513672 919.46533203125 917.12463378906 914.76635742188 912.53582763672 910.53845214844 908.90856933594 907.61859130859 906.71948242188 906.19165039062 906.02508544922 906.14758300781 906.49029541016 907.00012207031
946.60498046875 945.9951171875 945.39215087891 944.79724121094 944.21099853516 943.63201904297 943.05773925781 942.49145507812 941.93530273438 941.390625 940.85845947266 940.34130859375 939.84466552734 939.36389160156 938.89666748047 938.44055175781 937.99420166016 937.55383300781 937.111328125 936.65814208984 936.18103027344 935.67248535156 935.14398193359 934.60015869141 934.0166015625 933.36907958984 932.59564208984 931.55029296875 930.24761962891 928.60491943359 926.68371582031 924.52557373047 922.1982421875 919.736328125 917.12872314453 914.45733642578 911.87963867188 909.43914794922 907.21612548828 905.32403564453 903.83807373047 902.85913085938 902.27496337891 902.09783935547 902.27593994141 902.72692871094 903.35345458984
946.20233154297 945.61071777344 945.02947998047 944.45385742188 943.87786865234 943.30377197266 942.73248291016 942.16442871094 941.59973144531 941.04541015625 940.50250244141 939.97216796875 939.45391845703 938.94958496094 938.46563720703 937.99267578125 937.52752685547 937.05877685547 936.58404541016 936.10363769531 935.60003662109 935.06304931641 934.48272705078 933.86975097656 933.21447753906 932.48010253906 931.58483886719 930.40081787109 928.92108154297 927.14050292969 925.07464599609 922.71319580078 920.10778808594 917.38543701172 914.56909179688 911.68670654297 908.79309082031 906.03118896484 903.61645507812 901.57720947266 899.94781494141 898.81231689453 898.16925048828 898.03332519531 898.25085449219 898.76153564453 899.55358886719
945.82165527344 945.25494384766 944.68927001953 944.12451171875 943.55908203125 942.99127197266 942.41882324219 941.84521484375 941.27282714844 940.70373535156 940.13702392578 939.58416748047 939.04516601562 938.51910400391 938.00531005859 937.49725341797 937.00244140625 936.50677490234 936.00329589844 935.48327636719 934.92974853516 934.33959960938 933.71026611328 933.0361328125 932.28649902344 931.39819335938 930.33239746094 929.01965332031 927.42205810547 925.46514892578 923.15832519531 920.59393310547 917.83166503906 914.91296386719 911.78564453125 908.59686279297 905.49591064453 902.56176757812 899.89013671875 897.62176513672 895.91412353516 894.74102783203 894.06182861328 893.85565185547 894.15979003906 894.83630371094 895.74768066406
945.46643066406 944.91741943359 944.36993408203 943.82025146484 943.26171875 942.69573974609 942.12219238281 941.54119873047 940.95166015625 940.36224365234 939.77526855469 939.19366455078 938.61883544922 938.05603027344 937.50769042969 936.96813964844 936.43395996094 935.89575195312 935.34631347656 934.77520751953 934.17407226562 933.53289794922 932.82458496094 932.04150390625 931.16229248047 930.14892578125 928.95642089844 927.46575927734 925.63696289062 923.49798583984 921.0615234375 918.35296630859 915.35803222656 912.15905761719 908.82318115234 905.42535400391 902.05670166016 898.88568115234 896.10632324219 893.75457763672 891.89117431641 890.57281494141 889.94219970703 889.85638427734 890.21221923828 890.94464111328 892.00024414062
945.13751220703 944.60925292969 944.0771484375 943.53784179688 942.98852539062 942.42584228516 941.84533691406 941.25170898438 940.64678955078 940.03308105469 939.41412353516 938.79595947266 938.18298339844 937.57733154297 936.98034667969 936.3935546875 935.81005859375 935.22216796875 934.62200927734 934.00036621094 933.33374023438 932.60705566406 931.80963134766 930.92535400391 929.93585205078 928.75421142578 927.34448242188 925.67828369141 923.72650146484 921.46856689453 918.81237792969 915.89050292969 912.71813964844 909.32342529297 905.74957275391 902.115234375 898.58972167969 895.28302001953 892.30029296875 889.79583740234 887.9677734375 886.71990966797 886.04846191406 885.93200683594 886.38989257812 887.32257080078 888.54211425781
944.84112548828 944.33160400391 943.81713867188 943.28839111328 942.74383544922 942.18035888672 941.59649658203 940.99151611328 940.36584472656 939.72076416016 939.06427001953 938.40075683594 937.73834228516 937.08276367188 936.42816162109 935.77874755859 935.13214111328 934.48962402344 933.82751464844 933.13122558594 932.39080810547 931.5908203125 930.71801757812 929.70489501953 928.54821777344 927.21893310547 925.68438720703 923.88836669922 921.72027587891 919.25189208984 916.482421875 913.41766357422 910.04797363281 906.39892578125 902.62823486328 898.830078125 895.10906982422 891.68823242188 888.68994140625 886.18121337891 884.19543457031 882.92321777344 882.30285644531 882.34802246094 882.94934082031 884.0185546875 885.38745117188
944.57403564453 944.08184814453 943.58178710938 943.06646728516 942.53143310547 941.96911621094 941.37780761719 940.75543212891 940.10473632812 939.42761230469 938.73681640625 938.02429199219 937.30010986328 936.57250976562 935.84808349609 935.14392089844 934.42468261719 933.69769287109 932.95623779297 932.19262695312 931.39196777344 930.49383544922 929.50109863281 928.39056396484 927.13586425781 925.68725585938 923.96118164062 921.97515869141 919.70532226562 917.12152099609 914.18341064453 910.88110351562 907.30993652344 903.52142333984 899.60430908203 895.66943359375 891.88287353516 888.37786865234 885.22985839844 882.71759033203 880.7802734375 879.64477539062 879.125 879.29431152344 879.98754882812 881.11596679688 882.63940429688
944.33703613281 943.86572265625 943.38018798828 942.87487792969 942.34490966797 941.78344726562 941.18713378906 940.55194091797 939.88275146484 939.16955566406 938.42297363281 937.64965820312 936.86975097656 936.08514404297 935.27850341797 934.47052001953 933.66192626953 932.86920166016 932.05773925781 931.19622802734 930.28723144531 929.31286621094 928.24853515625 927.04620361328 925.65161132812 924.06292724609 922.24487304688 920.15411376953 917.73358154297 914.95581054688 911.85955810547 908.44567871094 904.75054931641 900.81378173828 896.76940917969 892.744140625 888.88745117188 885.33514404297 882.22320556641 879.77038574219 877.93890380859 876.84332275391 876.39147949219 876.58563232422 877.38562011719 878.71539306641 880.45495605469
944.12866210938 943.67224121094 943.20379638672 942.71331787109 942.19110107422 941.63043212891 941.03198242188 940.38000488281 939.67944335938 938.931640625 938.14617919922 937.32580566406 936.46057128906 935.57403564453 934.68994140625 933.80883789062 932.91809082031 932.00512695312 931.08032226562 930.14501953125 929.16516113281 928.10290527344 926.92535400391 925.62335205078 924.15338134766 922.48693847656 920.55200195312 918.32293701172 915.79412841797 912.92395019531 909.73468017578 906.18646240234 902.36920166016 898.35900878906 894.26000976562 890.18872070312 886.31945800781 882.70391845703 879.71575927734 877.31103515625 875.52624511719 874.48675537109 874.09283447266 874.39117431641 875.30084228516 876.75396728516 878.66748046875
943.94866943359 943.51342773438 943.05639648438 942.57562255859 942.06414794922 941.50799560547 940.90069580078 940.23571777344 939.51751708984 938.74060058594 937.89422607422 936.99865722656 936.07116699219 935.11773681641 934.13470458984 933.12567138672 932.12548828125 931.13024902344 930.12390136719 929.08013916016 927.9873046875 926.83880615234 925.59643554688 924.23156738281 922.67895507812 920.92065429688 918.90594482422 916.61840820312 914.03771972656 911.08514404297 907.81011962891 904.20172119141 900.34692382812 896.30395507812 892.16857910156 888.09454345703 884.19244384766 880.70227050781 877.76165771484 875.39764404297 873.6640625 872.67767333984 872.34948730469 872.71868896484 873.67517089844 875.17407226562 877.28668212891
943.79272460938 943.37133789062 942.93426513672 942.47015380859 941.96069335938 941.40618896484 940.80029296875 940.13079833984 939.38323974609 938.56182861328 937.67645263672 936.73168945312 935.71856689453 934.65307617188 933.57281494141 932.47845458984 931.37573242188 930.25 929.12359619141 927.99206542969 926.82672119141 925.60919189453 924.28863525391 922.84716796875 921.24432373047 919.45111083984 917.43566894531 915.11407470703 912.46478271484 909.49328613281 906.21276855469 902.62817382812 898.76092529297 894.70159912109 890.59295654297 886.54235839844 882.7001953125 879.2880859375 876.31237792969 874.02197265625 872.43548583984 871.51672363281 871.21520996094 871.51409912109 872.47387695312 874.13201904297 876.40423583984
943.66253662109 943.25799560547 942.83123779297 942.37573242188 941.88336181641 941.34039306641 940.72338867188 940.03582763672 939.27392578125 938.43414306641 937.49615478516 936.47155761719 935.38311767578 934.24182128906 933.05950927734 931.83001708984 930.60784912109 929.38507080078 928.16156005859 926.93389892578 925.67425537109 924.38061523438 923.01525878906 921.55126953125 919.95458984375 918.14575195312 916.09582519531 913.79010009766 911.20422363281 908.30493164062 905.02728271484 901.44494628906 897.62774658203 893.63665771484 889.56207275391 885.57019042969 881.77630615234 878.39361572266 875.59252929688 873.37524414062 871.77709960938 870.83020019531 870.62115478516 870.99523925781 871.91949462891 873.46527099609 875.83703613281
943.54968261719 943.16021728516 942.75286865234 942.31048583984 941.81982421875 941.27514648438 940.6669921875 939.98620605469 939.19750976562 938.3095703125 937.32824707031 936.25610351562 935.09820556641 933.84643554688 932.54870605469 931.22149658203 929.87963867188 928.53540039062 927.20629882812 925.88494873047 924.56097412109 923.22003173828 921.83679199219 920.35375976562 918.74682617188 916.98199462891 915.02514648438 912.80432128906 910.24731445312 907.39166259766 904.23577880859 900.78857421875 897.04040527344 893.10455322266 889.1220703125 885.16815185547 881.44915771484 878.19976806641 875.35974121094 873.14624023438 871.72302246094 870.92132568359 870.70001220703 871.00885009766 871.8447265625 873.35363769531 876.08270263672
943.46057128906 943.08428955078 942.68542480469 942.25445556641 941.78173828125 941.25054931641 940.63305664062 939.92974853516 939.13208007812 938.23217773438 937.21643066406 936.06518554688 934.81573486328 933.48138427734 932.07879638672 930.64141845703 929.17553710938 927.71881103516 926.28277587891 924.87451171875 923.49963378906 922.12225341797 920.72467041016 919.27984619141 917.75329589844 916.05084228516 914.15893554688 912.04193115234 909.66784667969 906.98651123047 903.9208984375 900.56408691406 896.96044921875 893.16644287109 889.251953125 885.41082763672 881.78729248047 878.48394775391 875.77380371094 873.65649414062 872.17877197266 871.37463378906 871.33428955078 871.87567138672 872.89099121094 874.53900146484 877.23327636719
