gis/input_ras/wahp/raw_surf_ow/GM_Numerical_ 01 - Basal Clay_younger.grd
DSAA
157 175
2880056.8709409 2983016.8709409
-256145.63012446 -141305.63012446
440.30120849609 793.42999267578
[rows 126 to 146 of 175, columns 48 to 95 of 157]
625.298828125 627.3896484375 630.33435058594 633.82727050781 637.69879150391 641.78479003906 645.87396240234 649.68579101562 653.19573974609 656.32934570312 659.02496337891 661.17431640625 662.77410888672 663.98980712891 664.91064453125 665.65942382812 666.31439208984 666.94744873047 667.54425048828 668.01031494141 668.02526855469 667.42980957031 666.66540527344 665.80749511719 664.90521240234 663.81665039062 662.69757080078 661.39270019531 659.83697509766 658.01232910156 655.87072753906 653.568359375 651.08392333984 648.47338867188 645.82415771484 643.37603759766 641.33911132812 640.18640136719 640.70867919922 642.67456054688 645.50067138672 648.8505859375 652.55682373047 656.54095458984 660.70013427734 664.90173339844 668.98907470703 672.78314208984
626.17639160156 628.31427001953 631.34283447266 635.15899658203 639.45037841797 643.8359375 648.16217041016 652.30340576172 656.14703369141 659.49353027344 662.38305664062 664.79455566406 666.72644042969 668.16217041016 669.20202636719 670.04132080078 670.75415039062 671.39959716797 672.00750732422 672.49755859375 672.17724609375 671.12353515625 669.71166992188 668.19213867188 666.6845703125 665.12506103516 663.48522949219 661.71673583984 659.71752929688 657.57006835938 655.29675292969 652.92620849609 650.48449707031 648.01849365234 645.64697265625 643.52416992188 641.84661865234 641.02276611328 641.61944580078 643.27429199219 645.70562744141 648.70758056641 652.16162109375 655.98736572266 659.96600341797 664.00646972656 668.0126953125 671.81549072266
627.65612792969 629.96929931641 633.49078369141 637.66186523438 642.21380615234 646.91589355469 651.49163818359 655.77911376953 659.73382568359 663.30627441406 666.44421386719 668.93383789062 670.90905761719 672.43609619141 673.57659912109 674.40936279297 674.99157714844 675.45660400391 675.82379150391 675.98022460938 675.59429931641 673.97576904297 672.17218017578 670.27020263672 668.31030273438 666.3193359375 664.24346923828 662.09027099609 659.84930419922 657.52514648438 655.15551757812 652.8125 650.51202392578 648.28143310547 646.16607666016 644.34344482422 643.10675048828 642.60382080078 642.94403076172 644.17901611328 646.38092041016 649.11950683594 652.26635742188 655.73468017578 659.45098876953 663.33056640625 667.18853759766 670.95251464844
630.38067626953 632.88525390625 636.73138427734 641.28399658203 646.17395019531 651.05084228516 655.75573730469 660.17895507812 664.20935058594 667.75347900391 670.82244873047 673.39263916016 675.44671630859 676.94964599609 677.93292236328 678.57678222656 678.93933105469 679.07305908203 679.06640625 678.60748291016 677.59375 676.04345703125 674.06750488281 671.90307617188 669.6044921875 667.25567626953 664.87976074219 662.49871826172 660.07781982422 657.65863037109 655.318359375 653.09368896484 650.97912597656 649.00939941406 647.23352050781 645.71594238281 644.58361816406 644.08221435547 644.47906494141 645.62103271484 647.40844726562 649.74951171875 652.62963867188 655.83911132812 659.29010009766 662.9150390625 666.63647460938 670.35491943359
634.16162109375 637.07299804688 641.53729248047 646.35467529297 651.31610107422 656.25555419922 660.98852539062 665.30877685547 669.23413085938 672.73681640625 675.75445556641 678.22454833984 680.05078125 681.37731933594 682.22918701172 682.66082763672 682.72778320312 682.40875244141 681.79162597656 680.85736083984 679.54656982422 677.69763183594 675.47552490234 673.04730224609 670.49761962891 667.94012451172 665.34716796875 662.77142333984 660.25549316406 657.84112548828 655.56481933594 653.53356933594 651.72869873047 650.08264160156 648.52520751953 647.15789794922 646.24011230469 645.84716796875 646.04846191406 646.96392822266 648.57745361328 650.72137451172 653.26104736328 656.14178466797 659.36791992188 662.81994628906 666.35302734375 669.91851806641
641.43756103516 643.9453125 648.10003662109 652.83453369141 657.693359375 662.45172119141 667.01361083984 671.23352050781 675.02545166016 678.33489990234 681.02716064453 683.1826171875 684.80645751953 685.92297363281 686.48675537109 686.52459716797 686.14929199219 685.43927001953 684.43359375 682.98553466797 681.12371826172 678.94274902344 676.50128173828 673.86566162109 671.07342529297 668.26116943359 665.49615478516 662.84405517578 660.28405761719 657.93548583984 655.85675048828 654.0703125 652.52563476562 651.15679931641 649.91497802734 648.71246337891 647.80871582031 647.41912841797 647.61822509766 648.45440673828 649.81304931641 651.69567871094 654.05236816406 656.75140380859 659.72210693359 662.90209960938 666.26477050781 669.71343994141
650.47619628906 652.86395263672 656.43395996094 660.57513427734 665.02142333984 669.57489013672 673.93585205078 677.89898681641 681.3427734375 684.27984619141 686.67315673828 688.51910400391 689.71246337891 690.32995605469 690.49505615234 690.21978759766 689.51831054688 688.29547119141 686.66351318359 684.73327636719 682.52203369141 680.01599121094 677.17730712891 674.20629882812 671.22021484375 668.27008056641 665.38812255859 662.64727783203 660.12109375 657.87976074219 655.94116210938 654.35247802734 653.2041015625 652.38671875 651.19537353516 650.037109375 649.20446777344 648.89208984375 649.06964111328 649.83819580078 651.10754394531 652.84521484375 654.96771240234 657.43316650391 660.23577880859 663.24847412109 666.39489746094 669.62176513672
660.41204833984 662.52044677734 665.60754394531 669.32580566406 673.36059570312 677.44580078125 681.34094238281 684.93792724609 688.07806396484 690.70043945312 692.57684326172 693.79718017578 694.51531982422 694.74670410156 694.52191162109 693.70196533203 692.43377685547 690.77697753906 688.75360107422 686.39184570312 683.58587646484 680.59051513672 677.47912597656 674.27807617188 671.0537109375 667.89361572266 664.92602539062 662.18395996094 659.68774414062 657.52453613281 655.79992675781 654.47454833984 653.50634765625 652.81494140625 651.93359375 651.01324462891 650.37646484375 650.16680908203 650.41033935547 651.16369628906 652.35858154297 654.01684570312 656.02227783203 658.33142089844 660.89239501953 663.65948486328 666.63995361328 669.71606445312
670.88806152344 672.84783935547 675.46282958984 678.544921875 682.02478027344 685.62945556641 689.11584472656 692.33868408203 695.00903320312 697.02679443359 698.40051269531 699.17602539062 699.41052246094 698.96923828125 698.13647460938 696.8876953125 695.2158203125 693.09637451172 690.43811035156 687.51788330078 684.34899902344 680.98712158203 677.47290039062 673.9169921875 670.50390625 667.23742675781 664.17010498047 661.38348388672 658.98791503906 656.99359130859 655.38677978516 654.16595458984 653.34204101562 652.74200439453 652.14093017578 651.55798339844 651.18414306641 651.20825195312 651.63287353516 652.45776367188 653.65832519531 655.20751953125 657.08410644531 659.27429199219 661.69451904297 664.30145263672 667.05987548828 669.9052734375
681.43151855469 683.17791748047 685.43218994141 688.05102539062 690.92791748047 693.93127441406 696.81982421875 699.52453613281 701.77770996094 703.41033935547 704.24591064453 704.27239990234 703.84393310547 702.96948242188 701.66693115234 699.89392089844 697.60833740234 694.91772460938 691.85565185547 688.47351074219 684.78137207031 680.95953369141 677.11572265625 673.32373046875 669.65716552734 666.21331787109 663.13940429688 660.40472412109 658.04547119141 656.09259033203 654.65509033203 653.65374755859 652.94891357422 652.45568847656 652.08740234375 651.89086914062 651.87725830078 652.13116455078 652.68988037109 653.57873535156 654.86956787109 656.44830322266 658.27502441406 660.32586669922 662.57702636719 665.02844238281 667.62438964844 670.31982421875
691.98181152344 693.49536132812 695.26861572266 697.32836914062 699.59844970703 701.94006347656 704.27044677734 706.49584960938 708.47076416016 709.40441894531 709.51202392578 709.02471923828 708.10906982422 706.71923828125 704.80749511719 702.47625732422 699.72882080078 696.57110595703 692.96673583984 689.02697753906 684.90570068359 680.68951416016 676.46728515625 672.40045166016 668.57562255859 665.04168701172 661.84533691406 659.02960205078 656.79699707031 655.04888916016 653.75122070312 652.86370849609 652.32427978516 652.09954833984 652.029296875 652.11370849609 652.36749267578 652.83709716797 653.6494140625 654.74163818359 656.09088134766 657.66748046875 659.46508789062 661.47418212891 663.63781738281 665.93823242188 668.35638427734 670.89166259766
702.21240234375 703.4951171875 704.84008789062 706.30249023438 707.88330078125 709.56817626953 711.33551025391 712.87854003906 714.14050292969 714.77545166016 714.29925537109 713.328125 711.87322998047 709.98199462891 707.64447021484 704.87780761719 701.58721923828 697.82641601562 693.71337890625 689.32092285156 684.78759765625 680.16491699219 675.63549804688 671.30462646484 667.23785400391 663.55584716797 660.33325195312 657.58935546875 655.35791015625 653.6591796875 652.52685546875 651.94110107422 651.69287109375 651.70629882812 651.91473388672 652.25598144531 652.82720947266 653.58209228516 654.54333496094 655.78100585938 657.28790283203 658.97894287109 660.79357910156 662.73046875 664.80334472656 667.01928710938 669.32427978516 671.69769287109
712.19787597656 713.1435546875 713.98809814453 714.94396972656 715.94079589844 716.89422607422 717.81079101562 718.60113525391 719.25964355469 719.15142822266 718.36572265625 717.05676269531 715.27758789062 713.04571533203 710.19610595703 706.84552001953 703.05340576172 698.85809326172 694.33880615234 689.43603515625 684.4306640625 679.44268798828 674.62518310547 670.09710693359 665.88989257812 662.06750488281 658.69683837891 655.90032958984 653.72991943359 652.24542236328 651.34826660156 650.96307373047 650.96160888672 651.27038574219 651.82470703125 652.52288818359 653.35662841797 654.30291748047 655.45239257812 656.94415283203 658.62036132812 660.37634277344 662.20880126953 664.14385986328 666.17218017578 668.28582763672 670.47790527344 672.75354003906
721.71557617188 722.43548583984 722.87243652344 723.14544677734 723.38171386719 723.72943115234 724.08905029297 724.15582275391 723.89331054688 723.26391601562 722.17449951172 720.58392333984 718.34649658203 715.59265136719 712.33325195312 708.60913085938 704.42352294922 699.66497802734 694.58795166016 689.30346679688 683.99481201172 678.72259521484 673.642578125 668.87036132812 664.47082519531 660.54376220703 657.12670898438 654.33117675781 652.16552734375 650.74853515625 650.03283691406 649.96166992188 650.35540771484 651.01916503906 651.84509277344 652.79052734375 653.93182373047 655.22796630859 656.67144775391 658.28656005859 660.06860351562 661.92822265625 663.80096435547 665.71112060547 667.70831298828 669.78466796875 671.91357421875 674.05584716797
730.65228271484 730.97869873047 730.92181396484 730.75921630859 730.53790283203 730.16741943359 729.72369384766 729.20599365234 728.47198486328 727.38146972656 725.71691894531 723.61309814453 721.03375244141 717.94763183594 714.31207275391 710.04321289062 705.31958007812 700.22082519531 694.81951904297 689.18450927734 683.47540283203 677.90014648438 672.67053222656 667.76550292969 663.24340820312 659.20843505859 655.71801757812 652.89190673828 650.70532226562 649.31121826172 648.92517089844 649.21557617188 649.87799072266 650.80102539062 651.97845458984 653.30493164062 654.72857666016 656.25091552734 657.91320800781 659.78295898438 661.73229980469 663.66424560547 665.56561279297 667.48181152344 669.47961425781 671.52899169922 673.60852050781 675.68408203125
738.62841796875 738.71209716797 738.26226806641 737.49383544922 736.69201660156 735.90423583984 735.046875 734.02899169922 732.64453125 730.96923828125 728.94128417969 726.48284912109 723.49438476562 719.88641357422 715.78106689453 711.19580078125 706.16204833984 700.66363525391 694.82891845703 688.89776611328 683.00329589844 677.2607421875 671.82415771484 666.78765869141 662.2421875 658.18865966797 654.67321777344 651.82940673828 649.58874511719 648.26611328125 648.03570556641 648.66247558594 649.70086669922 650.96771240234 652.37890625 653.92340087891 655.59661865234 657.44915771484 659.3916015625 661.40338134766 663.48376464844 665.57843017578 667.52679443359 669.4951171875 671.51989746094 673.58532714844 675.65612792969 677.64202880859
745.83288574219 745.12298583984 744.22338867188 743.19018554688 742.09155273438 740.90899658203 739.5625 738.08978271484 736.35614013672 734.306640625 731.81750488281 728.83288574219 725.40014648438 721.48345947266 717.08020019531 712.10699462891 706.65124511719 700.85943603516 694.83215332031 688.68121337891 682.54553222656 676.68218994141 671.21124267578 666.14526367188 661.51489257812 657.49169921875 654.13128662109 651.40289306641 649.30792236328 647.98315429688 647.95574951172 648.79174804688 649.95263671875 651.37359619141 653.01123046875 654.85931396484 656.79455566406 658.83074951172 660.95867919922 663.1728515625 665.41625976562 667.60168457031 669.69073486328 671.77453613281 673.90344238281 676.02325439453 678.06451416016 679.98309326172
750.34606933594 749.87451171875 748.85632324219 747.65881347656 746.32562255859 744.88580322266 743.30352783203 741.53198242188 739.41192626953 736.90728759766 734.02105712891 730.72509765625 726.99328613281 722.69104003906 717.8828125 712.63421630859 706.98767089844 701.00231933594 694.73626708984 688.44268798828 682.26239013672 676.32049560547 670.73828125 665.73907470703 661.27160644531 657.35906982422 654.04919433594 651.41540527344 649.67889404297 648.77972412109 648.73309326172 649.40222167969 650.61499023438 652.23962402344 654.07647705078 656.08013916016 658.21923828125 660.50158691406 1.70141E+38 1.70141E+38 667.59985351562 669.93286132812 672.23583984375 674.48553466797 676.71423339844 678.88592529297 680.95104980469 682.76678466797
1.70141E+38 1.70141E+38 751.92449951172 750.79431152344 749.43524169922 747.88098144531 746.07556152344 743.98596191406 741.57763671875 738.81518554688 735.67474365234 732.00988769531 727.89965820312 723.35437011719 718.37536621094 712.96838378906 707.07348632812 700.92419433594 694.62200927734 688.27740478516 682.02984619141 676.146484375 670.69818115234 665.73864746094 661.30859375 657.50805664062 654.49658203125 652.17584228516 650.57971191406 649.73394775391 649.77777099609 650.57452392578 651.86022949219 653.53179931641 655.49627685547 657.70294189453 660.07202148438 662.55389404297 665.11108398438 1.70141E+38 670.265625 672.78784179688 675.267578125 677.69927978516 680.07293701172 682.27905273438 684.25268554688 685.93505859375
1.70141E+38 1.70141E+38 1.70141E+38 1.70141E+38 1.70141E+38 749.61755371094 747.69256591797 745.46673583984 742.88848876953 739.82244873047 736.37060546875 732.52569580078 728.28002929688 723.57153320312 718.36700439453 712.79827880859 706.91455078125 700.77722167969 694.45397949219 688.17004394531 682.05651855469 676.2275390625 670.79803466797 665.99395751953 661.83306884766 658.27752685547 655.36041259766 653.13873291016 651.79864501953 651.24749755859 651.38043212891 652.14251708984 653.47448730469 655.31378173828 657.46398925781 659.84124755859 662.40216064453 665.09436035156 667.90850830078 670.73901367188 673.54827880859 676.31213378906 678.97912597656 681.57250976562 684.01165771484 686.2294921875 688.15637207031 689.68072509766
1.70141E+38 1.70141E+38 1.70141E+38 1.70141E+38 1.70141E+38 1.70141E+38 748.26629638672 745.8544921875 743.06518554688 739.89874267578 736.33514404297 732.34051513672 727.90130615234 723.08990478516 717.92059326172 712.3662109375 706.48602294922 700.419921875 694.2744140625 688.14514160156 682.14038085938 676.49749755859 671.34075927734 666.70092773438 662.63909912109 659.24291992188 656.61596679688 654.71356201172 653.50213623047 652.99163818359 653.22979736328 654.19219970703 655.67797851562 657.59820556641 659.87908935547 662.41857910156 665.25250244141 668.2373046875 671.31555175781 674.3994140625 677.43078613281 680.43695068359 683.33117675781 686.06573486328 688.56146240234 690.73712158203 692.44415283203 693.69580078125
