gis/input_ras/wahp/raw_surf_ow/GM_Numerical_ 06 - Middle Sand_younger.grd
DSAA
157 175
2880056.8709409 2983016.8709409
-256145.63012446 -141305.63012446
765.02276611328 923.23010253906
[rows 0 to 21 of 175, columns 100 to 149 of 157]
843.59185791016 842.65924072266 843.25140380859 845.30224609375 849.09521484375 854.4248046875 860.97412109375 868.3671875 876.15600585938 883.90197753906 891.38726806641 898.28082275391 904.56176757812 910.09484863281 914.63885498047 918.169921875 920.61706542969 922.20135498047 922.90124511719 922.61383056641 921.01684570312 917.54302978516 912.56268310547 906.30303955078 900.13104248047 1.70141E+38 1.70141E+38 1.70141E+38 1.70141E+38 1.70141E+38 1.70141E+38 1.70141E+38 1.70141E+38 1.70141E+38 1.70141E+38 1.70141E+38 1.70141E+38 1.70141E+38 1.70141E+38 1.70141E+38 1.70141E+38 908.08911132812 906.75671386719 904.87072753906 902.69372558594 900.37384033203 898.04974365234 895.80279541016 893.64947509766 891.61218261719
844.99841308594 843.46862792969 1.70141E+38 844.76550292969 848.61151123047 854.07165527344 860.89141845703 868.29071044922 875.82037353516 883.22882080078 890.13732910156 896.58642578125 902.46636962891 907.53063964844 911.58453369141 914.71160888672 916.85650634766 918.11657714844 918.33746337891 917.40258789062 915.34515380859 911.84710693359 906.99420166016 901.27886962891 896.03619384766 1.70141E+38 1.70141E+38 1.70141E+38 1.70141E+38 1.70141E+38 1.70141E+38 1.70141E+38 1.70141E+38 1.70141E+38 1.70141E+38 1.70141E+38 1.70141E+38 1.70141E+38 1.70141E+38 1.70141E+38 1.70141E+38 904.86389160156 903.52612304688 901.70684814453 899.61853027344 897.36480712891 895.11596679688 892.99383544922 891.08020019531 889.33447265625
846.27294921875 1.70141E+38 1.70141E+38 1.70141E+38 848.14056396484 854.265625 861.29406738281 868.70104980469 876.13269042969 883.02008056641 889.37786865234 895.11956787109 900.22686767578 904.75598144531 908.47253417969 911.29156494141 913.04187011719 913.80786132812 913.60357666016 912.38946533203 910.09851074219 906.58721923828 902.25939941406 897.27947998047 892.51580810547 1.70141E+38 1.70141E+38 1.70141E+38 1.70141E+38 1.70141E+38 1.70141E+38 1.70141E+38 1.70141E+38 1.70141E+38 1.70141E+38 1.70141E+38 1.70141E+38 1.70141E+38 1.70141E+38 1.70141E+38 1.70141E+38 900.78094482422 899.83251953125 898.24450683594 896.34136962891 894.27239990234 892.21295166016 890.29174804688 888.56945800781 887.03894042969
848.28173828125 1.70141E+38 1.70141E+38 1.70141E+38 1.70141E+38 855.08001708984 862.20825195312 869.64270019531 876.68829345703 883.07165527344 888.51428222656 893.50213623047 898.04669189453 902.08666992188 905.31140136719 907.65277099609 909.05523681641 909.56280517578 909.16662597656 907.64831542969 905.14251708984 901.75256347656 897.69262695312 893.26739501953 1.70141E+38 1.70141E+38 1.70141E+38 1.70141E+38 1.70141E+38 1.70141E+38 1.70141E+38 1.70141E+38 1.70141E+38 1.70141E+38 1.70141E+38 1.70141E+38 1.70141E+38 1.70141E+38 1.70141E+38 1.70141E+38 1.70141E+38 896.37048339844 895.87622070312 894.74273681641 893.11541748047 891.23126220703 889.33831787109 887.56976318359 886.13244628906 885.01123046875
850.42840576172 1.70141E+38 1.70141E+38 1.70141E+38 1.70141E+38 856.62939453125 863.58435058594 870.79187011719 877.74060058594 883.35681152344 887.80798339844 891.90734863281 895.64532470703 899.06768798828 901.90087890625 904.0107421875 905.28338623047 905.44927978516 904.66290283203 903.00848388672 900.53051757812 897.30218505859 893.48223876953 889.43463134766 1.70141E+38 1.70141E+38 1.70141E+38 1.70141E+38 1.70141E+38 1.70141E+38 1.70141E+38 1.70141E+38 1.70141E+38 1.70141E+38 1.70141E+38 1.70141E+38 1.70141E+38 1.70141E+38 1.70141E+38 1.70141E+38 1.70141E+38 892.42132568359 892.15435791016 891.30456542969 889.99957275391 888.3740234375 886.6435546875 885.08441162109 883.87219238281 883.03021240234
853.97088623047 1.70141E+38 1.70141E+38 1.70141E+38 853.25903320312 858.55578613281 864.81976318359 871.68737792969 878.36376953125 883.16174316406 886.44647216797 889.74365234375 892.95501708984 895.9541015625 898.52984619141 900.25750732422 901.18341064453 901.27941894531 900.51623535156 898.74957275391 896.09478759766 892.90789794922 889.34130859375 885.55615234375 1.70141E+38 1.70141E+38 1.70141E+38 1.70141E+38 1.70141E+38 1.70141E+38 1.70141E+38 1.70141E+38 1.70141E+38 1.70141E+38 1.70141E+38 1.70141E+38 1.70141E+38 1.70141E+38 1.70141E+38 1.70141E+38 1.70141E+38 888.75256347656 888.88836669922 888.44274902344 887.33776855469 885.90045166016 884.30126953125 882.72442626953 881.61956787109 881.23309326172
859.37091064453 853.31860351562 1.70141E+38 1.70141E+38 855.59930419922 860.25238037109 865.60601806641 871.27862548828 876.69866943359 880.97473144531 884.01556396484 886.94586181641 889.84436035156 892.48742675781 894.72448730469 896.37670898438 897.26892089844 897.19366455078 896.16149902344 894.30487060547 891.76525878906 888.72369384766 885.26275634766 881.68933105469 1.70141E+38 1.70141E+38 1.70141E+38 1.70141E+38 1.70141E+38 1.70141E+38 1.70141E+38 1.70141E+38 1.70141E+38 1.70141E+38 1.70141E+38 1.70141E+38 1.70141E+38 1.70141E+38 1.70141E+38 1.70141E+38 1.70141E+38 885.95458984375 886.27874755859 886.08093261719 885.37915039062 884.21276855469 882.65521240234 880.88287353516 879.88146972656 880.19012451172
866.06372070312 859.73553466797 856.53149414062 1.70141E+38 858.37365722656 861.49462890625 865.49993896484 870.20452880859 874.32977294922 877.78796386719 880.77978515625 883.56164550781 886.15588378906 888.62841796875 890.82110595703 892.34594726562 892.9130859375 892.64025878906 891.6572265625 889.80163574219 887.29901123047 884.38897705078 881.22863769531 877.89422607422 1.70141E+38 1.70141E+38 1.70141E+38 1.70141E+38 1.70141E+38 1.70141E+38 1.70141E+38 1.70141E+38 1.70141E+38 1.70141E+38 1.70141E+38 1.70141E+38 1.70141E+38 1.70141E+38 1.70141E+38 1.70141E+38 1.70141E+38 883.68304443359 884.44244384766 884.60034179688 884.17431640625 883.2685546875 881.99914550781 880.20001220703 879.53131103516 879.94567871094
870.30200195312 864.57794189453 860.96673583984 1.70141E+38 1.70141E+38 862.39184570312 865.26495361328 868.39404296875 871.52020263672 874.49176025391 877.13586425781 879.58221435547 881.97692871094 884.34527587891 886.3291015625 887.82055664062 888.33245849609 887.90228271484 886.77008056641 885.04705810547 882.84606933594 880.20709228516 877.35125732422 874.40228271484 1.70141E+38 1.70141E+38 1.70141E+38 1.70141E+38 1.70141E+38 1.70141E+38 1.70141E+38 1.70141E+38 1.70141E+38 1.70141E+38 1.70141E+38 1.70141E+38 1.70141E+38 1.70141E+38 1.70141E+38 1.70141E+38 1.70141E+38 1.70141E+38 883.03588867188 883.63745117188 883.78479003906 883.36431884766 882.49169921875 881.50634765625 880.86895751953 881.09692382812
871.04449462891 866.24658203125 1.70141E+38 1.70141E+38 1.70141E+38 1.70141E+38 864.15899658203 866.50036621094 868.80975341797 870.92663574219 873.02520751953 875.189453125 877.35614013672 879.44763183594 881.29089355469 882.67535400391 883.20086669922 882.81561279297 881.81109619141 880.32580566406 878.37677001953 876.09045410156 873.58874511719 1.70141E+38 1.70141E+38 1.70141E+38 1.70141E+38 1.70141E+38 1.70141E+38 1.70141E+38 1.70141E+38 1.70141E+38 1.70141E+38 1.70141E+38 1.70141E+38 1.70141E+38 1.70141E+38 1.70141E+38 1.70141E+38 1.70141E+38 1.70141E+38 1.70141E+38 882.11236572266 883.18579101562 883.74609375 883.9189453125 883.81640625 883.49041748047 883.10668945312 882.71264648438
1.70141E+38 1.70141E+38 1.70141E+38 1.70141E+38 1.70141E+38 1.70141E+38 1.70141E+38 1.70141E+38 865.63800048828 867.25274658203 868.89154052734 870.54235839844 872.30297851562 874.14538574219 875.79809570312 877.03100585938 877.53521728516 877.42730712891 876.69396972656 875.47668457031 873.90637207031 872.16833496094 870.34338378906 1.70141E+38 1.70141E+38 1.70141E+38 1.70141E+38 1.70141E+38 1.70141E+38 1.70141E+38 1.70141E+38 1.70141E+38 1.70141E+38 1.70141E+38 1.70141E+38 1.70141E+38 1.70141E+38 1.70141E+38 1.70141E+38 1.70141E+38 1.70141E+38 1.70141E+38 1.70141E+38 882.97967529297 884.19689941406 884.80407714844 885.09246826172 885.18731689453 884.81915283203 883.93371582031
1.70141E+38 1.70141E+38 1.70141E+38 1.70141E+38 1.70141E+38 1.70141E+38 1.70141E+38 1.70141E+38 1.70141E+38 1.70141E+38 864.40393066406 865.64331054688 867.10809326172 868.72357177734 870.20721435547 871.32586669922 871.90991210938 871.96899414062 871.55474853516 870.82342529297 869.78698730469 868.54278564453 867.22137451172 1.70141E+38 1.70141E+38 1.70141E+38 1.70141E+38 1.70141E+38 1.70141E+38 1.70141E+38 1.70141E+38 1.70141E+38 1.70141E+38 1.70141E+38 1.70141E+38 1.70141E+38 1.70141E+38 875.72351074219 875.10522460938 1.70141E+38 1.70141E+38 1.70141E+38 1.70141E+38 1.70141E+38 884.32995605469 885.43420410156 886.27734375 886.49597167969 885.98620605469 884.80725097656
1.70141E+38 1.70141E+38 1.70141E+38 1.70141E+38 1.70141E+38 1.70141E+38 1.70141E+38 1.70141E+38 1.70141E+38 1.70141E+38 1.70141E+38 1.70141E+38 1.70141E+38 863.25628662109 864.62060546875 865.70416259766 866.40930175781 866.68872070312 866.58203125 866.23675537109 865.72802734375 865.16558837891 864.63226318359 1.70141E+38 1.70141E+38 1.70141E+38 1.70141E+38 1.70141E+38 1.70141E+38 1.70141E+38 1.70141E+38 1.70141E+38 1.70141E+38 1.70141E+38 1.70141E+38 1.70141E+38 878.15063476562 877.66101074219 875.39434814453 1.70141E+38 1.70141E+38 1.70141E+38 1.70141E+38 1.70141E+38 884.11553955078 885.43005371094 886.56408691406 887.31457519531 886.74993896484 884.57318115234
1.70141E+38 1.70141E+38 1.70141E+38 1.70141E+38 1.70141E+38 1.70141E+38 1.70141E+38 1.70141E+38 1.70141E+38 1.70141E+38 1.70141E+38 1.70141E+38 1.70141E+38 1.70141E+38 1.70141E+38 860.30651855469 861.01715087891 861.49133300781 861.76483154297 861.91058349609 861.99035644531 862.08099365234 862.21081542969 1.70141E+38 1.70141E+38 1.70141E+38 1.70141E+38 1.70141E+38 1.70141E+38 1.70141E+38 1.70141E+38 1.70141E+38 1.70141E+38 1.70141E+38 1.70141E+38 879.34545898438 882.77899169922 882.52917480469 877.47833251953 872.32879638672 1.70141E+38 1.70141E+38 1.70141E+38 1.70141E+38 882.85797119141 884.18627929688 885.53430175781 886.66143798828 885.68695068359 882.97119140625
1.70141E+38 1.70141E+38 1.70141E+38 1.70141E+38 1.70141E+38 1.70141E+38 1.70141E+38 1.70141E+38 1.70141E+38 1.70141E+38 1.70141E+38 1.70141E+38 1.70141E+38 1.70141E+38 1.70141E+38 1.70141E+38 1.70141E+38 856.55297851562 857.13031005859 857.73315429688 858.39788818359 859.14172363281 859.98284912109 1.70141E+38 1.70141E+38 1.70141E+38 1.70141E+38 1.70141E+38 1.70141E+38 1.70141E+38 1.70141E+38 1.70141E+38 1.70141E+38 872.52606201172 878.31695556641 884.060546875 887.58764648438 887.65802001953 881.93646240234 875.18505859375 1.70141E+38 1.70141E+38 1.70141E+38 1.70141E+38 880.14117431641 881.39923095703 882.20373535156 882.69165039062 881.85186767578 879.32220458984
1.70141E+38 1.70141E+38 1.70141E+38 1.70141E+38 1.70141E+38 1.70141E+38 1.70141E+38 1.70141E+38 1.70141E+38 1.70141E+38 1.70141E+38 1.70141E+38 1.70141E+38 1.70141E+38 1.70141E+38 1.70141E+38 1.70141E+38 1.70141E+38 852.64782714844 853.59722900391 854.7900390625 856.21813964844 857.84460449219 1.70141E+38 1.70141E+38 1.70141E+38 1.70141E+38 1.70141E+38 1.70141E+38 1.70141E+38 868.38153076172 870.76043701172 874.31671142578 878.341796875 883.34753417969 887.7373046875 891.55590820312 890.34552001953 883.95129394531 875.59906005859 871.87646484375 1.70141E+38 1.70141E+38 1.70141E+38 1.70141E+38 877.30523681641 877.64434814453 877.39434814453 876.44116210938 874.26965332031
1.70141E+38 1.70141E+38 1.70141E+38 1.70141E+38 1.70141E+38 1.70141E+38 1.70141E+38 1.70141E+38 1.70141E+38 1.70141E+38 1.70141E+38 1.70141E+38 1.70141E+38 1.70141E+38 1.70141E+38 1.70141E+38 1.70141E+38 1.70141E+38 848.10418701172 849.49749755859 851.21295166016 853.1669921875 855.34722900391 1.70141E+38 1.70141E+38 1.70141E+38 1.70141E+38 1.70141E+38 870.95196533203 873.07934570312 875.15325927734 877.7548828125 881.14373779297 884.68005371094 887.75036621094 889.81964111328 890.06915283203 887.91705322266 881.34674072266 873.67181396484 868.76916503906 868.64886474609 1.70141E+38 1.70141E+38 1.70141E+38 872.71319580078 872.80010986328 872.16760253906 870.85070800781 868.82556152344
1.70141E+38 1.70141E+38 1.70141E+38 1.70141E+38 1.70141E+38 1.70141E+38 1.70141E+38 1.70141E+38 1.70141E+38 1.70141E+38 1.70141E+38 1.70141E+38 1.70141E+38 1.70141E+38 1.70141E+38 1.70141E+38 1.70141E+38 1.70141E+38 843.50256347656 845.142578125 847.20025634766 849.79144287109 852.74169921875 855.9423828125 1.70141E+38 1.70141E+38 1.70141E+38 870.66448974609 874.25030517578 877.50915527344 880.79571533203 884.02770996094 886.64575195312 888.71624755859 889.25823974609 889.13787841797 887.59222412109 883.34399414062 877.15960693359 870.33673095703 866.68170166016 865.36016845703 1.70141E+38 1.70141E+38 1.70141E+38 1.70141E+38 867.568359375 866.82977294922 865.41278076172 863.28662109375
1.70141E+38 1.70141E+38 1.70141E+38 1.70141E+38 1.70141E+38 1.70141E+38 1.70141E+38 1.70141E+38 1.70141E+38 1.70141E+38 1.70141E+38 1.70141E+38 1.70141E+38 1.70141E+38 1.70141E+38 1.70141E+38 1.70141E+38 1.70141E+38 1.70141E+38 840.54217529297 843.02471923828 845.98229980469 849.32751464844 853.09240722656 857.24938964844 861.64819335938 866.19323730469 870.86279296875 875.72528076172 880.24298095703 884.099609375 887.37854003906 888.45379638672 889.08056640625 888.20458984375 886.27947998047 882.79754638672 877.49584960938 871.91467285156 866.83306884766 863.15570068359 861.55480957031 1.70141E+38 1.70141E+38 1.70141E+38 1.70141E+38 1.70141E+38 1.70141E+38 860.03515625 857.78503417969
1.70141E+38 1.70141E+38 1.70141E+38 1.70141E+38 1.70141E+38 1.70141E+38 1.70141E+38 1.70141E+38 1.70141E+38 1.70141E+38 1.70141E+38 1.70141E+38 1.70141E+38 1.70141E+38 1.70141E+38 1.70141E+38 1.70141E+38 1.70141E+38 1.70141E+38 1.70141E+38 838.25744628906 841.54107666016 845.34820556641 849.5107421875 853.984375 858.75103759766 863.91046142578 869.29656982422 874.85473632812 879.57098388672 883.40234375 885.90869140625 886.29864501953 885.04412841797 882.66247558594 879.26239013672 875.13031005859 870.27124023438 865.38055419922 861.02227783203 857.91143798828 856.37725830078 1.70141E+38 1.70141E+38 1.70141E+38 1.70141E+38 1.70141E+38 1.70141E+38 1.70141E+38 1.70141E+38
1.70141E+38 1.70141E+38 1.70141E+38 1.70141E+38 1.70141E+38 1.70141E+38 1.70141E+38 1.70141E+38 1.70141E+38 1.70141E+38 1.70141E+38 1.70141E+38 1.70141E+38 1.70141E+38 1.70141E+38 1.70141E+38 1.70141E+38 1.70141E+38 1.70141E+38 1.70141E+38 1.70141E+38 836.60046386719 840.509765625 844.79974365234 849.45709228516 854.40002441406 859.56756591797 864.87933349609 870.28387451172 874.72894287109 877.54174804688 879.04217529297 878.65777587891 876.66949462891 873.75512695312 870.00305175781 865.81762695312 861.34338378906 857.03643798828 853.58471679688 851.22064208984 1.70141E+38 1.70141E+38 1.70141E+38 1.70141E+38 1.70141E+38 1.70141E+38 1.70141E+38 1.70141E+38 1.70141E+38
1.70141E+38 1.70141E+38 1.70141E+38 1.70141E+38 1.70141E+38 1.70141E+38 1.70141E+38 1.70141E+38 1.70141E+38 1.70141E+38 1.70141E+38 1.70141E+38 1.70141E+38 1.70141E+38 1.70141E+38 1.70141E+38 1.70141E+38 1.70141E+38 1.70141E+38 1.70141E+38 1.70141E+38 830.96997070312 834.8984375 839.16082763672 843.66882324219 848.36358642578 853.17224121094 857.93572998047 862.31811523438 865.85876464844 868.189453125 869.01513671875 868.06488037109 865.95819091797 862.95037841797 859.27233886719 855.15484619141 851.05059814453 847.40832519531 844.53356933594 842.67315673828 1.70141E+38 1.70141E+38 1.70141E+38 1.70141E+38 1.70141E+38 1.70141E+38 1.70141E+38 1.70141E+38 1.70141E+38
