gis/input_ras/wahp/raw_surf_ow/GM_Numerical_ 07 - Upper Mid Clay_younger.grd
DSAA
157 175
2880056.8709409 2983016.8709409
-256145.63012446 -141305.63012446
818.8798828125 961.2265625
[rows 42 to 62 of 175, columns 0 to 46 of 157]
955.38073730469 952.94976806641 950.58801269531 948.31396484375 946.16986083984 944.16619873047 942.26397705078 940.42224121094 938.66497802734 937.02661132812 935.48254394531 933.99652099609 932.53576660156 931.1328125 929.82220458984 928.57080078125 927.36193847656 926.19775390625 925.10009765625 924.09747314453 923.16363525391 922.30480957031 921.53533935547 920.85729980469 920.2841796875 919.79986572266 919.41619873047 919.12872314453 918.92596435547 918.80364990234 918.74523925781 918.74920654297 918.79516601562 918.86767578125 918.95324707031 919.0419921875 919.12127685547 919.17645263672 919.19128417969 919.15179443359 919.04986572266 918.85723876953 918.578125 918.19586181641 917.70703125 917.10827636719 916.38232421875
957.23748779297 954.62573242188 952.11749267578 949.69384765625 947.35876464844 945.08618164062 942.92883300781 940.90826416016 938.97448730469 937.11315917969 935.30212402344 933.5947265625 931.98486328125 930.43933105469 928.94927978516 927.51892089844 926.19018554688 924.94812011719 923.78094482422 922.69586181641 921.70568847656 920.82818603516 920.04815673828 919.36322021484 918.78887939453 918.31878662109 917.95526123047 917.68072509766 917.48937988281 917.38696289062 917.35083007812 917.37072753906 917.42834472656 917.5126953125 917.61444091797 917.71362304688 917.79614257812 917.85314941406 917.87188720703 917.82983398438 917.71691894531 917.51873779297 917.23413085938 916.85137939453 916.35687255859 915.74865722656 915.02581787109
958.71704101562 955.99035644531 953.29443359375 950.63226318359 948.10168457031 945.65899658203 943.30633544922 941.03192138672 938.84020996094 936.78735351562 934.81848144531 932.93151855469 931.11376953125 929.39013671875 927.78228759766 926.25872802734 924.82183837891 923.47692871094 922.25036621094 921.13793945312 920.12634277344 919.21771240234 918.42974853516 917.76318359375 917.20391845703 916.74389648438 916.38000488281 916.12457275391 915.95959472656 915.86798095703 915.83868408203 915.86322021484 915.93389892578 916.03057861328 916.13635253906 916.240234375 916.33062744141 916.38885498047 916.3984375 916.35278320312 916.24163818359 916.04888916016 915.75811767578 915.36236572266 914.86840820312 914.27349853516 913.57055664062
959.83477783203 956.94921875 954.09460449219 951.28533935547 948.53784179688 945.84942626953 943.29089355469 940.83081054688 938.46557617188 936.19555664062 934.01110839844 931.96929931641 930.02459716797 928.17834472656 926.43212890625 924.79809570312 923.30297851562 921.91754150391 920.64367675781 919.48309326172 918.46343994141 917.57238769531 916.79254150391 916.12170410156 915.55908203125 915.12322998047 914.78692626953 914.53717041016 914.36743164062 914.27331542969 914.25445556641 914.28527832031 914.35223388672 914.44482421875 914.55187988281 914.65600585938 914.74182128906 914.79821777344 914.81457519531 914.77319335938 914.64886474609 914.44635009766 914.15924072266 913.78204345703 913.29760742188 912.69989013672 912.01446533203
960.60815429688 957.59710693359 954.572265625 951.57818603516 948.64709472656 945.79071044922 943.02044677734 940.34503173828 937.80169677734 935.37243652344 933.05285644531 930.84503173828 928.75073242188 926.81201171875 924.99536132812 923.30090332031 921.73028564453 920.28894042969 919.01379394531 917.86358642578 916.83642578125 915.92974853516 915.14984130859 914.50994873047 913.97332763672 913.53479003906 913.18853759766 912.93896484375 912.78002929688 912.68627929688 912.64978027344 912.66253662109 912.72052001953 912.80523681641 912.90020751953 912.99499511719 913.07879638672 913.13024902344 913.134765625 913.08477783203 912.97100830078 912.78479003906 912.49169921875 912.10614013672 911.63262939453 911.07379150391 910.43377685547
961.0634765625 957.91467285156 954.73931884766 951.57800292969 948.45788574219 945.43029785156 942.49896240234 939.67114257812 936.95635986328 934.36041259766 931.91778564453 929.61535644531 927.44500732422 925.40887451172 923.50866699219 921.77337646484 920.19506835938 918.75476074219 917.45062255859 916.2802734375 915.26708984375 914.39227294922 913.63330078125 912.98400878906 912.44018554688 912.01440429688 911.68109130859 911.42498779297 911.23950195312 911.12274169922 911.07415771484 911.06945800781 911.09967041016 911.15661621094 911.23419189453 911.3125 911.37677001953 911.41705322266 911.42266845703 911.37628173828 911.25231933594 911.05529785156 910.78063964844 910.42492675781 909.97094726562 909.42846679688 908.82214355469
961.2265625 957.95434570312 954.64080810547 951.35333251953 948.08599853516 944.89300537109 941.79370117188 938.82281494141 936.00012207031 933.30822753906 930.75653076172 928.3486328125 926.10656738281 924.0302734375 922.11572265625 920.35198974609 918.73791503906 917.28747558594 915.99829101562 914.85992431641 913.85235595703 912.96929931641 912.21746826172 911.58874511719 911.06268310547 910.62438964844 910.26721191406 910.00067138672 909.80450439453 909.66485595703 909.57489013672 909.53143310547 909.537109375 909.56439208984 909.60711669922 909.65704345703 909.70520019531 909.73468017578 909.72216796875 909.66430664062 909.55151367188 909.36804199219 909.09936523438 908.74682617188 908.32159423828 907.82952880859 907.26727294922
961.16754150391 957.7978515625 954.35223388672 950.90686035156 947.50286865234 944.20617675781 941.00592041016 937.92620849609 934.98352050781 932.19702148438 929.58825683594 927.13928222656 924.86047363281 922.74346923828 920.7998046875 919.029296875 917.43096923828 915.99621582031 914.70837402344 913.57269287109 912.57696533203 911.72351074219 910.98449707031 910.34826660156 909.81701660156 909.37481689453 909.01641845703 908.72143554688 908.48516845703 908.31665039062 908.19787597656 908.11688232422 908.06976318359 908.05236816406 908.06811523438 908.09149169922 908.10821533203 908.11340332031 908.09552001953 908.03485107422 907.91802978516 907.73431396484 907.48492431641 907.16168212891 906.75811767578 906.29156494141 905.78051757812
960.88671875 957.39758300781 953.86346435547 950.33215332031 946.83575439453 943.41821289062 940.11138916016 936.97192382812 933.97515869141 931.14190673828 928.48175048828 925.99493408203 923.70318603516 921.57751464844 919.64093017578 917.87823486328 916.28405761719 914.86083984375 913.58551025391 912.47625732422 911.49102783203 910.63061523438 909.89172363281 909.25567626953 908.72961425781 908.28289794922 907.90740966797 907.59375 907.33422851562 907.12036132812 906.94775390625 906.82647705078 906.74383544922 906.68853759766 906.65289306641 906.634765625 906.63061523438 906.61889648438 906.58410644531 906.51440429688 906.40277099609 906.22674560547 905.98767089844 905.67987060547 905.31109619141 904.88787841797 904.41290283203
960.42108154297 956.86804199219 953.23968505859 949.60589599609 946.04144287109 942.57531738281 939.22369384766 936.02172851562 932.98370361328 930.13977050781 927.46997070312 924.97253417969 922.67834472656 920.56463623047 918.64825439453 916.89837646484 915.31164550781 913.91180419922 912.66156005859 911.55163574219 910.55853271484 909.67791748047 908.92810058594 908.29760742188 907.77423095703 907.32952880859 906.95153808594 906.62176513672 906.32855224609 906.08270263672 905.87573242188 905.70343017578 905.56256103516 905.46343994141 905.39605712891 905.34814453125 905.30920410156 905.27172851562 905.22503662109 905.15075683594 905.03814697266 904.87213134766 904.65100097656 904.35961914062 904.01171875 903.61529541016 903.18688964844
959.80108642578 956.15936279297 952.47882080078 948.80932617188 945.19177246094 941.67950439453 938.31695556641 935.11645507812 932.07769775391 929.20892333984 926.55224609375 924.09558105469 921.82366943359 919.72766113281 917.80999755859 916.09057617188 914.55108642578 913.16558837891 911.91632080078 910.77844238281 909.75567626953 908.87658691406 908.11944580078 907.47924804688 906.95379638672 906.52032470703 906.14581298828 905.80737304688 905.49670410156 905.20874023438 904.953125 904.74255371094 904.56579589844 904.42114257812 904.30114746094 904.21545410156 904.15557861328 904.10345458984 904.04852294922 903.97174072266 903.85833740234 903.697265625 903.48522949219 903.21911621094 902.89898681641 902.52569580078 902.11975097656
959.01245117188 955.34063720703 951.61737060547 947.91552734375 944.30328369141 940.80285644531 937.43658447266 934.22698974609 931.22943115234 928.42236328125 925.79516601562 923.34832763672 921.09167480469 919.05249023438 917.19134521484 915.49432373047 913.95568847656 912.58038330078 911.33306884766 910.18591308594 909.14508056641 908.22192382812 907.43920898438 906.81878662109 906.30560302734 905.87200927734 905.49346923828 905.14587402344 904.81683349609 904.50402832031 904.21466064453 903.95471191406 903.72192382812 903.53045654297 903.37310791016 903.25061035156 903.16223144531 903.10430908203 903.05090332031 902.97937011719 902.87719726562 902.73229980469 902.52960205078 902.27160644531 901.96508789062 901.61450195312 901.22674560547
958.11315917969 954.39294433594 950.66925048828 946.98492431641 943.37786865234 939.89233398438 936.59252929688 933.45739746094 930.49426269531 927.70843505859 925.12664794922 922.76318359375 920.57489013672 918.55786132812 916.70758056641 915.04681396484 913.56262207031 912.1982421875 910.93133544922 909.74688720703 908.68572998047 907.76208496094 906.97344970703 906.32098388672 905.79815673828 905.38519287109 905.00970458984 904.65087890625 904.30010986328 903.95544433594 903.63110351562 903.32830810547 903.04876708984 902.7978515625 902.58575439453 902.43908691406 902.34045410156 902.27783203125 902.23529052734 902.18896484375 902.099609375 901.96173095703 901.77423095703 901.53741455078 901.24291992188 900.89263916016 900.51531982422
957.02917480469 953.33642578125 949.63293457031 945.98016357422 942.44873046875 939.0478515625 935.79516601562 932.70501708984 929.82391357422 927.14526367188 924.64331054688 922.31573486328 920.16217041016 918.21539306641 916.43914794922 914.81317138672 913.32885742188 911.97521972656 910.71398925781 909.53704833984 908.45745849609 907.49011230469 906.66540527344 906.02111816406 905.51245117188 905.0869140625 904.70098876953 904.32904052734 903.95288085938 903.58142089844 903.21728515625 902.86315917969 902.53454589844 902.2373046875 901.98950195312 901.80383300781 901.68859863281 901.64263916016 901.62573242188 901.60070800781 901.54443359375 901.43658447266 901.25555419922 901.01922607422 900.72906494141 900.39123535156 900.01733398438
955.83178710938 952.17071533203 948.54064941406 944.97857666016 941.51617431641 938.18200683594 935.03521728516 932.07385253906 929.283203125 926.66497802734 924.22760009766 922.00067138672 919.94421386719 918.04260253906 916.29119873047 914.69769287109 913.27062988281 911.94012451172 910.68035888672 909.49169921875 908.40625 907.45043945312 906.61810302734 905.92517089844 905.39978027344 904.9716796875 904.56298828125 904.15856933594 903.75360107422 903.35345458984 902.95770263672 902.56365966797 902.18536376953 901.83465576172 901.54431152344 901.33782958984 901.22967529297 901.20227050781 901.21826171875 901.22589111328 901.19366455078 901.09954833984 900.94097900391 900.72009277344 900.43041992188 900.08502197266 899.71057128906
954.5263671875 950.95977783203 947.40863037109 943.92205810547 940.58343505859 937.39508056641 934.35809326172 931.48291015625 928.77740478516 926.29193115234 923.9736328125 921.81378173828 919.81414794922 917.9697265625 916.30065917969 914.76025390625 913.34240722656 912.03826904297 910.79888916016 909.6396484375 908.56390380859 907.58929443359 906.75347900391 906.06207275391 905.50122070312 905.01361083984 904.56671142578 904.13549804688 903.70098876953 903.26873779297 902.83843994141 902.41375732422 902.00622558594 901.6259765625 901.29669189453 901.04608154297 900.94653320312 900.95123291016 901.01116943359 901.05560302734 901.05615234375 900.98181152344 900.83294677734 900.60638427734 900.31622314453 899.9716796875 899.58831787109
953.15673828125 949.65850830078 946.23840332031 942.91302490234 939.69750976562 936.61279296875 933.6826171875 930.96612548828 928.40887451172 926.01135253906 923.77337646484 921.69964599609 919.8056640625 918.04455566406 916.41546630859 914.91235351562 913.5361328125 912.26953125 911.06762695312 909.92468261719 908.86163330078 907.90423583984 907.06457519531 906.33502197266 905.73547363281 905.20812988281 904.71301269531 904.23327636719 903.76776123047 903.31793212891 902.87097167969 902.42919921875 902.00286865234 901.60363769531 901.25354003906 900.97955322266 900.89178466797 900.94757080078 901.03546142578 901.10137939453 901.11853027344 901.05657958984 900.91522216797 900.69158935547 900.39636230469 900.04125976562 899.63629150391
951.73120117188 948.38397216797 945.08050537109 941.87023925781 938.78662109375 935.88549804688 933.12591552734 930.51348876953 928.05657958984 925.77166748047 923.66778564453 921.70349121094 919.87475585938 918.17419433594 916.61065673828 915.17065429688 913.83392333984 912.59558105469 911.42321777344 910.31878662109 909.28363037109 908.33483886719 907.48840332031 906.74407958984 906.09100341797 905.49877929688 904.96350097656 904.4541015625 903.96301269531 903.49206542969 903.03912353516 902.59985351562 902.17846679688 901.78570556641 901.45544433594 901.21459960938 901.13293457031 901.18896484375 901.28393554688 901.36352539062 901.38806152344 901.32800292969 901.18676757812 900.96075439453 900.65197753906 900.27301025391 899.84320068359
950.27502441406 947.03979492188 943.89117431641 940.88043212891 937.97125244141 935.19323730469 932.55438232422 930.08532714844 927.78771972656 925.62854003906 923.60888671875 921.72338867188 919.98956298828 918.38446044922 916.88665771484 915.48852539062 914.18389892578 912.98065185547 911.85833740234 910.78839111328 909.77679443359 908.83428955078 907.98114013672 907.21417236328 906.52789306641 905.89996337891 905.31597900391 904.76623535156 904.25921630859 903.78704833984 903.33959960938 902.91510009766 902.52746582031 902.17962646484 901.8935546875 901.69586181641 901.62994384766 901.66918945312 901.75860595703 901.83038330078 901.85412597656 901.79614257812 901.63909912109 901.39245605469 901.06915283203 900.67498779297 900.20721435547
948.79339599609 945.73913574219 942.76470947266 939.89215087891 937.13287353516 934.52966308594 932.06713867188 929.736328125 927.54010009766 925.4775390625 923.57873535156 921.81134033203 920.15856933594 918.61315917969 917.16772460938 915.83721923828 914.59020996094 913.41711425781 912.31268310547 911.26928710938 910.29327392578 909.37438964844 908.51983642578 907.73095703125 907.00573730469 906.34362792969 905.73638916016 905.17163085938 904.64959716797 904.17822265625 903.76263427734 903.37908935547 903.03210449219 902.73083496094 902.50390625 902.37322998047 902.33361816406 902.36651611328 902.43939208984 902.50335693359 902.50396728516 902.42156982422 902.25177001953 901.99627685547 901.64202880859 901.19738769531 900.68719482422
947.33111572266 944.43408203125 941.62481689453 938.94396972656 936.37841796875 933.92657470703 931.59185791016 929.37719726562 927.32275390625 925.39428710938 923.58447265625 921.88916015625 920.3037109375 918.85101318359 917.48559570312 916.2001953125 914.98791503906 913.84497070312 912.77770996094 911.76470947266 910.80328369141 909.89215087891 909.03558349609 908.24670410156 907.51165771484 906.82885742188 906.19714355469 905.62420654297 905.11981201172 904.67388916016 904.28369140625 903.94476318359 903.66253662109 903.44055175781 903.28302001953 903.19512939453 903.17822265625 903.22894287109 903.29388427734 903.33410644531 903.32098388672 903.22979736328 903.01788330078 902.71124267578 902.31628417969 901.83648681641 901.27496337891
