gis/input_ras/wahp/raw_surf_ow/GM_Numerical_ 06 - Middle Sand_younger.grd
DSAA
157 175
2880056.8709409 2983016.8709409
-256145.63012446 -141305.63012446
765.02276611328 923.23010253906
[rows 88 to 109 of 175, columns 50 to 99 of 157]
851.19293212891 851.94207763672 852.61846923828 853.24993896484 853.85119628906 854.43725585938 855.01690673828 855.63677978516 856.30444335938 857.03094482422 857.82556152344 858.70306396484 859.68536376953 860.73260498047 861.82702636719 862.947265625 864.07836914062 865.14788818359 866.13452148438 867.00677490234 867.74017333984 868.32733154297 868.74578857422 869.09826660156 869.38952636719 869.66766357422 869.75909423828 869.21215820312 867.97100830078 866.00677490234 863.37280273438 860.453125 857.51013183594 854.57775878906 851.68182373047 848.82666015625 845.92431640625 843.02453613281 840.21154785156 837.56799316406 835.19409179688 833.25701904297 831.68658447266 830.49243164062 829.68658447266 829.34637451172 829.75085449219 831.13922119141 833.34112548828 836.01940917969
849.79425048828 850.56762695312 851.29754638672 851.98156738281 852.62823486328 853.27416992188 853.93371582031 854.62390136719 855.35528564453 856.14837646484 857.03057861328 857.97515869141 858.97509765625 860.02563476562 861.11145019531 862.1826171875 863.20245361328 864.13623046875 864.96984863281 865.61090087891 865.99310302734 866.14135742188 866.04418945312 865.86828613281 865.38110351562 864.54455566406 863.41748046875 862.03656005859 860.32305908203 858.04034423828 855.55505371094 852.91467285156 850.12451171875 847.2451171875 844.36254882812 841.43273925781 838.49395751953 835.60137939453 832.83477783203 830.36492919922 828.22357177734 826.44702148438 825.06134033203 824.10211181641 823.63989257812 823.62908935547 824.13690185547 825.40289306641 827.42401123047 829.72882080078
848.22692871094 849.00970458984 849.7529296875 850.46533203125 851.16052246094 851.85119628906 852.55401611328 853.30078125 854.12219238281 855.00891113281 855.95373535156 856.94720458984 857.99456787109 859.06414794922 860.12268066406 861.14117431641 862.08941650391 862.884765625 863.46771240234 863.81597900391 863.91900634766 863.75573730469 863.15643310547 862.12280273438 860.65405273438 858.95062255859 856.96484375 854.46545410156 851.95574951172 849.59149169922 847.22814941406 844.78155517578 842.26422119141 839.58129882812 836.72680664062 833.77502441406 830.80407714844 827.94311523438 825.29248046875 822.93676757812 820.94506835938 819.39520263672 818.33355712891 817.67584228516 817.41955566406 817.59295654297 818.32891845703 819.61254882812 821.34039306641 823.47784423828
846.52490234375 847.28723144531 848.02984619141 848.75115966797 849.45947265625 850.17547607422 850.93194580078 851.74505615234 852.62384033203 853.57086181641 854.59991455078 855.68157958984 856.77697753906 857.85925292969 858.91735839844 859.89318847656 860.72869873047 861.37768554688 861.80084228516 861.96459960938 861.70318603516 861.05578613281 859.97595214844 858.41296386719 856.31286621094 853.41046142578 850.06768798828 846.76196289062 843.72906494141 841.05285644531 838.89019775391 836.796875 834.44891357422 831.88262939453 829.08374023438 826.11407470703 823.14306640625 820.32672119141 817.74432373047 815.53729248047 813.80352783203 812.51403808594 811.65112304688 811.18994140625 811.19421386719 811.603515625 812.40869140625 813.67510986328 815.34771728516 817.35614013672
844.71948242188 845.44818115234 846.16363525391 846.86608886719 847.57769775391 848.31695556641 849.10113525391 849.94805908203 850.89666748047 851.9375 853.03698730469 854.17352294922 855.32427978516 856.45715332031 857.51647949219 858.45391845703 859.23663330078 859.8134765625 860.04028320312 859.91760253906 859.41632080078 858.50567626953 857.07672119141 854.85504150391 851.92059326172 848.34771728516 844.27368164062 839.82733154297 835.66522216797 833.138671875 831.1591796875 829.26800537109 827.10308837891 824.56726074219 821.73352050781 818.76336669922 815.798828125 813.02191162109 810.56481933594 808.53863525391 806.97290039062 805.87164306641 805.29888916016 805.08599853516 805.228515625 805.71826171875 806.56170654297 807.82159423828 809.44665527344 811.42840576172
842.87567138672 843.51220703125 844.16943359375 844.84948730469 845.5537109375 846.29449462891 847.10821533203 848.01580810547 849.01843261719 850.10711669922 851.26873779297 852.49475097656 853.70733642578 854.87145996094 855.95635986328 856.92034912109 857.66644287109 858.11352539062 858.24035644531 858.00500488281 857.32574462891 856.08709716797 854.25347900391 851.75054931641 848.52471923828 844.45446777344 839.50646972656 833.98498535156 829.29895019531 826.21502685547 824.81494140625 822.88317871094 820.55505371094 817.90032958984 814.99060058594 811.95227050781 809.02783203125 806.34307861328 803.97082519531 801.98645019531 800.68267822266 799.94897460938 799.56024169922 799.47119140625 799.66107177734 800.16058349609 801.02978515625 802.25091552734 803.82159423828 805.73968505859
840.9697265625 841.51300048828 842.09008789062 842.71105957031 843.40667724609 844.17846679688 845.0263671875 845.96496582031 847.01513671875 848.17596435547 849.39715576172 850.65679931641 851.92620849609 853.169921875 854.29382324219 855.25469970703 856.00170898438 856.47723388672 856.57965087891 856.16864013672 855.29803466797 853.93664550781 852.02984619141 849.39544677734 845.92291259766 841.73211669922 836.81707763672 831.23480224609 825.46868896484 822.63403320312 820.39898681641 817.98168945312 815.20361328125 812.10009765625 808.96539306641 805.87884521484 802.95513916016 800.30804443359 798.11737060547 796.32916259766 795.23022460938 794.74725341797 794.56134033203 794.58251953125 794.79565429688 795.23980712891 795.95959472656 797.02862548828 798.59362792969 800.53491210938
839.03820800781 839.42242431641 839.90270996094 840.48199462891 841.16668701172 841.95709228516 842.85284423828 843.87335205078 844.99371337891 846.18359375 847.41949462891 848.71331787109 850.03363037109 851.31964111328 852.51977539062 853.57977294922 854.38006591797 854.82312011719 854.88006591797 854.50341796875 853.65490722656 852.18212890625 850.12829589844 847.50482177734 844.30706787109 840.5478515625 836.08251953125 831.16040039062 826.28833007812 821.83392333984 818.09844970703 814.48352050781 810.85272216797 807.25390625 803.75640869141 800.48010253906 797.63043212891 795.20953369141 793.23065185547 791.72894287109 790.89434814453 790.64489746094 790.56817626953 790.59259033203 790.7041015625 790.98217773438 791.57232666016 792.54986572266 793.96026611328 795.81280517578
837.05090332031 837.25549316406 837.58276367188 838.06732177734 838.7607421875 839.63195800781 840.64404296875 841.76580810547 842.94793701172 844.14251708984 845.36907958984 846.66345214844 848.01922607422 849.39025878906 850.67645263672 851.80419921875 852.69787597656 853.28576660156 853.44281005859 853.03240966797 852.109375 850.68823242188 848.78247070312 846.31408691406 843.31793212891 839.99182128906 836.40881347656 832.54345703125 827.63293457031 822.08197021484 816.830078125 811.95123291016 807.38336181641 803.21606445312 799.35357666016 795.94793701172 793.06231689453 790.76452636719 789.16284179688 788.228515625 787.77893066406 787.66619873047 787.69763183594 787.72473144531 787.72277832031 787.77185058594 788.00689697266 788.70629882812 790.08935546875 792.00439453125
834.93878173828 834.94720458984 835.12579345703 835.53302001953 836.19415283203 837.10961914062 838.24670410156 839.55535888672 840.86114501953 842.00646972656 843.17620849609 844.46929931641 845.88244628906 847.34008789062 848.76202392578 850.04937744141 851.05767822266 851.71215820312 851.94171142578 851.68908691406 850.87017822266 849.46850585938 847.53967285156 845.19976806641 842.50885009766 839.51300048828 836.40838623047 833.10394287109 828.15197753906 821.65643310547 815.45483398438 809.79718017578 804.53265380859 799.74353027344 795.48254394531 791.92590332031 789.09399414062 787.11193847656 785.94616699219 785.46807861328 785.40673828125 785.68975830078 785.93804931641 786.00555419922 785.8564453125 785.64776611328 785.50885009766 785.85601806641 787.1162109375 789.03234863281
832.81597900391 832.50671386719 832.44750976562 832.73907470703 833.35620117188 834.31439208984 835.58068847656 837.09838867188 838.51965332031 839.61505126953 840.78137207031 842.13232421875 843.63702392578 845.20269775391 846.74719238281 848.17712402344 849.37023925781 850.22924804688 850.56854248047 850.39385986328 849.61962890625 848.298828125 846.45526123047 844.14819335938 841.47698974609 838.50860595703 835.2548828125 831.58642578125 826.52447509766 820.14495849609 813.70452880859 807.50317382812 801.82177734375 796.73712158203 792.31658935547 788.61755371094 785.72119140625 783.95825195312 783.17114257812 783.43487548828 784.10229492188 784.85589599609 785.33245849609 785.51239013672 785.28155517578 784.76330566406 784.08050537109 784.04968261719 785.28912353516 787.31433105469
830.47302246094 829.92175292969 829.65203857422 829.74639892578 830.23309326172 831.14501953125 832.42047119141 833.98138427734 835.45172119141 836.78912353516 838.087890625 839.56274414062 841.20837402344 842.97668457031 844.73315429688 846.31555175781 847.64685058594 848.63464355469 849.15747070312 849.15856933594 848.45617675781 847.18127441406 845.32788085938 842.95880126953 840.17236328125 837.01696777344 833.50061035156 829.21356201172 824.00634765625 817.98394775391 811.56964111328 805.30914306641 799.46905517578 794.21520996094 789.68798828125 785.92272949219 782.97045898438 1.70141E+38 781.50421142578 782.42614746094 783.63616943359 784.89208984375 785.87835693359 786.22705078125 785.9658203125 785.35961914062 784.55505371094 784.35864257812 785.14080810547 786.93029785156
828.15222167969 827.14703369141 826.57672119141 826.515625 826.86492919922 827.62933349609 828.80145263672 830.28527832031 831.87976074219 833.41680908203 835.05651855469 836.87274169922 838.76306152344 840.69183349609 842.59991455078 844.39575195312 845.94451904297 847.06750488281 847.70013427734 847.80493164062 847.26049804688 846.04656982422 844.12646484375 841.68029785156 838.78479003906 835.35302734375 831.43371582031 826.90826416016 821.66412353516 815.77667236328 809.53167724609 803.28985595703 797.46514892578 792.24096679688 787.74224853516 784.13421630859 781.24420166016 780.03216552734 780.61138916016 782.28607177734 784.27294921875 786.13885498047 787.42474365234 787.99755859375 787.78582763672 787.24493408203 786.63037109375 786.36700439453 786.90179443359 787.92175292969
825.56866455078 824.28759765625 823.44403076172 823.06866455078 823.19085693359 823.87017822266 824.95471191406 826.37286376953 828.06646728516 829.97863769531 831.96136474609 834.04193115234 836.2001953125 838.41552734375 840.54962158203 842.47729492188 844.13958740234 845.44934082031 846.26135253906 846.43444824219 845.921875 844.75244140625 842.93054199219 840.3818359375 837.24945068359 833.65710449219 829.60815429688 825.04284667969 819.84423828125 813.98919677734 807.80450439453 801.60565185547 795.73449707031 790.69354248047 786.62780761719 783.41571044922 781.08422851562 780.34613037109 781.42578125 783.46179199219 785.70568847656 787.92419433594 789.78186035156 790.49584960938 790.42413330078 790.04504394531 789.57135009766 789.27838134766 789.34112548828 789.8720703125
822.84106445312 821.11743164062 820.08795166016 819.58099365234 819.55169677734 819.98791503906 820.93170166016 822.45861816406 824.33721923828 826.47686767578 828.80487060547 831.30487060547 833.77044677734 836.18188476562 838.48559570312 840.61877441406 842.43304443359 843.78070068359 844.64044189453 844.94342041016 844.61627197266 843.44232177734 841.50421142578 838.93780517578 835.81359863281 832.1923828125 828.09796142578 823.54284667969 818.44287109375 812.75988769531 806.46862792969 800.11584472656 794.39099121094 789.54187011719 785.732421875 783.25115966797 782.09405517578 782.14599609375 783.37896728516 785.45849609375 787.99725341797 790.39068603516 792.26049804688 793.35626220703 793.72503662109 793.58020019531 793.17895507812 792.810546875 792.59204101562 792.58319091797
819.85870361328 817.96478271484 816.68365478516 815.96868896484 815.85815429688 816.25537109375 817.17510986328 818.64923095703 820.68896484375 823.22760009766 825.93188476562 828.70349121094 831.46282958984 834.13916015625 836.58099365234 838.77703857422 840.65765380859 842.15100097656 843.14404296875 843.39874267578 842.99670410156 841.90423583984 840.1103515625 837.56500244141 834.34844970703 830.73229980469 826.77703857422 822.49694824219 817.71917724609 811.89660644531 805.37677001953 798.74920654297 792.708984375 788.17041015625 785.23413085938 783.63287353516 783.25811767578 783.984375 785.86224365234 788.31121826172 790.97766113281 793.56201171875 795.76007080078 797.02172851562 797.59161376953 797.64294433594 797.32977294922 796.80438232422 796.26300048828 795.83099365234
816.44171142578 814.40283203125 813.24359130859 812.6435546875 1.70141E+38 1.70141E+38 1.70141E+38 1.70141E+38 817.60864257812 820.43566894531 823.45819091797 826.50634765625 829.48260498047 832.28161621094 834.85571289062 837.16668701172 839.08477783203 840.52160644531 841.45220947266 841.81506347656 841.54748535156 840.40814208984 838.51171875 835.97937011719 832.90106201172 829.38226318359 825.50915527344 821.38928222656 816.89532470703 811.46209716797 804.12182617188 796.83374023438 790.89587402344 786.7001953125 784.35150146484 783.63372802734 784.583984375 786.40209960938 788.86871337891 791.78546142578 794.85144042969 797.71295166016 800.00268554688 801.58642578125 802.40911865234 802.46313476562 801.98956298828 801.24609375 800.36010742188 1.70141E+38
812.82409667969 811.01373291016 1.70141E+38 1.70141E+38 1.70141E+38 1.70141E+38 1.70141E+38 1.70141E+38 1.70141E+38 1.70141E+38 821.55694580078 824.79132080078 827.9091796875 830.80438232422 833.39733886719 835.65081787109 837.54376220703 839.02429199219 839.96563720703 840.24468994141 839.8427734375 838.76806640625 837.00860595703 834.49096679688 831.36895751953 827.85205078125 824.01184082031 819.84558105469 815.42755126953 809.43713378906 802.01129150391 794.35150146484 788.09197998047 784.33288574219 783.51708984375 784.3466796875 786.29223632812 788.98217773438 792.20867919922 795.85760498047 799.46417236328 802.77154541016 805.38470458984 807.05865478516 807.77935791016 807.74206542969 807.09753417969 806.05603027344 1.70141E+38 1.70141E+38
809.06091308594 1.70141E+38 1.70141E+38 1.70141E+38 1.70141E+38 1.70141E+38 1.70141E+38 1.70141E+38 1.70141E+38 1.70141E+38 1.70141E+38 823.62780761719 826.76220703125 829.62622070312 832.19024658203 834.41357421875 836.25579833984 837.59545898438 838.4189453125 838.70318603516 838.32904052734 837.25012207031 835.39916992188 832.92077636719 829.89306640625 826.36541748047 822.46691894531 818.02142333984 812.87329101562 806.82995605469 799.37194824219 791.72186279297 785.40441894531 782.72119140625 783.22991943359 785.2255859375 788.30126953125 792.10162353516 796.25 800.55346679688 804.67211914062 808.43713378906 811.37353515625 813.18408203125 813.84826660156 813.60528564453 812.58569335938 811.06719970703 1.70141E+38 1.70141E+38
1.70141E+38 1.70141E+38 1.70141E+38 1.70141E+38 1.70141E+38 1.70141E+38 1.70141E+38 1.70141E+38 1.70141E+38 1.70141E+38 1.70141E+38 823.00012207031 826.07568359375 828.87219238281 831.35699462891 833.41809082031 835.09094238281 836.34265136719 837.09307861328 837.31079101562 836.84326171875 835.765625 833.99719238281 831.55047607422 828.54327392578 825.01910400391 821.02838134766 816.45135498047 811.16400146484 804.94409179688 797.99682617188 790.71868896484 784.08227539062 781.96789550781 784.19647216797 787.5009765625 791.42718505859 795.79949951172 800.49377441406 805.44024658203 810.34686279297 814.83532714844 818.02331542969 819.92669677734 820.23931884766 819.56573486328 818.19262695312 816.32720947266 1.70141E+38 1.70141E+38
1.70141E+38 1.70141E+38 1.70141E+38 1.70141E+38 1.70141E+38 1.70141E+38 1.70141E+38 1.70141E+38 1.70141E+38 1.70141E+38 1.70141E+38 1.70141E+38 825.92779541016 828.55139160156 830.828125 832.72906494141 834.25653076172 835.36328125 835.95361328125 836.06976318359 835.58502197266 834.50830078125 832.79418945312 830.44555664062 827.52410888672 824.05639648438 820.11444091797 815.60345458984 810.49987792969 804.81085205078 798.63220214844 792.35272216797 787.53094482422 785.693359375 787.83245849609 791.17834472656 795.26879882812 800.04229736328 805.26037597656 810.65295410156 815.99530029297 820.99957275391 825.13909912109 826.60272216797 826.54644775391 825.60314941406 823.99084472656 1.70141E+38 1.70141E+38 1.70141E+38
1.70141E+38 1.70141E+38 1.70141E+38 1.70141E+38 1.70141E+38 1.70141E+38 1.70141E+38 1.70141E+38 1.70141E+38 1.70141E+38 1.70141E+38 1.70141E+38 1.70141E+38 828.70184326172 830.81927490234 832.51220703125 833.72845458984 834.58831787109 835.06512451172 835.11669921875 834.65405273438 833.61071777344 831.91229248047 829.6689453125 826.91546630859 823.67950439453 819.95989990234 815.67004394531 810.93597412109 805.8408203125 800.88635253906 796.62255859375 793.42999267578 792.16424560547 793.13775634766 795.95483398438 800.02154541016 804.83459472656 810.10461425781 815.66656494141 821.33709716797 826.74554443359 830.81823730469 832.572265625 832.38952636719 831.34814453125 829.56396484375 1.70141E+38 1.70141E+38 1.70141E+38
