gis/input_ras/wahp/raw_surf_ow/GM_Numerical_ 09 - Upper Clay_younger.grd
DSAA
157 175
2880056.8709409 2983016.8709409
-256145.63012446 -141305.63012446
870.62115478516 978.42749023438
[rows 126 to 146 of 175, columns 47 to 93 of 157]
912.42443847656 912.90362548828 913.06109619141 912.95129394531 912.59619140625 911.99920654297 911.25366210938 910.47033691406 909.7666015625 909.32012939453 909.19390869141 909.31896972656 909.60382080078 909.97668457031 910.35522460938 910.49768066406 910.56890869141 910.67535400391 910.93322753906 911.42993164062 912.14776611328 912.97540283203 913.85272216797 914.72454833984 915.53924560547 916.31311035156 917.06091308594 917.80249023438 918.56359863281 919.39080810547 920.29510498047 921.28674316406 922.38006591797 923.62036132812 924.98840332031 926.41223144531 927.85034179688 929.25225830078 930.53045654297 931.47766113281 932.14807128906 932.65081787109 933.00213623047 933.18347167969 933.19036865234 933.10754394531 933.00640869141
911.60681152344 912.26507568359 912.54309082031 912.51245117188 912.25964355469 911.8203125 911.23779296875 910.603515625 910.04254150391 909.64709472656 909.45928955078 909.49493408203 909.78674316406 910.23608398438 910.65850830078 910.90899658203 910.84515380859 910.93927001953 911.22052001953 911.68988037109 912.33172607422 913.1083984375 913.94519042969 914.75500488281 915.51776123047 916.22833251953 916.89959716797 917.60021972656 918.36047363281 919.20147705078 920.14068603516 921.21929931641 922.4443359375 923.81103515625 925.31170654297 926.92742919922 928.63507080078 930.25671386719 931.71148681641 932.93334960938 933.8896484375 934.54833984375 934.97302246094 935.21301269531 935.29461669922 935.25561523438 935.19085693359
910.98590087891 911.67163085938 912.04669189453 912.14868164062 912.00726318359 911.6484375 911.18591308594 910.67834472656 910.18499755859 909.79046630859 909.59167480469 909.58099365234 909.765625 910.13513183594 910.66497802734 910.80187988281 910.85852050781 910.97192382812 911.24475097656 911.73370361328 912.4072265625 913.181640625 913.99768066406 914.79302978516 915.49310302734 916.11755371094 916.72100830078 917.35241699219 918.0625 918.92980957031 919.93585205078 921.07818603516 922.36456298828 923.81353759766 925.50640869141 927.369140625 929.32781982422 931.29016113281 933.09765625 934.58874511719 935.75384521484 936.60577392578 937.17578125 937.4833984375 937.58325195312 937.58648681641 937.56433105469
910.48083496094 911.28247070312 911.67797851562 911.76873779297 911.67620849609 911.43817138672 911.08355712891 910.64678955078 910.22247314453 909.83465576172 909.52307128906 909.36077880859 909.4296875 909.66491699219 909.97186279297 910.26605224609 910.4453125 910.68981933594 911.08331298828 911.62835693359 912.32794189453 913.15106201172 914.01391601562 914.80438232422 915.47283935547 916.02075195312 916.52886962891 917.08331298828 917.7734375 918.62384033203 919.63879394531 920.82202148438 922.19305419922 923.76043701172 925.57720947266 927.67889404297 929.95544433594 932.32873535156 934.54443359375 936.46197509766 937.93493652344 938.89727783203 939.50152587891 939.85186767578 940.01190185547 940.03057861328 940.00134277344
910.02014160156 910.79333496094 911.21771240234 911.36352539062 911.31030273438 911.12548828125 910.86712646484 910.5458984375 910.15570068359 909.72845458984 909.32391357422 908.99102783203 908.81713867188 908.8740234375 909.13366699219 909.45056152344 909.81494140625 910.22052001953 910.69775390625 911.31140136719 912.10754394531 913.01220703125 913.96112060547 914.81121826172 915.46856689453 915.90649414062 916.29760742188 916.77026367188 917.42181396484 918.28045654297 919.35565185547 920.5888671875 921.96813964844 923.56292724609 925.48712158203 927.87475585938 930.61285400391 933.48986816406 936.11712646484 938.41070556641 940.14855957031 941.27746582031 941.95812988281 942.31030273438 942.45550537109 942.47631835938 942.43298339844
909.42828369141 910.20831298828 910.62139892578 910.78125 910.79833984375 910.73101806641 910.57202148438 910.33233642578 910.00854492188 909.53912353516 908.93920898438 908.40356445312 908.03796386719 907.92041015625 908.12042236328 908.54083251953 909.01977539062 909.54211425781 910.16156005859 910.86486816406 911.69134521484 912.66467285156 913.70239257812 914.70025634766 915.34075927734 915.65283203125 915.95031738281 916.37646484375 917.05969238281 917.97265625 919.09088134766 920.36712646484 921.79669189453 923.40881347656 925.35192871094 928.01525878906 931.12048339844 934.48120117188 937.70556640625 940.58947753906 942.50402832031 943.67791748047 944.31707763672 944.69134521484 944.861328125 944.86395263672 944.79119873047
908.75604248047 909.41973876953 909.83831787109 910.05041503906 910.12438964844 910.12646484375 910.11315917969 910.05352783203 909.80401611328 909.29956054688 908.59973144531 907.72302246094 906.98193359375 906.76885986328 906.97723388672 907.49353027344 908.16473388672 908.83551025391 909.49597167969 910.21905517578 911.03869628906 911.99664306641 913.16198730469 914.36328125 915.06866455078 915.12530517578 915.34771728516 915.85284423828 916.62506103516 917.63507080078 918.8896484375 920.30670166016 921.80694580078 923.39642333984 925.31134033203 928.12115478516 931.90942382812 935.67376708984 939.19982910156 942.37292480469 944.58459472656 945.83294677734 946.52752685547 946.93273925781 947.12469482422 947.11749267578 946.97827148438
907.935546875 908.515625 908.89733886719 909.11480712891 909.23986816406 909.35797119141 909.470703125 909.54742431641 909.51147460938 909.08435058594 908.09167480469 906.96545410156 905.97149658203 905.38946533203 905.83947753906 906.56713867188 907.33355712891 908.07641601562 908.77020263672 909.41052246094 910.10284423828 910.93536376953 911.95788574219 913.13146972656 913.86370849609 914.02227783203 914.40173339844 915.076171875 916.10504150391 917.38604736328 918.82684326172 920.40118408203 922.06854248047 923.88818359375 925.99285888672 929.07550048828 932.95587158203 936.92895507812 940.64129638672 943.81079101562 946.13500976562 947.580078125 948.47882080078 948.97601318359 949.16735839844 949.14233398438 948.96917724609
907.05932617188 907.52569580078 907.79730224609 907.97369384766 908.11749267578 908.2783203125 908.50207519531 908.80743408203 909.00769042969 908.61993408203 907.62261962891 906.30541992188 904.94976806641 904.52514648438 904.95062255859 905.81622314453 906.67602539062 907.40972900391 908.02215576172 908.55346679688 909.04437255859 909.48443603516 910.02587890625 910.79321289062 911.50787353516 912.19964599609 913.17114257812 914.27221679688 915.58471679688 917.099609375 918.791015625 920.70983886719 922.71533203125 924.89569091797 927.40850830078 930.63110351562 934.44647216797 938.37426757812 942.01696777344 945.17590332031 947.60546875 949.20928955078 950.15692138672 950.70825195312 950.94500732422 950.90319824219 950.63073730469
906.07525634766 906.36254882812 906.53741455078 906.63830566406 906.72369384766 906.90930175781 907.19830322266 907.54455566406 907.84484863281 907.77410888672 906.8935546875 905.78308105469 904.75836181641 904.23278808594 904.65612792969 905.44421386719 906.21759033203 906.88940429688 907.40911865234 907.71850585938 907.91387939453 908.02020263672 908.07043457031 908.10491943359 909.08795166016 910.42785644531 911.86926269531 913.38446044922 915.04150390625 916.91082763672 918.92004394531 921.080078125 923.40191650391 925.96063232422 928.92816162109 932.33209228516 936.06213378906 939.90838623047 943.57012939453 946.59857177734 948.93572998047 950.60113525391 951.66876220703 952.22082519531 952.36547851562 952.24890136719 951.92053222656
905.03527832031 905.14123535156 905.14031982422 905.10363769531 905.11712646484 905.22930908203 905.47442626953 905.86010742188 906.21130371094 906.32495117188 906.02600097656 905.19708251953 904.53717041016 904.40698242188 904.71771240234 905.33148193359 906.02899169922 906.55712890625 906.89483642578 907.05755615234 907.06323242188 906.92706298828 906.61840820312 906.58166503906 907.37615966797 909.10949707031 910.87927246094 912.71612548828 914.669921875 916.76086425781 919.00225830078 921.42205810547 924.07543945312 926.97711181641 930.1669921875 933.66802978516 937.47650146484 941.30517578125 944.88940429688 948.00109863281 950.42053222656 951.90051269531 952.80499267578 953.28448486328 953.408203125 953.22930908203 952.74969482422
903.98303222656 903.83862304688 903.63537597656 903.41760253906 903.27819824219 903.283203125 903.44866943359 903.75628662109 904.16467285156 904.57269287109 904.49310302734 904.22711181641 904.05737304688 904.19171142578 904.66748046875 905.35729980469 905.95141601562 906.38470458984 906.6337890625 906.67846679688 906.56707763672 906.38470458984 906.23052978516 906.24865722656 907.14801025391 908.62951660156 910.38262939453 912.30883789062 914.38256835938 916.63409423828 919.06555175781 921.67877197266 924.49829101562 927.55963134766 930.95959472656 934.62078857422 938.43865966797 942.31579589844 946.06463623047 949.228515625 951.41424560547 952.78265380859 953.60565185547 953.98626708984 953.93304443359 953.59692382812 953.02886962891
902.88977050781 902.52008056641 902.13024902344 901.701171875 901.3525390625 901.13745117188 901.13403320312 901.35565185547 901.71148681641 902.12243652344 902.51593017578 902.73199462891 903.04614257812 903.72973632812 904.57281494141 905.41400146484 905.99743652344 906.33026123047 906.46411132812 906.47546386719 906.39703369141 906.26452636719 906.23352050781 906.54956054688 907.29248046875 908.51245117188 910.18884277344 912.09991455078 914.21765136719 916.51708984375 918.99365234375 921.68096923828 924.62731933594 927.83215332031 931.28332519531 934.96240234375 938.81280517578 942.68395996094 946.43090820312 949.75024414062 951.97290039062 953.10424804688 953.76770019531 954.02410888672 953.91198730469 953.47808837891 952.78326416016
901.92987060547 901.27685546875 900.59124755859 899.92022705078 899.38079833984 898.97180175781 898.73565673828 898.73760986328 899.01867675781 899.51330566406 900.11169433594 900.92816162109 901.90985107422 903.00738525391 904.19543457031 905.34442138672 905.95416259766 906.23767089844 906.38018798828 906.40832519531 906.38226318359 906.37982177734 906.47399902344 906.79962158203 907.51428222656 908.65509033203 910.13781738281 911.92327880859 914.00726318359 916.29138183594 918.78771972656 921.48095703125 924.39416503906 927.60522460938 931.06463623047 934.72601318359 938.47998046875 942.23327636719 945.86584472656 949.05786132812 951.18243408203 952.57965087891 953.32507324219 953.53765869141 953.3076171875 952.71746826172 951.90124511719
900.96032714844 900.09722900391 899.20916748047 898.31225585938 897.44573974609 896.70831298828 896.27484130859 896.10955810547 896.25537109375 896.82312011719 897.80102539062 898.99530029297 900.36602783203 901.94647216797 903.552734375 904.92962646484 905.64581298828 906.01910400391 906.26550292969 906.41510009766 906.48950195312 906.55682373047 906.71307373047 907.07983398438 907.69567871094 908.6806640625 910.04522705078 911.71636962891 913.67657470703 915.88946533203 918.33758544922 920.97900390625 923.82922363281 926.94012451172 930.28045654297 933.84197998047 937.48815917969 941.0830078125 944.41479492188 947.37811279297 949.66333007812 951.25378417969 952.22283935547 952.36901855469 952.01470947266 951.33764648438 950.44091796875
900.27728271484 899.14630126953 897.91809082031 896.73992919922 895.65502929688 894.70123291016 893.93743896484 893.47106933594 893.55572509766 894.19653320312 895.34899902344 897.05010986328 898.97467041016 900.84069824219 902.61340332031 904.12054443359 905.15350341797 905.806640625 906.17700195312 906.42956542969 906.60064697266 906.74810791016 906.92462158203 907.24603271484 907.78839111328 908.60986328125 909.74963378906 911.25732421875 913.11419677734 915.24114990234 917.61389160156 920.08514404297 922.81066894531 925.81213378906 929.03607177734 932.40966796875 935.8134765625 939.17584228516 942.33166503906 945.14080810547 947.43939208984 949.27606201172 950.29803466797 950.45867919922 950.03607177734 949.2802734375 948.30883789062
899.74932861328 898.376953125 896.93615722656 895.47930908203 894.04235839844 892.8125 891.85705566406 891.21124267578 890.98559570312 891.61346435547 893.31756591797 895.3857421875 897.6142578125 899.84014892578 901.89733886719 903.52465820312 904.73992919922 905.60021972656 906.18621826172 906.55969238281 906.76751708984 906.92260742188 907.07885742188 907.29345703125 907.65405273438 908.32568359375 909.29998779297 910.5908203125 912.20532226562 914.15649414062 916.39593505859 918.77874755859 921.35656738281 924.17816162109 927.22344970703 930.41003417969 933.62133789062 936.76751708984 939.66583251953 942.27130126953 944.48596191406 946.24694824219 947.40106201172 947.65216064453 947.23571777344 946.49908447266 945.53747558594
899.55505371094 897.97216796875 896.19750976562 894.44738769531 892.80438232422 891.35101318359 890.16375732422 889.34576416016 888.94348144531 889.72766113281 891.66101074219 894.20825195312 896.80438232422 899.23486328125 901.42053222656 903.27380371094 904.71893310547 905.68969726562 906.34710693359 906.77282714844 907.01861572266 907.123046875 907.16882324219 907.2587890625 907.46655273438 907.86486816406 908.52947998047 909.62097167969 911.03576660156 912.74951171875 914.72442626953 916.93011474609 919.41162109375 922.10559082031 924.96929931641 927.94287109375 930.892578125 933.75982666016 936.44482421875 938.88348388672 941.00518798828 942.59027099609 943.57165527344 943.92614746094 943.73529052734 943.10900878906 942.14508056641
899.64923095703 897.82379150391 895.84344482422 893.81433105469 891.86981201172 890.29284667969 889.14526367188 888.42376708984 888.220703125 888.95013427734 891.21929931641 893.83758544922 896.54229736328 899.16552734375 901.5234375 903.44085693359 904.94256591797 906.04815673828 906.79827880859 907.20031738281 907.36065673828 907.36999511719 907.28411865234 907.16241455078 907.12365722656 907.28662109375 907.70837402344 908.43145751953 909.48297119141 910.95953369141 912.72174072266 914.74432373047 917.01110839844 919.51495361328 922.23547363281 925.00274658203 927.74212646484 930.38677978516 932.86328125 935.04901123047 936.92401123047 938.40716552734 939.42291259766 939.82977294922 939.62908935547 939.04431152344 938.17883300781
900.07482910156 898.0927734375 895.86932373047 893.59832763672 891.48913574219 889.72778320312 888.62280273438 888.28100585938 888.66015625 889.82098388672 891.73791503906 894.26104736328 896.99273681641 899.63287353516 902.05242919922 904.13330078125 905.72863769531 906.77258300781 907.43426513672 907.78802490234 907.87408447266 907.74792480469 907.44287109375 907.08599853516 906.763671875 906.55639648438 906.64904785156 907.05902099609 907.80560302734 908.89184570312 910.31079101562 912.12585449219 914.22357177734 916.55749511719 919.06597900391 921.67132568359 924.26007080078 926.67468261719 928.90008544922 930.91326904297 932.68243408203 934.02661132812 934.85650634766 935.20977783203 935.10552978516 934.57867431641 933.70660400391
900.78649902344 898.56896972656 896.17700195312 893.77899169922 891.52270507812 889.65295410156 888.86120605469 888.92047119141 889.55023193359 890.83447265625 892.84442138672 895.26605224609 897.89343261719 900.55841064453 903.04479980469 905.14465332031 906.69195556641 907.70971679688 908.32843017578 908.59643554688 908.50140380859 908.16381835938 907.63812255859 907.01690673828 906.42767333984 905.89617919922 905.57043457031 905.52197265625 905.89196777344 906.68487548828 907.82342529297 909.31048583984 911.12084960938 913.27911376953 915.65106201172 918.08959960938 920.49670410156 922.77880859375 924.85144042969 926.67028808594 928.21374511719 929.40710449219 930.19305419922 930.482421875 930.26702880859 929.70111083984 928.89715576172
