gis/input_ras/wahp/raw_surf_ow/GM_Numerical_ 00 - Bedrock_younger.grd
DSAA
157 175
2880056.8709409 2983016.8709409
-256145.63012446 -141305.63012446
420.03063964844 857.8251953125
[rows 21 to 41 of 175, columns 94 to 140 of 157]
633.11248779297 652.78070068359 671.14959716797 687.32147216797 699.59954833984 708.22332763672 713.28979492188 715.14514160156 714.43359375 711.93041992188 708.43383789062 703.83734130859 697.99621582031 690.62261962891 681.52563476562 671.31048583984 660.18731689453 648.36474609375 635.93627929688 623.38079833984 611.18756103516 599.85223388672 589.56756591797 582.15417480469 579.8076171875 582.67523193359 589.72473144531 599.72515869141 612.01788330078 625.4208984375 639.37609863281 653.39855957031 666.98284912109 678.81634521484 688.53894042969 696.10974121094 701.62512207031 705.33343505859 707.55102539062 708.60949707031 708.27325439453 706.30163574219 702.23364257812 695.37084960938 685.96234130859 673.77111816406 658.66717529297
632.1435546875 652.67004394531 670.84240722656 686.39495849609 699.01635742188 708.42877197266 713.66973876953 715.76416015625 715.81890869141 714.70031738281 713.11340332031 710.10241699219 705.59417724609 699.43103027344 691.62609863281 682.22149658203 671.27856445312 659.39770507812 646.73223876953 633.49468994141 620.10137939453 607.25402832031 595.62274169922 585.61822509766 579.30596923828 582.93933105469 590.52856445312 600.65734863281 612.44934082031 625.92633056641 640.58087158203 655.52648925781 669.7353515625 682.39886474609 692.77447509766 699.90411376953 704.39440917969 707.44366455078 709.58441162109 711.09857177734 711.36676025391 710.05969238281 706.90881347656 701.67846679688 694.04467773438 682.08276367188 666.20477294922
632.66162109375 654.05297851562 672.95373535156 688.73461914062 701.00024414062 710.00811767578 715.99237060547 719.07305908203 719.21447753906 718.76989746094 718.84259033203 717.89111328125 715.22161865234 710.16760253906 703.11322021484 694.32531738281 683.99035644531 672.30517578125 659.36761474609 645.4228515625 631.14379882812 617.10400390625 604.08447265625 593.62237548828 588.13287353516 588.57110595703 593.80059814453 602.40075683594 614.00817871094 627.74786376953 643.00024414062 659.02752685547 674.54034423828 687.91754150391 697.91815185547 704.26733398438 707.59436035156 709.56536865234 711.16656494141 712.97412109375 714.30480957031 714.44262695312 712.41418457031 708.23944091797 701.78875732422 691.43798828125 675.57666015625
636.34405517578 658.43634033203 677.20184326172 692.65496826172 705.17199707031 714.68121337891 720.97393798828 724.26977539062 725.57373046875 726.12084960938 727.52996826172 727.53747558594 725.66278076172 721.86114501953 716.02722167969 707.84088134766 697.77551269531 685.98883056641 672.79614257812 658.41455078125 643.41882324219 628.58453369141 614.99267578125 603.89288330078 596.42779541016 595.17309570312 598.60699462891 605.82092285156 616.35595703125 629.91296386719 645.79846191406 662.97125244141 679.92108154297 694.82763671875 705.28765869141 710.56848144531 711.05474853516 710.60797119141 712.03289794922 714.79663085938 717.22583007812 718.28747558594 717.14929199219 713.896484375 708.86773681641 699.62634277344 683.02630615234
643.0224609375 665.37658691406 684.16027832031 699.31030273438 711.51538085938 720.69879150391 727.61242675781 732.23254394531 734.69140625 736.54272460938 738.09173583984 738.70007324219 737.66540527344 734.47119140625 729.12628173828 721.51330566406 711.87683105469 700.18908691406 686.84741210938 672.07800292969 656.37725830078 640.54125976562 625.97155761719 613.90289306641 605.57305908203 601.70983886719 602.51214599609 608.66790771484 618.52551269531 632.17144775391 648.7236328125 667.23333740234 685.77642822266 702.29760742188 713.77520751953 716.80090332031 713.36352539062 710.82232666016 711.51867675781 716.55078125 720.77764892578 722.72155761719 721.65777587891 717.92858886719 711.21673583984 701.36700439453 687.89642333984
653.21173095703 675.34753417969 693.53112792969 707.46752929688 719.01135253906 728.26306152344 735.46197509766 740.78814697266 744.77020263672 747.65814208984 749.53363037109 750.42687988281 749.76190185547 747.09356689453 742.21466064453 734.91528320312 725.56970214844 714.18859863281 700.93853759766 685.92102050781 669.728515625 653.22253417969 637.09143066406 622.67254638672 612.20239257812 606.63684082031 605.80096435547 610.34466552734 619.66998291016 633.54693603516 650.54345703125 669.73309326172 690.04016113281 709.81518554688 721.43579101562 723.44549560547 717.26361083984 711.08227539062 713.60052490234 719.74444580078 724.9462890625 727.80053710938 726.03619384766 720.50219726562 712.49615478516 702.14349365234 690.90979003906
666.14605712891 687.67071533203 703.67242431641 716.57635498047 727.29107666016 736.30816650391 743.94183349609 749.93133544922 754.61291503906 758.24102783203 760.81170654297 761.99743652344 761.28228759766 758.69305419922 754.08459472656 747.30822753906 738.65399169922 727.73724365234 714.92163085938 700.30603027344 683.60363769531 665.38787841797 647.41235351562 631.00390625 617.40008544922 608.43090820312 606.14910888672 610.18505859375 619.27655029297 633.05572509766 650.82122802734 670.74169921875 691.18792724609 710.44757080078 723.21527099609 725.80047607422 721.599609375 717.61157226562 719.82049560547 724.92047119141 730.17144775391 732.97161865234 730.42248535156 723.48864746094 714.56011962891 705.11090087891 695.58990478516
679.37548828125 700.22381591797 714.73388671875 725.29626464844 735.05212402344 743.89813232422 751.71899414062 758.45385742188 764.02874755859 768.12927246094 770.84619140625 772.07299804688 771.57916259766 768.83752441406 764.07562255859 757.78857421875 750.02337646484 740.74847412109 729.37963867188 714.74530029297 697.57861328125 678.30804443359 657.47711181641 636.52508544922 619.88348388672 608.63488769531 603.78784179688 606.37261962891 616.51513671875 631.53991699219 649.63446044922 669.59497070312 689.76049804688 707.17504882812 719.05523681641 724.29351806641 725.00164794922 725.19714355469 727.00701904297 730.68603515625 734.28491210938 736.18463134766 732.74938964844 725.29541015625 716.79943847656 708.07318115234 699.79858398438
688.78491210938 709.55157470703 721.66864013672 731.8681640625 741.43450927734 750.48791503906 758.69244384766 765.78350830078 771.72705078125 776.38555908203 779.59088134766 780.44641113281 779.22442626953 776.19702148438 771.67767333984 766.18127441406 760.03302001953 752.40472412109 742.47204589844 729.49310302734 712.51214599609 690.611328125 666.44183349609 642.02239990234 619.69299316406 603.14410400391 598.19085693359 601.70458984375 612.17175292969 627.88641357422 647.26702880859 667.60076904297 686.95343017578 703.86352539062 716.896484375 724.57250976562 728.35864257812 730.88928222656 733.27508544922 735.93536376953 737.59350585938 736.88745117188 733.09326171875 726.640625 718.59564208984 710.79827880859 704.37554931641
690.96020507812 709.57739257812 724.13208007812 735.49176025391 745.63500976562 755.08459472656 763.74932861328 771.48699951172 777.96124267578 782.61730957031 785.40362548828 786.12957763672 784.72229003906 781.10638427734 776.22473144531 771.42852783203 766.98034667969 762.40905761719 754.97161865234 742.49493408203 724.97015380859 702.35784912109 675.07769775391 644.85113525391 617.06378173828 597.19378662109 588.74255371094 592.8857421875 606.72277832031 624.8603515625 645.12353515625 665.98645019531 685.98614501953 702.67401123047 715.72265625 725.25891113281 731.68145751953 735.70080566406 738.40417480469 740.14813232422 740.48492431641 738.94372558594 734.72760009766 727.98620605469 720.42687988281 713.26135253906 707.84295654297
691.19677734375 709.10699462891 723.62573242188 736.294921875 747.57159423828 757.81811523438 766.92095947266 774.87176513672 781.46154785156 786.42401123047 789.35656738281 789.55596923828 787.15783691406 782.94830322266 777.62951660156 772.45306396484 769.74951171875 768.23687744141 763.07098388672 751.13891601562 734.23760986328 709.81842041016 679.72467041016 645.70520019531 611.56280517578 584.69818115234 578.93408203125 587.4970703125 603.54144287109 623.08190917969 644.85180664062 666.55847167969 686.38348388672 703.68334960938 717.99420166016 728.22784423828 735.27130126953 740.09405517578 743.07305908203 744.48297119141 744.01806640625 741.25952148438 736.6318359375 730.45751953125 723.13586425781 715.52453613281 712.11187744141
689.96838378906 706.92755126953 722.23712158203 735.52062988281 747.38317871094 758.15081787109 767.81164550781 776.25421142578 783.00701904297 787.83508300781 790.24365234375 790.18664550781 787.64196777344 782.86761474609 776.80505371094 771.03430175781 768.35754394531 769.7763671875 766.47082519531 749.84136962891 728.27880859375 703.64703369141 674.19079589844 638.23999023438 607.30780029297 584.05700683594 575.74444580078 586.84777832031 603.53198242188 625.07769775391 648.15576171875 670.48834228516 690.56134033203 707.67687988281 721.41369628906 732.22033691406 740.14385986328 745.12567138672 747.8515625 748.49346923828 747.34362792969 744.49957275391 739.79272460938 733.77136230469 727.39379882812 721.75152587891 717.89990234375
688.00378417969 704.41021728516 719.32080078125 732.93292236328 745.41271972656 756.58551025391 766.52307128906 775.00714111328 781.81280517578 786.72241210938 789.05743408203 788.79577636719 785.68402099609 780.8134765625 774.81896972656 768.41888427734 765.21185302734 762.40466308594 753.22680664062 733.26354980469 705.60168457031 675.31579589844 648.49011230469 625.39617919922 603.67987060547 587.89923095703 586.05639648438 593.42700195312 608.80047607422 631.66314697266 655.85339355469 678.40960693359 697.6943359375 714.09454345703 727.57678222656 738.12615966797 745.54730224609 750.23638916016 752.63018798828 752.88275146484 751.31896972656 747.92266845703 743.35217285156 738.08343505859 732.48156738281 727.55847167969 724.56182861328
685.28466796875 700.66821289062 715.31823730469 728.91809082031 741.47308349609 752.82299804688 762.92932128906 771.48449707031 778.27178955078 783.12744140625 785.27947998047 784.86511230469 781.84942626953 777.05017089844 771.15130615234 764.16644287109 755.33685302734 745.111328125 730.49548339844 706.36407470703 671.41125488281 637.04730224609 618.97009277344 605.54187011719 596.533203125 593.99768066406 596.72241210938 605.59112548828 621.01507568359 644.71752929688 668.84149169922 690.09234619141 708.23614501953 723.47583007812 735.47344970703 744.82202148438 751.63836669922 755.84851074219 757.77691650391 757.30700683594 755.20361328125 751.71997070312 747.22430419922 742.15594482422 737.21588134766 732.85485839844 729.59167480469
681.56707763672 696.21008300781 710.28143310547 723.447265625 735.79925537109 747.06018066406 757.11804199219 765.77178955078 772.46545410156 777.05780029297 779.14215087891 778.76318359375 776.03997802734 771.59411621094 765.34222412109 756.82250976562 745.34210205078 728.22430419922 702.22155761719 671.65533447266 635.31481933594 600.00360107422 590.89953613281 592.78002929688 594.26599121094 599.28759765625 608.61462402344 623.55212402344 642.63580322266 664.78289794922 686.79431152344 705.98858642578 721.06530761719 733.70648193359 744.20794677734 752.43200683594 758.38824462891 761.53784179688 762.52136230469 761.56817626953 759.11285400391 755.41247558594 750.80505371094 745.87365722656 741.04992675781 736.72589111328 733.18054199219
677.35467529297 690.74774169922 703.96936035156 716.64099121094 728.62927246094 739.73937988281 749.56787109375 757.83087158203 764.39440917969 769.03662109375 771.36199951172 770.97698974609 768.41021728516 764.22338867188 758.30340576172 749.74652099609 734.96905517578 711.08117675781 678.01190185547 637.30358886719 593.67785644531 576.10357666016 574.58483886719 581.39770507812 592.02368164062 607.02508544922 624.14056396484 644.34100341797 666.68780517578 689.431640625 707.05236816406 721.98413085938 734.51611328125 745.01232910156 753.63977050781 759.91558837891 764.33782958984 766.73657226562 767.16009521484 765.66326904297 762.52478027344 758.38928222656 753.64636230469 748.61053466797 743.61053466797 738.98840332031 735.00372314453
672.36077880859 684.84149169922 697.10217285156 708.96307373047 720.26037597656 730.814453125 740.37231445312 748.68115234375 755.27014160156 759.48101806641 761.54364013672 761.51416015625 759.59936523438 755.97802734375 749.96051025391 740.7978515625 725.92205810547 702.56182861328 666.81500244141 610.49377441406 571.78686523438 557.01245117188 564.06213378906 579.65405273438 596.48480224609 616.00714111328 637.84948730469 662.48803710938 690.82720947266 712.48999023438 727.69549560547 738.09106445312 747.29919433594 755.142578125 761.68109130859 766.72033691406 770.15100097656 771.63372802734 770.90179443359 768.62335205078 765.10534667969 760.64263916016 755.48022460938 750.13104248047 744.88940429688 739.8935546875 735.23565673828
667.42016601562 678.66802978516 689.67681884766 700.49298095703 711.05590820312 721.25250244141 730.55987548828 738.48187255859 744.77453613281 749.20220947266 751.60638427734 751.41461181641 749.61145019531 746.16888427734 740.64379882812 732.32501220703 717.96453857422 696.94854736328 664.07946777344 619.02990722656 559.70843505859 557.74871826172 567.70013427734 584.17864990234 604.38323974609 626.45776367188 650.95495605469 677.15600585938 703.53521728516 727.34954833984 740.54968261719 749.73071289062 757.32086181641 763.69372558594 768.87542724609 772.55017089844 774.53997802734 774.91784667969 773.67401123047 770.89172363281 766.65618896484 761.59704589844 756.11151123047 750.43670654297 744.77557373047 739.33514404297 734.03765869141
662.9990234375 672.56396484375 681.96624755859 691.57141113281 701.22021484375 710.86218261719 720.13934326172 728.48986816406 735.02319335938 739.10681152344 740.96948242188 740.95227050781 739.470703125 736.44818115234 730.71636962891 721.71539306641 709.50244140625 693.47924804688 668.11938476562 623.2275390625 588.59130859375 574.47790527344 580.16320800781 596.94360351562 616.98413085938 639.06451416016 662.78619384766 687.64465332031 712.08941650391 732.14910888672 747.21228027344 757.58477783203 764.86706542969 770.11694335938 773.91033935547 776.43103027344 777.62579345703 777.31878662109 775.02380371094 771.36358642578 766.69055175781 761.27136230469 755.42254638672 749.41467285156 743.46185302734 737.53082275391 731.53466796875
659.23382568359 667.2041015625 674.45373535156 682.05596923828 690.58276367188 700.13531494141 709.73553466797 718.55261230469 725.44805908203 729.81237792969 731.44390869141 730.88232421875 728.765625 725.70849609375 720.35235595703 711.37890625 699.49688720703 683.96850585938 662.25744628906 635.27545166016 607.990234375 598.19958496094 602.44927978516 614.71954345703 631.99542236328 652.95190429688 675.19775390625 697.69189453125 719.51733398438 739.17864990234 753.86846923828 763.32855224609 769.75091552734 774.21795654297 777.21618652344 778.95227050781 778.94702148438 777.4931640625 774.64379882812 770.50506591797 765.34625244141 759.42242431641 753.27709960938 747.10083007812 740.97674560547 734.77429199219 728.06848144531
657.06658935547 661.80578613281 666.25134277344 672.212890625 679.52630615234 688.96337890625 699.73193359375 709.96783447266 717.47369384766 721.90844726562 722.55657958984 720.71606445312 717.53100585938 714.14154052734 708.00738525391 699.48095703125 689.57952880859 677.31701660156 660.52557373047 642.42864990234 629.31201171875 622.44427490234 624.78674316406 635.21228027344 650.29498291016 667.93884277344 687.18524169922 707.83099365234 728.24365234375 746.19006347656 759.28405761719 767.46203613281 772.89910888672 776.47692871094 778.33404541016 778.935546875 778.25238037109 776.17163085938 772.64666748047 767.76922607422 762.11273193359 755.96197509766 749.64343261719 743.37738037109 737.27215576172 731.03204345703 723.58905029297
