gis/input_ras/wahp/raw_surf_ow/GM_Numerical_ 00 - Bedrock_younger.grd
DSAA
157 175
2880056.8709409 2983016.8709409
-256145.63012446 -141305.63012446
420.03063964844 857.8251953125
[rows 84 to 104 of 175, columns 94 to 140 of 157]
656.70758056641 657.99261474609 663.89666748047 674.86517333984 689.66491699219 706.97674560547 723.05029296875 724.00396728516 717.00396728516 705.07861328125 689.68768310547 673.29626464844 659.51293945312 649.1064453125 642.77612304688 642.00433349609 644.96154785156 649.43682861328 654.69982910156 660.12634277344 665.13250732422 669.17529296875 672.65319824219 675.75933837891 678.50048828125 680.7744140625 682.72680664062 684.35760498047 685.72430419922 686.90032958984 688.08337402344 690.19573974609 693.75427246094 698.54675292969 704.38781738281 710.58142089844 716.21887207031 719.00256347656 718.63909912109 717.22589111328 715.49493408203 713.67108154297 711.74700927734 709.64868164062 707.13885498047 704.22113037109 701.01220703125
654.94873046875 655.73059082031 660.06622314453 671.30511474609 690.51531982422 710.29272460938 726.04302978516 730.90802001953 723.19287109375 708.22174072266 690.43383789062 671.80914306641 654.21661376953 640.9130859375 636.89813232422 638.54528808594 644.02514648438 651.67169189453 660.26751708984 667.21264648438 672.79803466797 677.08764648438 680.22784423828 682.55633544922 684.61968994141 686.37884521484 687.80328369141 688.74993896484 689.19189453125 689.51947021484 689.94879150391 690.96997070312 693.45129394531 698.49407958984 704.18615722656 709.88714599609 714.92889404297 717.62933349609 717.82403564453 716.75476074219 715.18487548828 713.32543945312 711.177734375 708.697265625 705.86535644531 702.66973876953 699.13568115234
654.18237304688 653.55975341797 655.74249267578 668.39801025391 689.36614990234 713.27026367188 729.94683837891 733.61254882812 726.41528320312 711.33367919922 691.60491943359 669.67669677734 649.10015869141 634.64245605469 629.31353759766 635.46545410156 645.384765625 656.02697753906 666.43157958984 675.58624267578 682.22399902344 685.65386962891 687.92437744141 689.53259277344 690.79650878906 691.73999023438 692.40960693359 692.67474365234 692.56201171875 692.15832519531 691.5966796875 691.53552246094 693.84552001953 698.12054443359 703.26092529297 708.15051269531 712.10266113281 714.55926513672 715.44799804688 715.04333496094 713.74114990234 711.95031738281 709.79364013672 707.25494384766 704.28375244141 700.78997802734 697.01702880859
656.95959472656 657.61712646484 659.03942871094 666.28540039062 694.53973388672 717.98889160156 734.46643066406 741.01245117188 731.25592041016 713.56036376953 692.88250732422 670.68560791016 648.28100585938 627.02319335938 628.82897949219 637.45379638672 649.09588623047 661.77722167969 674.53686523438 685.0537109375 691.53070068359 694.48132324219 695.47161865234 695.97943115234 696.34869384766 696.58013916016 696.59796142578 696.30352783203 695.53894042969 694.58520507812 693.78955078125 693.62445068359 694.76910400391 698.13256835938 702.00927734375 705.85662841797 709.19366455078 711.521484375 712.31292724609 712.15643310547 711.25726318359 709.78247070312 707.78277587891 705.19122314453 702.12371826172 698.64727783203 694.85028076172
665.03784179688 670.60766601562 678.92529296875 693.22552490234 709.99700927734 727.13110351562 740.73388671875 741.10559082031 731.72912597656 715.48278808594 696.00378417969 675.00537109375 655.99566650391 643.00494384766 638.59704589844 644.97082519531 656.00811767578 668.64123535156 681.97796630859 694.33068847656 701.27886962891 701.60412597656 701.43548583984 701.1826171875 700.90985107422 700.63159179688 700.0556640625 699.15100097656 697.96557617188 696.623046875 695.50958251953 695.18151855469 695.96136474609 697.77996826172 700.42633056641 703.47686767578 705.91314697266 707.66766357422 708.63653564453 708.77294921875 708.04949951172 706.75451660156 704.93218994141 702.57543945312 699.65203857422 696.18725585938 692.4423828125
673.86791992188 686.93951416016 702.86791992188 718.27667236328 728.81298828125 735.23419189453 739.46319580078 739.28753662109 730.26751708984 715.65246582031 699.02032470703 682.07250976562 666.3896484375 655.03045654297 652.40795898438 655.92614746094 663.83251953125 674.6904296875 687.23028564453 698.15612792969 703.79705810547 705.35235595703 705.18890380859 704.80792236328 704.28033447266 703.52716064453 702.52722167969 701.25207519531 699.68023681641 697.97918701172 696.57037353516 695.69616699219 695.80755615234 696.92547607422 698.55279541016 700.4111328125 702.23602294922 703.70935058594 704.45928955078 704.58367919922 704.16619873047 703.20422363281 701.56286621094 699.32769775391 696.56329345703 693.36968994141 689.82409667969
681.50177001953 697.11187744141 716.48034667969 730.96411132812 737.34631347656 738.47424316406 739.02075195312 735.15832519531 727.26928710938 716.19464111328 702.29254150391 687.95648193359 676.21557617188 667.96142578125 663.919921875 665.88287353516 672.04559326172 680.40258789062 689.47674560547 698.01275634766 703.68017578125 705.98669433594 706.85174560547 706.86883544922 706.30712890625 705.36706542969 704.07171630859 702.31378173828 700.2890625 698.23034667969 696.49859619141 695.30181884766 694.77819824219 694.90600585938 695.74536132812 696.99291992188 698.15863037109 699.10522460938 699.77838134766 699.99969482422 699.70104980469 698.85888671875 697.49114990234 695.60247802734 693.06536865234 690.07373046875 686.76397705078
685.25677490234 700.60186767578 716.30261230469 729.60168457031 735.08459472656 736.41418457031 735.04168701172 731.20159912109 724.27392578125 714.81188964844 704.58770751953 694.33233642578 684.76477050781 677.72692871094 674.4296875 674.99200439453 678.37084960938 684.58306884766 691.75769042969 698.17877197266 702.81805419922 705.93786621094 707.24798583984 707.58221435547 707.15777587891 706.03527832031 704.35638427734 702.27514648438 699.91918945312 697.45098876953 695.21301269531 693.47418212891 692.49017333984 692.12457275391 692.22772216797 692.6650390625 693.36242675781 694.07403564453 694.59155273438 694.78674316406 694.64434814453 694.01403808594 692.83850097656 691.15997314453 689.00659179688 686.43182373047 683.38592529297
684.93939208984 698.69787597656 712.21624755859 722.10003662109 728.31848144531 730.16595458984 729.32904052734 726.11126708984 720.97808837891 714.26275634766 706.24468994141 698.13208007812 690.92651367188 685.65203857422 682.52947998047 682.27661132812 684.50659179688 688.49493408203 693.19952392578 698.19689941406 702.35009765625 705.27947998047 706.92431640625 707.44427490234 706.90765380859 705.62493896484 703.71624755859 701.14849853516 698.23602294922 695.40826416016 692.83709716797 690.69219970703 689.07647705078 688.05450439453 687.71752929688 687.76013183594 688.05096435547 688.42364501953 688.81634521484 689.03430175781 688.96185302734 688.52618408203 687.68341064453 686.34979248047 684.48736572266 682.20715332031 679.55822753906
681.83703613281 693.09704589844 704.06030273438 712.96783447266 719.05340576172 722.21954345703 722.82586669922 720.82391357422 717.21722412109 712.37249755859 706.88134765625 701.23712158203 695.74725341797 691.39739990234 688.63262939453 687.81036376953 688.86651611328 691.58575439453 695.11236572266 698.87451171875 702.14520263672 704.62182617188 706.04803466797 706.45300292969 705.89782714844 704.26312255859 701.82391357422 698.88116455078 695.65563964844 692.3759765625 689.26818847656 686.73907470703 684.77203369141 683.35864257812 682.47277832031 682.04162597656 682.07586669922 682.28546142578 682.56127929688 682.79052734375 682.86151123047 682.59906005859 681.98327636719 680.98309326172 679.59112548828 677.75616455078 675.42590332031
676.36791992188 686.01208496094 695.30114746094 703.35485839844 709.37951660156 713.30456542969 715.25421142578 715.37664794922 713.99078369141 710.84997558594 706.96594238281 702.74774169922 698.62188720703 695.30944824219 693.15393066406 692.31274414062 692.76007080078 694.353515625 696.73303222656 699.49633789062 701.99200439453 703.91656494141 705.04174804688 704.92718505859 703.81018066406 701.81768798828 699.07086181641 695.70642089844 691.98785400391 688.36755371094 685.00665283203 682.04528808594 679.59527587891 677.85418701172 676.69317626953 676.00250244141 675.70684814453 675.71630859375 675.93994140625 676.17517089844 676.32482910156 676.30633544922 676.04870605469 675.35369873047 674.28656005859 672.83721923828 671.00317382812
669.83795166016 678.04516601562 685.92474365234 693.20935058594 699.64562988281 704.97186279297 708.46856689453 710.16619873047 710.30279541016 709.06323242188 706.71752929688 703.67956542969 700.75335693359 698.26428222656 696.45330810547 695.50360107422 695.79516601562 696.83911132812 698.39111328125 700.18371582031 701.89611816406 702.94354248047 703.21173095703 702.61303710938 701.10760498047 698.63714599609 695.29644775391 691.53509521484 687.56561279297 683.59533691406 679.89660644531 676.71832275391 674.06726074219 671.96801757812 670.42395019531 669.51593017578 669.09466552734 668.99011230469 669.11187744141 669.37054443359 669.64208984375 669.78918457031 669.74169921875 669.43988037109 668.83197021484 667.75225830078 666.28643798828
663.11755371094 670.11309814453 676.90661621094 683.78302001953 690.58184814453 696.89886474609 702.08447265625 705.74041748047 707.34765625 707.23071289062 706.06494140625 704.27069091797 702.23443603516 700.30511474609 699.03662109375 698.33685302734 698.20635986328 698.60339355469 699.56176757812 700.48553466797 701.16821289062 701.40710449219 701.02075195312 699.73565673828 697.42651367188 694.38391113281 690.73687744141 686.65344238281 682.37908935547 678.21112060547 674.33270263672 670.83941650391 667.86798095703 665.57421875 663.88555908203 662.76733398438 662.17053222656 662.03277587891 662.22052001953 662.53625488281 662.89514160156 663.23748779297 663.42852783203 663.39147949219 663.07806396484 662.44830322266 661.47027587891
656.87951660156 663.1376953125 668.73754882812 674.76519775391 682.39227294922 690.21563720703 696.68206787109 701.45056152344 704.42895507812 705.7880859375 705.64990234375 704.61450195312 703.42462158203 702.22338867188 701.15051269531 700.38739013672 700.06762695312 699.98193359375 700.01428222656 700.04071044922 699.9990234375 699.38360595703 697.99243164062 695.90850830078 693.12091064453 689.66564941406 685.56823730469 681.17156982422 676.70935058594 672.34197998047 668.31146240234 664.66461181641 661.50952148438 658.92266845703 656.99230957031 655.78771972656 655.23126220703 655.12640380859 655.35357666016 655.78015136719 656.24530029297 656.71813964844 657.11309814453 657.37615966797 657.37933349609 657.03936767578 656.38201904297
651.84063720703 657.42456054688 661.83337402344 667.20715332031 675.52410888672 684.84973144531 692.67327880859 698.66809082031 702.42138671875 704.49340820312 705.28741455078 705.24017333984 704.62469482422 703.75177001953 702.91162109375 702.08343505859 701.26495361328 700.56353759766 699.99957275391 699.19287109375 698.017578125 696.44390869141 694.40435791016 691.74645996094 688.26354980469 684.25360107422 679.88275146484 675.31085205078 670.71020507812 666.28265380859 662.08660888672 658.22515869141 654.93005371094 652.23559570312 650.28552246094 649.01629638672 648.39196777344 648.34106445312 648.65637207031 649.20489501953 649.82586669922 650.42541503906 650.95440673828 651.37866210938 651.63909912109 651.67163085938 651.37371826172
648.60626220703 654.24487304688 658.69140625 664.54522705078 672.71887207031 682.40893554688 690.53900146484 696.85388183594 701.33410644531 704.21459960938 705.47979736328 705.87121582031 705.7158203125 705.19500732422 704.34887695312 703.30023193359 702.15771484375 700.76715087891 699.16979980469 697.44342041016 695.55810546875 693.28521728516 690.29125976562 686.80456542969 682.88342285156 678.56536865234 673.93756103516 669.17395019531 664.50909423828 660.02026367188 655.77355957031 651.88580322266 648.54351806641 645.78186035156 643.78802490234 642.52215576172 641.9619140625 641.982421875 642.35748291016 642.97027587891 643.66461181641 644.36242675781 645.02545166016 645.63323974609 646.06512451172 646.28820800781 646.2626953125
646.96997070312 653.43420410156 659.38836669922 665.81500244141 674.01605224609 682.6005859375 690.39227294922 696.69665527344 701.32177734375 704.42608642578 706.13226318359 706.89251708984 706.88977050781 706.44445800781 705.619140625 704.20495605469 702.30859375 700.25640869141 698.00140380859 695.50335693359 692.49438476562 689.21710205078 685.65386962891 681.67254638672 677.26940917969 672.5205078125 667.69000244141 662.89184570312 658.21527099609 653.73663330078 649.55694580078 645.76800537109 642.47961425781 639.75903320312 637.7412109375 636.53070068359 636.09014892578 636.14971923828 636.54821777344 637.16925048828 637.89776611328 638.65252685547 639.37414550781 640.05249023438 640.65594482422 641.12524414062 641.30316162109
646.35815429688 653.74938964844 660.88000488281 668.49468994141 676.45654296875 684.47552490234 691.80456542969 697.96728515625 702.45648193359 705.41925048828 707.14410400391 707.95916748047 708.07897949219 707.57427978516 706.50231933594 704.63903808594 702.20904541016 699.39025878906 696.08233642578 692.64508056641 688.96557617188 685.01690673828 680.71368408203 676.04449462891 671.24029541016 666.30548095703 661.34051513672 656.48718261719 651.90502929688 647.57916259766 643.55322265625 639.90667724609 636.80633544922 634.25714111328 632.28717041016 631.12353515625 630.76782226562 630.89636230469 631.28137207031 631.85931396484 632.54504394531 633.28521728516 634.04425048828 634.79241943359 635.47399902344 636.03753662109 636.43273925781
646.01531982422 654.95532226562 663.28308105469 671.53448486328 679.71118164062 687.60455322266 694.43176269531 699.95764160156 704.14056396484 707.01434326172 708.66625976562 709.18090820312 708.98944091797 708.23583984375 706.86389160156 704.51721191406 701.27783203125 697.67828369141 693.744140625 689.51245117188 684.927734375 680.18170166016 675.28344726562 670.22802734375 665.06359863281 659.87023925781 654.86627197266 650.09948730469 645.6162109375 641.44079589844 637.71759033203 634.45806884766 631.65704345703 629.31768798828 627.44329833984 626.41625976562 626.17083740234 626.23980712891 626.51953125 626.9697265625 627.57244873047 628.27990722656 629.02966308594 629.79638671875 630.55096435547 631.22174072266 631.73004150391
646.11462402344 656.30102539062 665.86206054688 674.97662353516 683.43914794922 691.08483886719 697.66876220703 702.99523925781 706.79461669922 708.97448730469 710.09539794922 710.31756591797 709.78228759766 708.51501464844 706.35241699219 703.37762451172 699.70385742188 695.47711181641 690.73046875 685.65710449219 680.40051269531 675.02471923828 669.57751464844 664.06994628906 658.63671875 653.35858154297 648.31323242188 643.57458496094 639.33862304688 635.51013183594 632.10394287109 629.14385986328 626.65814208984 624.77545166016 623.35498046875 622.43951416016 621.99920654297 621.91680908203 622.09954833984 622.45153808594 622.95227050781 623.57897949219 624.31024169922 625.08966064453 625.86303710938 626.58917236328 627.22515869141
647.22869873047 658.32299804688 668.75762939453 678.52905273438 687.49530029297 695.45947265625 701.8203125 706.45672607422 709.57763671875 711.33166503906 711.91491699219 711.42578125 710.08880615234 708.06988525391 705.33575439453 701.81719970703 697.4345703125 692.42901611328 686.99084472656 681.24145507812 675.36047363281 669.41204833984 663.48199462891 657.64984130859 651.98712158203 646.60467529297 641.66009521484 637.14929199219 633.09289550781 629.50128173828 626.40356445312 623.91711425781 621.89019775391 620.29418945312 619.09722900391 618.33813476562 617.95678710938 617.81097412109 617.86932373047 618.111328125 618.56634521484 619.17541503906 619.88159179688 620.64959716797 621.44805908203 622.21697998047 622.90563964844
