gis/input_ras/wahp/raw_surf_ow/GM_Numerical_ 11 - Surface Clay_younger.grd
DSAA
157 175
2880056.8709409 2983016.8709409
-256145.63012446 -141305.63012446
905.16784667969 1004.046875
[rows 147 to 167 of 175, columns 94 to 140 of 157]
957.16094970703 960.66381835938 962.33392333984 961.572265625 961.11065673828 961.31048583984 960.89099121094 959.94409179688 959.07598876953 960.08581542969 960.49237060547 961.24206542969 961.22918701172 962.26226806641 964.38012695312 965.30578613281 966.86920166016 966.57238769531 966.294921875 967.81567382812 968.35455322266 969.34753417969 967.29522705078 967.93371582031 969.00689697266 967.38519287109 968.36401367188 968.90789794922 970.61187744141 972.27264404297 973.80676269531 975.27459716797 978.32781982422 975.99700927734 976.97747802734 974.21856689453 974.36584472656 973.71142578125 973.95721435547 973.70123291016 974.61639404297 973.49310302734 973.47418212891 973.63330078125 972.83715820312 972.95349121094 973.12023925781
955.57958984375 956.10009765625 957.87561035156 959.15698242188 959.20233154297 958.65032958984 958.24206542969 958.05157470703 959.66772460938 960.02087402344 959.32733154297 959.52514648438 961.09271240234 962.33380126953 962.44653320312 963.228515625 965.19348144531 965.43475341797 964.36822509766 964.58679199219 966.22076416016 968.14739990234 968.02337646484 966.98480224609 965.78674316406 965.97772216797 968.34197998047 968.94329833984 970.89593505859 972.30987548828 972.71136474609 974.80108642578 976.28784179688 976.21166992188 975.6416015625 974.24084472656 974.73315429688 974.76220703125 973.58038330078 973.72796630859 973.30535888672 973.43811035156 973.85046386719 973.32263183594 972.87329101562 973.11090087891 972.62414550781
956.29504394531 955.22412109375 958.72943115234 958.37609863281 957.51318359375 956.75836181641 957.43627929688 958.24743652344 958.92602539062 958.78210449219 960.88311767578 961.10150146484 962.40563964844 962.30395507812 962.25140380859 961.36694335938 962.54772949219 962.44506835938 962.93823242188 963.33184814453 964.71978759766 964.89373779297 966.62341308594 965.25335693359 965.28594970703 966.43414306641 968.60424804688 969.74163818359 970.77105712891 971.84429931641 973.49523925781 973.38458251953 975.74053955078 976.36834716797 975.47528076172 974.41802978516 973.60229492188 975.16052246094 974.056640625 973.82098388672 973.08978271484 973.60980224609 973.47052001953 972.63989257812 972.73699951172 972.81176757812 972.71081542969
954.94915771484 954.81060791016 954.27435302734 954.61572265625 955.87554931641 955.18255615234 956.68218994141 957.7880859375 958.63409423828 959.80010986328 959.72241210938 960.94940185547 961.75158691406 962.17138671875 963.26892089844 962.53991699219 962.72259521484 962.18603515625 962.50115966797 961.51385498047 964.39831542969 963.46948242188 966.06304931641 964.92077636719 966.36041259766 966.81420898438 969.06988525391 970.91723632812 971.15026855469 972.57879638672 975.04846191406 973.80517578125 974.56945800781 975.62390136719 974.36254882812 974.74761962891 974.22888183594 974.90954589844 974.49401855469 973.46850585938 973.65301513672 974.07409667969 973.55334472656 972.88629150391 972.49456787109 972.43096923828 972.55657958984
953.44177246094 953.90045166016 954.26116943359 954.92785644531 954.65814208984 955.49389648438 956.33874511719 956.16424560547 957.50604248047 958.44232177734 958.60980224609 959.66864013672 958.30053710938 962.96203613281 962.74066162109 963.2275390625 961.96771240234 961.65808105469 962.25628662109 961.591796875 961.81903076172 962.57312011719 964.78747558594 963.50756835938 965.09936523438 967.28057861328 970.01629638672 972.83489990234 973.36352539062 971.73846435547 972.20526123047 972.63165283203 974.29522705078 976.31646728516 975.18688964844 974.92877197266 973.91827392578 973.84204101562 974.43035888672 973.77972412109 973.58825683594 975.55511474609 974.86608886719 973.03314208984 972.90240478516 972.29748535156 972.61761474609
952.77130126953 952.63330078125 954.22583007812 954.19927978516 955.12799072266 955.75604248047 956.19348144531 955.72448730469 956.6767578125 957.07061767578 959.90466308594 960.57067871094 961.90728759766 962.18566894531 962.23980712891 961.70336914062 962.82653808594 960.51190185547 960.78900146484 959.22058105469 960.71075439453 961.74682617188 964.24993896484 963.79364013672 964.99127197266 967.41876220703 970.10144042969 971.20434570312 972.01257324219 971.09252929688 972.14807128906 972.31164550781 972.40631103516 973.64074707031 973.18841552734 978.78424072266 973.28472900391 973.56860351562 974.35711669922 973.68395996094 972.91217041016 973.2470703125 972.52740478516 972.203125 972.2490234375 971.92193603516 971.89434814453
952.30548095703 952.19866943359 953.29327392578 954.12664794922 956.21154785156 957.67425537109 957.85906982422 957.93914794922 956.82043457031 958.42974853516 959.91436767578 959.70593261719 961.662109375 960.30731201172 958.72308349609 961.97601318359 961.69915771484 959.61004638672 959.27874755859 959.93688964844 961.35894775391 961.54290771484 964.51611328125 963.38830566406 965.86376953125 968.67694091797 970.64697265625 970.87719726562 971.28662109375 970.20123291016 971.67486572266 972.92169189453 971.63903808594 973.25610351562 973.06414794922 973.92236328125 974.67053222656 973.61663818359 973.68664550781 973.44061279297 972.90832519531 973.22961425781 972.92010498047 972.02807617188 972.25109863281 971.67340087891 972.13293457031
952.32891845703 952.11077880859 953.80334472656 955.30395507812 956.90356445312 958.28918457031 959.48291015625 959.14508056641 958.44165039062 958.00103759766 957.82269287109 958.43737792969 959.86730957031 959.47747802734 960.75988769531 961.05413818359 960.19128417969 958.08453369141 959.69177246094 960.23583984375 960.16070556641 961.68927001953 963.88482666016 964.83032226562 967.15380859375 969.56469726562 970.42163085938 970.36749267578 971.33258056641 968.99432373047 971.89001464844 972.56463623047 972.75738525391 972.30334472656 972.54803466797 972.89245605469 974.39050292969 973.48376464844 974.17388916016 973.48876953125 972.96313476562 972.35510253906 972.5517578125 972.22564697266 971.89605712891 972.12634277344 971.52569580078
952.36901855469 953.45349121094 955.21551513672 955.40753173828 957.53033447266 957.40350341797 958.32568359375 958.28894042969 957.54467773438 958.87951660156 959.3466796875 959.08264160156 958.39483642578 957.66363525391 958.65686035156 959.19512939453 958.51629638672 959.05767822266 959.98480224609 959.88488769531 959.83093261719 960.87164306641 963.12799072266 966.16442871094 968.19921875 969.80072021484 969.77508544922 969.53497314453 970.13305664062 968.84051513672 970.10394287109 970.94750976562 971.83276367188 972.21966552734 970.8017578125 971.77087402344 972.09625244141 973.47912597656 973.37799072266 973.62170410156 972.28051757812 971.4619140625 972.71728515625 973.02966308594 972.39984130859 972.88348388672 972.70526123047
954.46374511719 955.33520507812 956.23669433594 956.05773925781 956.73675537109 957.16625976562 958.12774658203 957.97436523438 958.17633056641 958.30651855469 958.7294921875 957.42663574219 956.32318115234 955.67272949219 957.44714355469 957.31701660156 957.53479003906 958.57391357422 960.29760742188 959.71105957031 960.73297119141 961.07336425781 963.19958496094 967.24768066406 968.09759521484 968.90100097656 968.21795654297 968.44049072266 969.31744384766 969.16668701172 969.14886474609 969.77465820312 970.74560546875 971.05358886719 971.47094726562 971.72442626953 972.36083984375 973.15411376953 973.44909667969 971.34783935547 971.91387939453 973.10675048828 973.2353515625 973.58032226562 972.75671386719 973.33032226562 973.04913330078
955.64807128906 955.66516113281 954.80700683594 958.16967773438 956.61767578125 956.91772460938 957.19329833984 957.75549316406 957.71160888672 958.77233886719 958.72271728516 956.48071289062 955.38604736328 955.30816650391 956.60638427734 957.06884765625 957.79620361328 958.41363525391 959.57781982422 959.19647216797 959.73150634766 961.94024658203 963.30944824219 968.96655273438 969.07000732422 968.64477539062 966.60620117188 966.67364501953 969.23895263672 967.80401611328 968.30725097656 968.87506103516 969.08880615234 969.83813476562 971.08099365234 972.41931152344 970.78240966797 970.45007324219 972.46337890625 974.09509277344 972.72033691406 971.81268310547 973.49047851562 972.75939941406 973.22491455078 974.07659912109 973.90478515625
955.44683837891 954.69195556641 956.72009277344 956.48645019531 957.69378662109 956.1220703125 957.95263671875 957.52465820312 957.72998046875 958.73388671875 956.46722412109 954.83239746094 955.35052490234 956.25769042969 957.07537841797 957.37268066406 957.61090087891 958.78466796875 958.99163818359 959.53668212891 961.28961181641 962.73315429688 964.28051757812 968.66607666016 968.56225585938 967.2607421875 967.44683837891 965.49212646484 966.22436523438 966.83245849609 966.68878173828 968.52856445312 968.72845458984 969.27746582031 971.04693603516 971.39349365234 971.02661132812 971.9775390625 973.48718261719 973.2666015625 973.06945800781 972.41888427734 972.64178466797 973.63751220703 973.46405029297 973.44293212891 973.63165283203
957.08380126953 955.88555908203 953.97052001953 955.12390136719 955.83740234375 956.54467773438 956.75689697266 957.34326171875 958.01391601562 957.19158935547 956.48474121094 954.19012451172 953.62347412109 957.05322265625 957.16156005859 957.88464355469 958.50671386719 958.84698486328 959.04711914062 959.462890625 960.36572265625 961.5986328125 963.26727294922 968.32257080078 968.70196533203 966.77087402344 965.91534423828 965.810546875 963.86694335938 965.69329833984 966.45941162109 967.25311279297 967.78936767578 968.13659667969 970.06311035156 971.65545654297 969.10229492188 970.49499511719 972.44482421875 973.447265625 973.74084472656 972.65246582031 973.24194335938 973.66082763672 971.38677978516 974.18719482422 972.28582763672
954.98114013672 956.37268066406 955.61712646484 955.20880126953 955.03167724609 956.71984863281 956.82647705078 956.63226318359 957.36010742188 956.18939208984 954.82586669922 953.66784667969 955.91424560547 957.12060546875 957.13354492188 957.10076904297 958.56909179688 959.64178466797 959.9833984375 960.40002441406 961.61486816406 962.26947021484 964.39337158203 966.97448730469 970.18023681641 967.03729248047 967.55444335938 964.05212402344 965.14208984375 964.88092041016 966.91516113281 966.15826416016 966.91241455078 966.61212158203 968.06243896484 969.52606201172 967.53717041016 969.39739990234 972.998046875 972.43475341797 971.15460205078 973.63690185547 974.08959960938 973.02862548828 972.97912597656 973.69525146484 972.37237548828
953.89556884766 956.37603759766 956.72406005859 955.765625 956.00317382812 956.67523193359 956.45196533203 957.98736572266 956.85870361328 954.7978515625 954.28057861328 954.48840332031 955.60504150391 957.3095703125 957.21923828125 958.0654296875 958.35125732422 961 960.67004394531 962.37591552734 962.37579345703 962.71655273438 964.43743896484 965.04345703125 965.99749755859 967.50305175781 965.30718994141 965.77069091797 963.26116943359 964.90313720703 966.40509033203 964.91052246094 965.09356689453 965.18225097656 967.05126953125 967.82501220703 967.10076904297 969.53161621094 972.67327880859 972.70831298828 972.12054443359 975.65875244141 972.76513671875 972.22155761719 972.38977050781 973.99981689453 973.64117431641
952.84808349609 953.48822021484 955.35205078125 957.41766357422 955.76098632812 955.29089355469 955.98675537109 958.72918701172 954.47723388672 954.11376953125 953.82098388672 955.16412353516 955.40350341797 957.20068359375 958.95361328125 958.29943847656 957.26098632812 960.40368652344 960.41174316406 961.55242919922 962.83166503906 962.71301269531 964.236328125 964.4072265625 964.13830566406 965.11065673828 964.48779296875 965.48541259766 964.94348144531 966.24658203125 965.80395507812 964.59759521484 964.39282226562 965.99609375 966.24554443359 966.95983886719 968.25994873047 970.92529296875 970.95880126953 971.50830078125 972.60888671875 973.87750244141 971.63293457031 970.98254394531 972.22680664062 973.23217773438 973.6572265625
952.59875488281 952.28631591797 953.12414550781 956.35131835938 954.78631591797 955.51818847656 956.29626464844 954.81518554688 953.94116210938 952.30322265625 954.35424804688 955.9794921875 956.04620361328 958.40130615234 958.30218505859 958.01745605469 957.13812255859 960.10119628906 959.89904785156 961.39825439453 961.94458007812 963.29724121094 963.55249023438 962.64294433594 963.21862792969 963.13763427734 962.98364257812 963.94396972656 966.04541015625 964.27465820312 963.10815429688 963.79663085938 964.36871337891 966.74078369141 966.87933349609 966.32159423828 967.16204833984 967.76086425781 967.75372314453 968.73651123047 970.48669433594 967.25048828125 970.68481445312 969.25189208984 971.99774169922 972.95104980469 973.05731201172
954.77862548828 951.12707519531 953.99072265625 955.50006103516 954.49304199219 955.62817382812 954.98071289062 953.92431640625 953.17767333984 953.79425048828 955.03118896484 955.44177246094 956.86608886719 958.67114257812 957.47802734375 956.890625 956.92163085938 960.49261474609 960.89465332031 962.43707275391 963.14428710938 963.41827392578 964.57849121094 964.12170410156 963.515625 963.52728271484 963.552734375 963.96380615234 964.47015380859 963.03082275391 963.56719970703 962.96466064453 964.43841552734 968.78930664062 967.13708496094 966.63836669922 966.64636230469 966.09002685547 967.73254394531 968.43597412109 967.64166259766 968.66003417969 969.04577636719 971.17254638672 971.53521728516 971.47723388672 972.76452636719
954.255859375 952.48986816406 954.18371582031 956.28570556641 954.63952636719 955.38317871094 954.19134521484 953.21337890625 952.98010253906 953.74719238281 955.82849121094 956.24731445312 956.85510253906 957.00756835938 956.10827636719 956.51214599609 956.67858886719 960.95599365234 960.95178222656 963.32598876953 962.90789794922 962.92980957031 963.79821777344 963.81866455078 962.94317626953 962.43676757812 962.64691162109 962.37963867188 965.27850341797 962.55767822266 962.8828125 962.90734863281 963.40832519531 965.30902099609 965.58715820312 967.1171875 967.1728515625 965.31787109375 967.59729003906 967.95343017578 967.64990234375 967.99749755859 969.30609130859 969.99822998047 970.85913085938 972.53680419922 974.23425292969
953.54919433594 952.50476074219 954.82354736328 953.75109863281 953.52185058594 955.45465087891 953.72265625 952.55694580078 953.2216796875 954.44799804688 956.13079833984 957.13092041016 957.1591796875 956.34832763672 955.96447753906 956.90606689453 958.47985839844 959.78143310547 960.52124023438 963.13305664062 961.57592773438 965.63580322266 959.82214355469 965.33166503906 962.67987060547 961.09753417969 962.96008300781 962.66540527344 963.37902832031 961.34973144531 961.94775390625 961.78564453125 962.35656738281 964.77593994141 965.57440185547 965.89306640625 966.60119628906 966.23278808594 966.50579833984 967.44873046875 967.32482910156 967.39569091797 963.57867431641 970.03149414062 969.51031494141 970.18914794922 971.90899658203
953.212890625 952.01232910156 954.65051269531 954.42248535156 954.77789306641 954.35217285156 953.56292724609 953.76171875 953.24963378906 954.40075683594 956.56964111328 956.59539794922 956.77996826172 956.15350341797 956.56091308594 959.25988769531 959.67608642578 960.23028564453 958.53344726562 961.66442871094 962.75537109375 962.91589355469 963.11535644531 962.07720947266 960.27093505859 962.04205322266 961.21356201172 961.90991210938 962.95092773438 962.1943359375 962.22229003906 962.97692871094 962.79400634766 965.84741210938 964.99786376953 965.40985107422 964.42083740234 966.00946044922 968.00476074219 966.90728759766 965.83856201172 968.24450683594 967.37023925781 968.90441894531 968.794921875 970.41400146484 970.50537109375
