gis/input_ras/wahp/raw_surf_ow/GM_Numerical_ 05 - Middle Clay_younger.grd
DSAA
157 175
2880056.8709409 2983016.8709409
-256145.63012446 -141305.63012446
747.12054443359 917.72290039062
[rows 42 to 62 of 175, columns 47 to 93 of 157]
1.70141E+38 1.70141E+38 1.70141E+38 1.70141E+38 1.70141E+38 1.70141E+38 1.70141E+38 1.70141E+38 832.63989257812 834.13995361328 835.73034667969 837.46765136719 839.69592285156 843.134765625 847.10559082031 851.3232421875 855.56982421875 859.41955566406 861.35589599609 862.57049560547 863.82531738281 865.44360351562 867.4072265625 869.69915771484 872.05676269531 874.31481933594 876.24792480469 877.54516601562 877.85455322266 877.1025390625 874.9921875 871.73559570312 868.09136962891 864.59344482422 861.38311767578 858.35131835938 855.45874023438 852.66247558594 849.96063232422 847.43896484375 845.22760009766 843.44073486328 842.44976806641 842.96282958984 844.56732177734 846.25506591797 847.67810058594
1.70141E+38 1.70141E+38 1.70141E+38 1.70141E+38 1.70141E+38 1.70141E+38 1.70141E+38 1.70141E+38 833.20324707031 834.56390380859 836.00433349609 837.60345458984 839.75286865234 843.10144042969 847.13073730469 851.35961914062 855.57604980469 859.33477783203 861.4423828125 862.68334960938 863.91821289062 865.47045898438 867.34014892578 869.49719238281 871.88232421875 874.33337402344 876.45275878906 878 878.74780273438 878.57092285156 876.0146484375 872.45617675781 868.48303222656 864.62054443359 861.06384277344 857.84088134766 854.78717041016 851.83441162109 848.94250488281 846.18713378906 843.73193359375 841.64953613281 840.07940673828 840.0546875 841.68218994141 843.47802734375 845.08062744141
829.95599365234 1.70141E+38 1.70141E+38 1.70141E+38 1.70141E+38 1.70141E+38 1.70141E+38 1.70141E+38 833.90563964844 835.21984863281 836.63659667969 838.24395751953 840.42565917969 843.53314208984 847.18731689453 851.06097412109 854.81427001953 858.01788330078 860.26147460938 861.81854248047 863.20178222656 864.7158203125 866.50762939453 868.61059570312 870.94885253906 873.44219970703 875.91375732422 877.46990966797 878.55633544922 878.53814697266 876.392578125 872.22845458984 868.16094970703 864.30944824219 860.73962402344 857.46228027344 854.42700195312 851.48907470703 848.61169433594 845.82647705078 843.18676757812 840.85278320312 839.29650878906 838.99597167969 839.96520996094 841.56115722656 843.32543945312
831.37829589844 831.16284179688 1.70141E+38 1.70141E+38 1.70141E+38 1.70141E+38 1.70141E+38 833.64147949219 834.73968505859 835.99780273438 837.45953369141 839.18731689453 841.33166503906 844.0078125 847.11779785156 850.47302246094 853.68096923828 856.50653076172 858.75531005859 860.40502929688 861.83831787109 863.32897949219 864.99353027344 866.91302490234 869.15570068359 871.53167724609 873.71063232422 875.38464355469 876.46771240234 876.33764648438 874.10510253906 870.71356201172 867.00677490234 863.46551513672 860.24346923828 857.25152587891 854.43023681641 851.71160888672 849.05596923828 846.32067871094 843.60656738281 841.11663818359 839.13311767578 838.21514892578 838.88305664062 840.35412597656 842.17950439453
832.86358642578 832.61999511719 832.51647949219 832.57623291016 1.70141E+38 1.70141E+38 833.79943847656 834.6376953125 835.67742919922 836.896484375 838.30780029297 839.93823242188 841.97943115234 844.38781738281 847.05712890625 849.86285400391 852.64495849609 855.04217529297 857.02508544922 858.66186523438 860.0556640625 861.36340332031 862.85546875 864.64733886719 866.68896484375 868.85357666016 870.85870361328 872.23376464844 872.85015869141 872.46057128906 870.91186523438 868.19952392578 865.21197509766 862.31958007812 859.62652587891 857.16003417969 854.87860107422 852.64807128906 850.31158447266 847.76147460938 844.91961669922 841.89007568359 839.36700439453 837.90270996094 837.81396484375 839.23229980469 841.62921142578
834.34680175781 834.13537597656 834.0185546875 834.01062011719 834.15148925781 834.48956298828 835.00512695312 835.70574951172 836.59814453125 837.72314453125 839.07482910156 840.64794921875 842.45690917969 844.505859375 846.85357666016 849.24188232422 851.54034423828 853.64428710938 855.46472167969 856.92169189453 858.09057617188 859.15686035156 860.29132080078 861.80682373047 863.82531738281 865.87170410156 867.61749267578 868.86761474609 869.4169921875 868.86242675781 867.40228271484 865.42028808594 863.18493652344 860.9404296875 859.04260253906 857.43640136719 855.94256591797 854.45104980469 852.67657470703 850.34130859375 847.23150634766 843.4921875 839.54760742188 836.82476806641 836.37298583984 838.27490234375 841.41625976562
835.81903076172 835.61975097656 835.50024414062 835.48522949219 835.5751953125 835.78961181641 836.17211914062 836.77038574219 837.55462646484 838.53125 839.70446777344 841.11199951172 842.76171875 844.57708740234 846.51788330078 848.52972412109 850.55902099609 852.39868164062 853.95001220703 855.23590087891 856.24261474609 857.01519775391 857.73254394531 859.03594970703 861.02716064453 863.05584716797 864.73547363281 865.77630615234 866.08666992188 865.66638183594 864.53747558594 862.89208984375 861.28265380859 859.81011962891 858.87615966797 858.19940185547 857.47369384766 856.88995361328 855.90435791016 854.09130859375 850.87377929688 846.30023193359 840.67266845703 835.72845458984 833.83251953125 836.76452636719 841.70684814453
837.21405029297 837.07232666016 836.97027587891 836.91632080078 836.95703125 837.10748291016 837.38220214844 837.80017089844 838.39697265625 839.23675537109 840.2646484375 841.46813964844 842.84136962891 844.39367675781 846.11151123047 847.85589599609 849.55670166016 851.17785644531 852.63391113281 853.82794189453 854.70642089844 855.31665039062 855.85784912109 856.84075927734 858.88580322266 860.70373535156 862.18988037109 863.232421875 863.60272216797 863.24975585938 862.30749511719 861.28741455078 860.28936767578 859.21276855469 859.02221679688 859.35974121094 859.765625 860.14447021484 859.92517089844 858.76129150391 855.81732177734 850.36126708984 842.46734619141 834.78625488281 830.54296875 835.65692138672 843.72943115234
838.55303955078 838.44500732422 838.36096191406 838.31243896484 838.30346679688 838.34497070312 838.51098632812 838.81060791016 839.25048828125 839.84191894531 840.61053466797 841.63208007812 842.81860351562 844.12103271484 845.51812744141 847.01342773438 848.56970214844 850.07006835938 851.42047119141 852.59259033203 853.52209472656 854.19891357422 854.81085205078 855.90191650391 857.31500244141 858.91961669922 860.30084228516 861.28283691406 861.75988769531 861.80297851562 861.35107421875 860.74438476562 860.18005371094 859.97863769531 860.27014160156 861.10430908203 862.05529785156 863.16296386719 864.1533203125 864.46063232422 862.28582763672 856.94201660156 847.57263183594 836.58483886719 830.10650634766 836.27282714844 845.64569091797
839.75506591797 839.71417236328 839.67437744141 839.62408447266 839.5849609375 839.57781982422 839.607421875 839.6982421875 839.9541015625 840.37231445312 840.95098876953 841.66790771484 842.53466796875 843.62457275391 844.833984375 846.13757324219 847.49176025391 848.89514160156 850.25592041016 851.47644042969 852.51733398438 853.37573242188 854.12200927734 855.05279541016 856.26263427734 857.58233642578 858.84899902344 859.92370605469 860.60076904297 860.91088867188 860.98193359375 861.03814697266 861.06750488281 861.22369384766 861.79254150391 862.78662109375 864.26123046875 866.03845214844 867.70599365234 868.82354736328 868.84832763672 864.93182373047 854.37481689453 843.43408203125 837.09210205078 840.17767333984 845.58050537109
840.86682128906 840.88885498047 840.89489746094 840.87982177734 840.82232666016 840.72131347656 840.6328125 840.59075927734 840.62841796875 840.74981689453 841.06896972656 841.56945800781 842.22332763672 843.01983642578 843.92938232422 845.04901123047 846.29754638672 847.62817382812 849.00384521484 850.4169921875 851.65045166016 852.61236572266 853.40356445312 854.18603515625 855.15661621094 856.37762451172 857.65026855469 858.84307861328 859.83703613281 860.54412841797 861.01245117188 861.41400146484 861.82489013672 862.35705566406 863.03692626953 864.11743164062 865.671875 867.66082763672 869.84710693359 871.55133056641 871.90478515625 868.49890136719 859.73754882812 851.16998291016 845.83386230469 845.6201171875 847.39117431641
841.84240722656 841.96160888672 842.0546875 842.06109619141 841.98809814453 841.83862304688 841.62261962891 841.35577392578 841.16955566406 841.08624267578 841.13220214844 841.31768798828 841.67437744141 842.22747802734 842.94256591797 843.82629394531 844.88598632812 846.17309570312 847.61590576172 849.15148925781 850.67077636719 851.91302490234 852.482421875 853.13586425781 853.97918701172 855.05847167969 856.43859863281 857.93890380859 859.15222167969 860.12225341797 860.94384765625 861.74053955078 862.42687988281 863.07025146484 863.73870849609 864.54022216797 866.01226806641 868.05932617188 870.03503417969 871.45416259766 871.62689208984 868.59222412109 862.68273925781 856.66723632812 852.28387451172 850.05920410156 848.70080566406
842.724609375 842.93212890625 843.087890625 843.15985107422 843.10565185547 842.86187744141 842.50323486328 842.07946777344 841.64416503906 841.26483154297 841.04052734375 840.96478271484 841.04278564453 841.2802734375 841.71923828125 842.41168212891 843.33935546875 844.51177978516 845.92797851562 847.59466552734 849.28448486328 850.47802734375 851.20343017578 851.72625732422 852.42962646484 853.50958251953 854.96936035156 856.66357421875 858.32098388672 859.53137207031 860.65631103516 861.68060302734 862.58288574219 863.33587646484 863.81915283203 864.30364990234 865.41516113281 867.22106933594 868.87219238281 869.60278320312 868.91442871094 866.58190917969 862.78314208984 858.5732421875 855.62976074219 852.30035400391 848.89044189453
843.46850585938 843.77490234375 844.00982666016 844.12341308594 844.06213378906 843.78948974609 843.30450439453 842.68249511719 842.00860595703 841.37548828125 840.83209228516 840.43572998047 840.25140380859 840.22198486328 840.39184570312 840.794921875 841.50262451172 842.60339355469 844.02972412109 845.66943359375 847.34735107422 848.72766113281 849.50805664062 850.02703857422 850.55822753906 851.41906738281 852.89733886719 854.875 856.79089355469 858.50646972656 859.9775390625 861.19317626953 862.19073486328 862.96411132812 863.49700927734 863.81262207031 864.58514404297 865.59692382812 866.34338378906 866.51495361328 865.80017089844 863.48986816406 860.17584228516 856.75482177734 853.43737792969 849.96508789062 844.90502929688
844.07409667969 844.44403076172 844.75030517578 844.95385742188 844.94396972656 844.60992431641 843.95172119141 843.13562011719 842.23571777344 841.38140869141 840.58532714844 839.90496826172 839.37420654297 839.01110839844 838.94836425781 839.12603759766 839.64447021484 840.5595703125 841.90502929688 843.59735107422 845.35803222656 846.87072753906 847.88519287109 848.2041015625 848.38275146484 849.01593017578 850.6025390625 852.85925292969 855.19232177734 857.21832275391 858.84588623047 860.13220214844 861.15881347656 861.96783447266 862.4951171875 862.81225585938 862.99072265625 863.07568359375 863.13616943359 862.59503173828 861.2197265625 858.8857421875 855.37036132812 851.24456787109 846.68218994141 841.61499023438 836.67095947266
844.54925537109 844.96282958984 845.30859375 845.53558349609 845.55944824219 845.20367431641 844.42486572266 843.47662353516 842.41021728516 841.31256103516 840.24029541016 839.31396484375 838.55438232422 837.923828125 837.50720214844 837.36468505859 837.69354248047 838.48028564453 839.78198242188 841.48211669922 843.43902587891 845.25061035156 846.50793457031 846.57720947266 845.92572021484 846.04803466797 847.8837890625 850.7900390625 853.58190917969 855.77996826172 857.3515625 858.51904296875 859.33990478516 859.95953369141 860.42797851562 860.59582519531 860.41461181641 859.72290039062 858.74176025391 857.53375244141 855.91925048828 853.35906982422 849.16125488281 843.17376708984 836.65795898438 830.90454101562 825.57202148438
844.88427734375 845.30969238281 845.65081787109 845.85931396484 845.86682128906 845.46551513672 844.66015625 843.63494873047 842.4638671875 841.23974609375 840.01788330078 838.82806396484 837.73980712891 836.85095214844 836.21112060547 835.84857177734 835.87420654297 836.3974609375 837.58685302734 839.26593017578 841.27130126953 843.40130615234 845.21978759766 844.93676757812 843.69677734375 843.23254394531 845.72381591797 849.26525878906 852.17523193359 854.31567382812 855.41796875 856.03228759766 856.45080566406 856.84417724609 857.13702392578 857.17620849609 856.38427734375 854.89965820312 853.31451416016 851.54827880859 849.33911132812 846.71472167969 841.62432861328 833.93725585938 825.18109130859 818.34173583984 813.43835449219
845.10614013672 845.51477050781 845.82995605469 846.00225830078 845.90130615234 845.50299072266 844.73168945312 843.72332763672 842.53503417969 841.20660400391 839.82025146484 838.48022460938 837.22503662109 836.07824707031 835.10235595703 834.43481445312 834.21795654297 834.49847412109 835.36737060547 836.83795166016 838.80523681641 840.89044189453 842.6572265625 842.76293945312 842.22857666016 842.20928955078 844.78350830078 848.32720947266 850.96252441406 852.16571044922 852.66912841797 852.77380371094 852.67059326172 852.40753173828 852.21990966797 852.01104736328 850.90161132812 848.87683105469 846.48022460938 843.81457519531 841.09942626953 838.09222412109 833.15307617188 821.74853515625 810.87048339844 804.62976074219 800.64996337891
845.23168945312 845.62854003906 845.90264892578 845.99926757812 845.87225341797 845.47814941406 844.79370117188 843.84124755859 842.64093017578 841.30206298828 839.87579345703 838.40356445312 836.93646240234 835.59613037109 834.40814208984 833.42913818359 832.70617675781 832.50091552734 833.076171875 834.27795410156 835.99298095703 837.9423828125 839.61358642578 840.49633789062 840.95440673828 841.93298339844 844.23864746094 847.28253173828 849.03564453125 849.50726318359 1.70141E+38 1.70141E+38 1.70141E+38 1.70141E+38 1.70141E+38 845.11077880859 843.57232666016 841.25817871094 838.42663574219 835.06701660156 830.92456054688 825.63116455078 818.42559814453 807.25738525391 796.24975585938 790.56811523438 788.22540283203
845.28271484375 845.6416015625 845.89166259766 845.99499511719 845.89263916016 845.51336669922 844.87487792969 844.00024414062 842.91088867188 841.62615966797 840.17657470703 838.65997314453 837.11938476562 835.59503173828 834.05529785156 832.65362548828 831.49346923828 830.75146484375 830.60699462891 831.36236572266 832.97882080078 834.88385009766 836.74713134766 838.30712890625 839.65930175781 841.11254882812 842.99194335938 844.98150634766 1.70141E+38 1.70141E+38 1.70141E+38 1.70141E+38 1.70141E+38 1.70141E+38 1.70141E+38 1.70141E+38 835.23864746094 832.97552490234 829.85479736328 825.1279296875 819.31530761719 812.29748535156 803.50317382812 792.50872802734 783.3994140625 779.26483154297 777.68347167969
845.26470947266 845.62097167969 845.86871337891 845.95916748047 845.87683105469 845.59924316406 845.10913085938 844.34619140625 843.34838867188 842.16577148438 840.82452392578 839.35308837891 837.76495361328 836.07733154297 834.27966308594 832.39916992188 830.48693847656 828.98748779297 828.28137207031 828.54541015625 829.794921875 831.87017822266 834.11810302734 836.13427734375 837.90979003906 839.49035644531 840.89965820312 841.84301757812 1.70141E+38 1.70141E+38 1.70141E+38 1.70141E+38 1.70141E+38 1.70141E+38 1.70141E+38 828.61651611328 826.53082275391 824.29718017578 820.77520751953 815.50427246094 808.37536621094 800.29498291016 791.35919189453 781.83837890625 774.19946289062 772.53656005859 773.40972900391
