gis/input_ras/wahp/raw_surf_ow/GM_Numerical_ 08 - Upper Mid Sand_younger.grd
DSAA
150 175
2884264.0589446 2982604.0589446
-256145.63012446 -141305.63012446
840.56451416016 955.64691162109
[rows 22 to 43 of 175, columns 50 to 99 of 150]
884.57696533203 880.77038574219 877.224609375 874.09643554688 1.70141E+38 1.70141E+38 1.70141E+38 1.70141E+38 1.70141E+38 1.70141E+38 1.70141E+38 1.70141E+38 1.70141E+38 1.70141E+38 1.70141E+38 1.70141E+38 1.70141E+38 900.65563964844 904.61297607422 907.90344238281 910.56866455078 912.63250732422 914.07696533203 914.85980224609 914.82794189453 914.20324707031 913.05310058594 911.43841552734 909.41937255859 907.05920410156 1.70141E+38 1.70141E+38 1.70141E+38 1.70141E+38 1.70141E+38 1.70141E+38 1.70141E+38 1.70141E+38 892.74505615234 892.99200439453 893.56817626953 894.40374755859 895.41955566406 896.51403808594 897.62237548828 898.72473144531 899.88922119141 901.27392578125 902.72729492188 903.87438964844
884.72424316406 881.31719970703 878.15405273438 875.28570556641 1.70141E+38 1.70141E+38 1.70141E+38 1.70141E+38 1.70141E+38 1.70141E+38 1.70141E+38 1.70141E+38 1.70141E+38 1.70141E+38 1.70141E+38 1.70141E+38 898.08605957031 902.22045898438 905.93060302734 909.11840820312 911.76165771484 913.78424072266 915.10766601562 915.80279541016 915.85534667969 915.26336669922 914.00415039062 912.18225097656 909.96636962891 907.4521484375 904.76013183594 1.70141E+38 1.70141E+38 1.70141E+38 1.70141E+38 1.70141E+38 1.70141E+38 1.70141E+38 891.47155761719 891.66424560547 892.29943847656 893.30126953125 894.51849365234 895.82293701172 897.12884521484 898.30053710938 899.45635986328 901.13873291016 902.94842529297 904.38555908203
884.74951171875 881.72705078125 878.87255859375 1.70141E+38 1.70141E+38 1.70141E+38 1.70141E+38 1.70141E+38 1.70141E+38 1.70141E+38 1.70141E+38 1.70141E+38 1.70141E+38 1.70141E+38 1.70141E+38 895.13012695312 899.40765380859 903.46533203125 907.14904785156 910.23419189453 912.71929931641 914.70727539062 916.14862060547 916.87609863281 916.89245605469 916.18328857422 914.87615966797 913.02728271484 910.67987060547 907.98046875 905.06549072266 902.10375976562 1.70141E+38 1.70141E+38 1.70141E+38 1.70141E+38 1.70141E+38 1.70141E+38 890.25994873047 890.53704833984 891.33648681641 892.537109375 893.99615478516 895.53643798828 897.14624023438 898.67114257812 900.19757080078 901.96154785156 903.95568847656 905.2705078125
884.91119384766 882.19732666016 1.70141E+38 1.70141E+38 1.70141E+38 1.70141E+38 1.70141E+38 1.70141E+38 1.70141E+38 1.70141E+38 1.70141E+38 1.70141E+38 1.70141E+38 1.70141E+38 1.70141E+38 896.20550537109 900.40264892578 904.361328125 907.90887451172 911.01702880859 913.57751464844 915.60223388672 917.04125976562 917.79431152344 917.87292480469 917.19085693359 915.85467529297 913.90380859375 911.43200683594 908.58654785156 905.51550292969 902.38732910156 899.30084228516 1.70141E+38 1.70141E+38 1.70141E+38 1.70141E+38 1.70141E+38 889.30023193359 889.61547851562 890.57568359375 891.98217773438 893.81634521484 895.81274414062 897.83215332031 899.73089599609 901.64581298828 903.68737792969 905.42742919922 906.55389404297
1.70141E+38 1.70141E+38 1.70141E+38 1.70141E+38 1.70141E+38 1.70141E+38 1.70141E+38 1.70141E+38 1.70141E+38 1.70141E+38 1.70141E+38 1.70141E+38 1.70141E+38 1.70141E+38 892.81719970703 896.93811035156 901.00793457031 904.89996337891 908.44189453125 911.57049560547 914.22399902344 916.35894775391 917.88055419922 918.68475341797 918.80780029297 918.16198730469 916.82397460938 914.82995605469 912.29724121094 909.37615966797 906.15148925781 902.83758544922 899.61987304688 896.63012695312 1.70141E+38 1.70141E+38 1.70141E+38 1.70141E+38 888.53656005859 888.87713623047 890.11798095703 891.93005371094 894.06036376953 896.36126708984 898.75231933594 901.16577148438 903.47174072266 905.56323242188 907.24816894531 908.08074951172
1.70141E+38 1.70141E+38 1.70141E+38 1.70141E+38 1.70141E+38 1.70141E+38 1.70141E+38 1.70141E+38 1.70141E+38 1.70141E+38 1.70141E+38 1.70141E+38 1.70141E+38 1.70141E+38 893.28936767578 897.31494140625 901.31951904297 905.18267822266 908.76953125 911.99938964844 914.71875 916.9384765625 918.59661865234 919.53625488281 919.70977783203 919.06896972656 917.75805664062 915.82489013672 913.24517822266 910.21124267578 906.91485595703 903.53265380859 900.19390869141 897.04022216797 894.22711181641 1.70141E+38 1.70141E+38 1.70141E+38 1.70141E+38 888.53991699219 890.01501464844 892.09234619141 894.59777832031 897.32977294922 900.02026367188 902.62060546875 905.09100341797 907.30883789062 908.99761962891 909.25134277344
1.70141E+38 1.70141E+38 1.70141E+38 1.70141E+38 1.70141E+38 1.70141E+38 1.70141E+38 1.70141E+38 1.70141E+38 1.70141E+38 1.70141E+38 1.70141E+38 1.70141E+38 889.87915039062 893.55657958984 897.4384765625 901.38677978516 905.24090576172 908.86010742188 912.16711425781 915.09143066406 917.48651123047 919.1591796875 920.16082763672 920.45300292969 920.00518798828 918.72863769531 916.70629882812 914.13970947266 911.13177490234 907.79925537109 904.32403564453 900.92474365234 897.70422363281 894.74615478516 892.14111328125 1.70141E+38 1.70141E+38 1.70141E+38 888.34149169922 890.30651855469 892.81372070312 895.57598876953 898.45806884766 901.33941650391 904.05859375 906.42724609375 908.40423583984 909.72961425781 909.96496582031
1.70141E+38 1.70141E+38 1.70141E+38 1.70141E+38 1.70141E+38 1.70141E+38 1.70141E+38 1.70141E+38 1.70141E+38 1.70141E+38 1.70141E+38 1.70141E+38 1.70141E+38 890.00756835938 893.56353759766 897.35980224609 901.24060058594 905.09948730469 908.82989501953 912.22473144531 915.19519042969 917.67645263672 919.58874511719 920.82940673828 921.12622070312 920.65338134766 919.45971679688 917.59143066406 915.08599853516 912.00537109375 908.66693115234 905.21087646484 901.76544189453 898.4736328125 895.51831054688 892.93988037109 890.80444335938 1.70141E+38 1.70141E+38 889.37432861328 891.40234375 894.00469970703 896.88629150391 899.87652587891 902.71875 905.27789306641 907.44775390625 909.13287353516 909.90838623047 909.83636474609
1.70141E+38 1.70141E+38 1.70141E+38 1.70141E+38 1.70141E+38 1.70141E+38 1.70141E+38 1.70141E+38 1.70141E+38 1.70141E+38 1.70141E+38 1.70141E+38 1.70141E+38 890.08953857422 893.46478271484 897.11383056641 900.955078125 904.81072998047 908.53765869141 912.03552246094 915.20758056641 917.8525390625 919.81805419922 921.09893798828 921.63653564453 921.39251708984 920.20446777344 918.25073242188 915.73809814453 912.78082275391 909.49957275391 906.04614257812 902.66442871094 899.46032714844 896.53143310547 893.97479248047 892.06384277344 890.84661865234 890.533203125 891.26715087891 893.15777587891 895.78149414062 898.61340332031 901.47106933594 904.18121337891 906.55004882812 908.24188232422 909.32189941406 909.76495361328 909.57122802734
1.70141E+38 1.70141E+38 1.70141E+38 1.70141E+38 1.70141E+38 1.70141E+38 1.70141E+38 1.70141E+38 1.70141E+38 1.70141E+38 1.70141E+38 1.70141E+38 1.70141E+38 889.98718261719 893.26440429688 896.83160400391 900.57537841797 904.39624023438 908.17883300781 911.73126220703 914.94964599609 917.74987792969 920.01940917969 921.54779052734 922.13366699219 921.82659912109 920.70172119141 918.84344482422 916.33355712891 913.32250976562 910.08441162109 906.76354980469 903.47998046875 900.35705566406 897.65655517578 895.42687988281 893.76190185547 892.75799560547 892.66650390625 893.73107910156 895.55108642578 897.91656494141 900.59130859375 903.318359375 905.70172119141 907.60479736328 908.92340087891 909.60412597656 909.57958984375 908.87799072266
1.70141E+38 1.70141E+38 1.70141E+38 1.70141E+38 1.70141E+38 1.70141E+38 1.70141E+38 1.70141E+38 1.70141E+38 1.70141E+38 1.70141E+38 1.70141E+38 1.70141E+38 1.70141E+38 893.07971191406 896.47930908203 900.16680908203 903.93463134766 907.65600585938 911.26312255859 914.66528320312 917.63494873047 920.052734375 921.75030517578 922.57745361328 922.38763427734 921.22082519531 919.15826416016 916.55517578125 913.59973144531 910.43035888672 907.18542480469 904.10229492188 901.27227783203 898.79486083984 896.78570556641 895.41033935547 894.89520263672 895.14300537109 896.14465332031 897.93096923828 900.25054931641 902.74169921875 905.14294433594 907.25018310547 908.84625244141 909.67681884766 909.68609619141 909.02111816406 907.76739501953
1.70141E+38 1.70141E+38 1.70141E+38 1.70141E+38 1.70141E+38 1.70141E+38 1.70141E+38 1.70141E+38 1.70141E+38 1.70141E+38 1.70141E+38 1.70141E+38 1.70141E+38 1.70141E+38 892.9501953125 896.24572753906 899.7666015625 903.39520263672 907.068359375 910.66302490234 914.10009765625 917.31005859375 920.11706542969 922.03674316406 923.03302001953 922.76281738281 921.41125488281 919.24816894531 916.54040527344 913.51025390625 910.39190673828 907.35711669922 904.48077392578 901.86114501953 899.67700195312 898.11602783203 897.15283203125 896.86322021484 897.31219482422 898.53857421875 900.35302734375 902.51025390625 904.83874511719 907.06372070312 908.83514404297 909.93347167969 910.27447509766 909.79406738281 908.58673095703 906.46148681641
1.70141E+38 1.70141E+38 1.70141E+38 1.70141E+38 1.70141E+38 1.70141E+38 1.70141E+38 1.70141E+38 1.70141E+38 1.70141E+38 1.70141E+38 1.70141E+38 1.70141E+38 1.70141E+38 892.85864257812 896.01257324219 899.40673828125 902.89764404297 906.34130859375 909.81286621094 913.31811523438 916.67498779297 919.71014404297 922.14215087891 923.45440673828 923.04278564453 921.48754882812 919.00891113281 916.05651855469 912.99932861328 909.96893310547 907.06439208984 904.43688964844 902.21856689453 900.43347167969 899.17120361328 898.50305175781 898.59515380859 899.36401367188 900.70141601562 902.52746582031 904.65319824219 906.8232421875 908.76501464844 910.26104736328 911.08123779297 911.10955810547 909.98126220703 907.86437988281 904.85260009766
1.70141E+38 1.70141E+38 1.70141E+38 1.70141E+38 1.70141E+38 1.70141E+38 1.70141E+38 1.70141E+38 1.70141E+38 1.70141E+38 1.70141E+38 1.70141E+38 1.70141E+38 1.70141E+38 1.70141E+38 895.90112304688 899.06024169922 902.24237060547 905.45764160156 908.72302246094 912.06561279297 915.55096435547 918.97650146484 921.82928466797 923.51989746094 923.24322509766 920.98254394531 918.15051269531 915.08654785156 911.98565673828 909.04766845703 906.42224121094 904.11553955078 902.18188476562 900.69604492188 899.88012695312 899.68078613281 900.07873535156 901.03887939453 902.50537109375 904.40209960938 906.462890625 908.50543212891 910.3076171875 911.66870117188 912.18511962891 911.75402832031 910.25012207031 907.71307373047 904.07055664062
1.70141E+38 1.70141E+38 1.70141E+38 1.70141E+38 1.70141E+38 1.70141E+38 1.70141E+38 1.70141E+38 1.70141E+38 1.70141E+38 1.70141E+38 1.70141E+38 1.70141E+38 1.70141E+38 1.70141E+38 895.86535644531 898.80676269531 901.69537353516 904.42352294922 907.18255615234 910.31622314453 913.71307373047 917.25231933594 920.71069335938 923.19659423828 922.2412109375 919.68225097656 916.60052490234 913.45568847656 910.47265625 907.73754882812 905.31854248047 903.26647949219 901.77679443359 900.78771972656 900.33190917969 900.42565917969 901.07275390625 902.33642578125 903.98907470703 905.89184570312 907.91326904297 909.89636230469 911.57781982422 912.70153808594 913.09545898438 912.60791015625 911.04125976562 908.14514160156 903.86083984375
1.70141E+38 1.70141E+38 1.70141E+38 1.70141E+38 1.70141E+38 1.70141E+38 1.70141E+38 1.70141E+38 1.70141E+38 1.70141E+38 1.70141E+38 1.70141E+38 1.70141E+38 1.70141E+38 1.70141E+38 896.03985595703 898.73193359375 901.12811279297 903.32635498047 905.54046630859 908.00854492188 911.11529541016 914.57971191406 917.71575927734 919.69128417969 919.38861083984 916.95330810547 914.07476806641 911.17437744141 908.40386962891 905.87817382812 903.84918212891 902.24212646484 901.08984375 900.42614746094 900.31536865234 900.86328125 901.87341308594 903.27825927734 904.99652099609 906.92852783203 908.91540527344 910.78778076172 912.3916015625 913.56384277344 914.05688476562 913.49206542969 911.92041015625 909.24591064453 905.33068847656
1.70141E+38 1.70141E+38 1.70141E+38 1.70141E+38 1.70141E+38 1.70141E+38 1.70141E+38 1.70141E+38 1.70141E+38 1.70141E+38 1.70141E+38 1.70141E+38 1.70141E+38 1.70141E+38 1.70141E+38 1.70141E+38 898.94561767578 900.98425292969 902.5576171875 903.80731201172 905.61090087891 908.22015380859 911.27319335938 914.00579833984 915.11560058594 914.607421875 912.96740722656 910.671875 908.18572998047 905.82580566406 903.75933837891 902.06628417969 900.79425048828 1.70141E+38 1.70141E+38 1.70141E+38 900.97424316406 902.18218994141 903.77569580078 905.60241699219 907.50671386719 909.40979003906 911.23797607422 912.82739257812 913.9501953125 914.49859619141 914.35388183594 913.40173339844 911.19360351562 907.76995849609
1.70141E+38 1.70141E+38 1.70141E+38 1.70141E+38 1.70141E+38 1.70141E+38 1.70141E+38 1.70141E+38 1.70141E+38 1.70141E+38 1.70141E+38 1.70141E+38 1.70141E+38 1.70141E+38 1.70141E+38 897.56616210938 899.87762451172 901.56427001953 902.61627197266 903.10418701172 903.49621582031 906.09149169922 908.57598876953 910.13854980469 910.62432861328 910.01434326172 908.40576171875 906.53381347656 904.65747070312 1.70141E+38 1.70141E+38 1.70141E+38 1.70141E+38 1.70141E+38 1.70141E+38 1.70141E+38 1.70141E+38 902.23248291016 903.93029785156 905.75653076172 907.62322998047 909.41253662109 911.07904052734 912.62457275391 913.93347167969 914.76666259766 914.96594238281 914.47033691406 913.19244384766 911.23504638672
1.70141E+38 1.70141E+38 1.70141E+38 1.70141E+38 1.70141E+38 1.70141E+38 1.70141E+38 1.70141E+38 1.70141E+38 1.70141E+38 1.70141E+38 1.70141E+38 1.70141E+38 1.70141E+38 1.70141E+38 899.09173583984 901.24438476562 903.03668212891 904.13952636719 904.41473388672 904.88037109375 905.86773681641 907.03991699219 907.56457519531 906.93530273438 905.34112548828 903.51147460938 901.8359375 1.70141E+38 1.70141E+38 1.70141E+38 1.70141E+38 1.70141E+38 1.70141E+38 1.70141E+38 1.70141E+38 1.70141E+38 901.99859619141 903.77642822266 905.61950683594 907.38134765625 908.99877929688 910.48309326172 912.01135253906 913.28961181641 914.29608154297 915.06719970703 915.22808837891 914.45593261719 913.50616455078
1.70141E+38 1.70141E+38 1.70141E+38 1.70141E+38 1.70141E+38 1.70141E+38 1.70141E+38 1.70141E+38 1.70141E+38 1.70141E+38 1.70141E+38 1.70141E+38 1.70141E+38 1.70141E+38 898.71856689453 900.89282226562 903.10919189453 905.05407714844 906.583984375 907.53387451172 907.70050048828 907.84533691406 907.30743408203 905.73248291016 903.53680419922 901.05139160156 898.62713623047 1.70141E+38 1.70141E+38 1.70141E+38 1.70141E+38 1.70141E+38 1.70141E+38 1.70141E+38 1.70141E+38 1.70141E+38 1.70141E+38 901.65460205078 903.44378662109 905.23651123047 906.93017578125 908.43469238281 909.73663330078 910.94964599609 912.0947265625 913.08532714844 913.96954345703 914.33782958984 914.33380126953 914.19952392578
1.70141E+38 1.70141E+38 1.70141E+38 1.70141E+38 1.70141E+38 1.70141E+38 1.70141E+38 1.70141E+38 1.70141E+38 1.70141E+38 1.70141E+38 1.70141E+38 1.70141E+38 1.70141E+38 900.51568603516 902.56396484375 904.94427490234 907.44146728516 909.54449462891 911.01275634766 911.51440429688 910.17901611328 907.7607421875 904.87738037109 901.45080566406 897.51013183594 1.70141E+38 1.70141E+38 1.70141E+38 1.70141E+38 1.70141E+38 1.70141E+38 1.70141E+38 1.70141E+38 1.70141E+38 1.70141E+38 1.70141E+38 901.23828125 902.99462890625 904.72454833984 906.29888916016 907.65582275391 908.74383544922 909.68786621094 910.40283203125 910.9521484375 911.50836181641 912.03753662109 912.28167724609 912.64666748047
1.70141E+38 1.70141E+38 1.70141E+38 1.70141E+38 1.70141E+38 1.70141E+38 1.70141E+38 1.70141E+38 1.70141E+38 1.70141E+38 1.70141E+38 1.70141E+38 1.70141E+38 900.29541015625 901.68542480469 903.78045654297 906.30023193359 909.05786132812 912.00146484375 914.83612060547 914.95513916016 912.84924316406 909.03283691406 904.39990234375 899.63726806641 1.70141E+38 1.70141E+38 1.70141E+38 1.70141E+38 1.70141E+38 1.70141E+38 1.70141E+38 1.70141E+38 1.70141E+38 1.70141E+38 1.70141E+38 1.70141E+38 900.84912109375 902.4560546875 904.05639648438 905.54083251953 906.79473876953 907.63500976562 907.87506103516 907.99993896484 908.13757324219 908.32977294922 908.64202880859 909.23937988281 909.84576416016
