gis/input_ras/wahp/raw_surf_ow/GM_Numerical_ 03 - Lower Clay_younger.grd
DSAA
157 175
2880056.8709409 2983016.8709409
-256145.63012446 -141305.63012446
595.52587890625 876.60534667969
[rows 42 to 62 of 175, columns 0 to 46 of 157]
798.78143310547 799.03588867188 799.32489013672 799.64715576172 799.99450683594 800.35406494141 800.73803710938 801.18981933594 801.66900634766 802.14324951172 802.59967041016 803.05920410156 803.5380859375 803.98461914062 804.35089111328 804.65087890625 804.90594482422 805.11163330078 805.24627685547 805.28582763672 805.26733398438 805.20233154297 805.09136962891 804.94134521484 804.76672363281 804.59155273438 804.42578125 804.28656005859 804.19549560547 804.19226074219 804.27526855469 804.46380615234 804.77087402344 805.21643066406 805.82263183594 806.56793212891 807.47186279297 808.52062988281 809.72229003906 811.06945800781 812.53997802734 814.13391113281 815.81732177734 817.57629394531 819.37817382812 821.18688964844 822.95153808594
800.16107177734 800.39056396484 800.62030029297 800.84381103516 801.08721923828 801.34942626953 801.62591552734 801.89233398438 802.15008544922 802.44750976562 802.74816894531 803.04046630859 803.27642822266 803.48114013672 803.68725585938 803.85095214844 803.96759033203 804.00067138672 803.99737548828 803.96356201172 803.88653564453 803.76971435547 803.61645507812 803.45190429688 803.28216552734 803.11700439453 802.97259521484 802.87554931641 802.83557128906 802.86950683594 802.99072265625 803.22521972656 803.59210205078 804.09191894531 804.72900390625 805.50280761719 806.43103027344 807.50543212891 808.72778320312 810.08081054688 811.55328369141 813.14678955078 814.83673095703 816.60845947266 818.42059326172 820.24572753906 822.04992675781
801.28253173828 801.47222900391 801.65344238281 801.82592773438 801.99108886719 802.12933349609 802.26654052734 802.40930175781 802.54803466797 802.68096923828 802.76580810547 802.86212158203 802.94860839844 803.01257324219 803.04620361328 803.01666259766 802.98559570312 802.92468261719 802.83294677734 802.70745849609 802.54895019531 802.38464355469 802.2080078125 802.02593994141 801.84710693359 801.68908691406 801.56536865234 801.48626708984 801.46490478516 801.52716064453 801.69396972656 801.97253417969 802.36627197266 802.88238525391 803.54608154297 804.35766601562 805.30902099609 806.39056396484 807.59979248047 808.94842529297 810.42883300781 812.01965332031 813.70196533203 815.4609375 817.28277587891 819.126953125 820.94799804688
802.15765380859 802.32659912109 802.4716796875 802.57885742188 802.66540527344 802.73034667969 802.77490234375 802.79815673828 802.78424072266 802.76556396484 802.72985839844 802.67645263672 802.59631347656 802.48876953125 802.37341308594 802.23931884766 802.0869140625 801.90832519531 801.71844482422 801.52105712891 801.31512451172 801.10394287109 800.88891601562 800.68695068359 800.50103759766 800.33941650391 800.21160888672 800.13879394531 800.14398193359 800.23010253906 800.40850830078 800.68969726562 801.10906982422 801.66735839844 802.35125732422 803.16168212891 804.09869384766 805.18951416016 806.41314697266 807.75305175781 809.20440673828 810.76306152344 812.43792724609 814.19573974609 816.00756835938 817.85046386719 819.69671630859
802.82250976562 802.96453857422 803.07092285156 803.14111328125 803.17498779297 803.1708984375 803.12261962891 803.04229736328 802.931640625 802.79284667969 802.6259765625 802.43157958984 802.21881103516 801.99035644531 801.74877929688 801.49645996094 801.23626708984 800.97277832031 800.70806884766 800.44396972656 800.18426513672 799.93145751953 799.68890380859 799.46069335938 799.25158691406 799.08001708984 798.95385742188 798.88275146484 798.8779296875 798.951171875 799.15209960938 799.46325683594 799.88970947266 800.43609619141 801.11059570312 801.94598388672 802.90179443359 803.97534179688 805.1640625 806.4755859375 807.92059326172 809.46563720703 811.10333251953 812.82427978516 814.62286376953 816.46508789062 818.30737304688
803.26690673828 803.40057373047 803.49078369141 803.52954101562 803.51287841797 803.44940185547 803.33972167969 803.18634033203 802.99047851562 802.74584960938 802.46936035156 802.16613769531 801.84661865234 801.51287841797 801.16424560547 800.81475830078 800.46813964844 800.1337890625 799.80651855469 799.48785400391 799.18139648438 798.88824462891 798.61517333984 798.36175537109 798.13421630859 797.93994140625 797.78735351562 797.69940185547 797.69482421875 797.77764892578 797.95855712891 798.24670410156 798.67431640625 799.24145507812 799.93017578125 800.73864746094 801.66448974609 802.73333740234 803.91943359375 805.20977783203 806.60180664062 808.09729003906 809.71154785156 811.40966796875 813.17535400391 814.99133300781 816.83551025391
803.55767822266 803.6806640625 803.74914550781 803.76293945312 803.72119140625 803.62347412109 803.46136474609 803.23809814453 802.9638671875 802.64300537109 802.29376220703 801.89904785156 801.47888183594 801.04754638672 800.61505126953 800.20074462891 799.78442382812 799.38250732422 798.99737548828 798.63330078125 798.29406738281 797.96795654297 797.66131591797 797.37536621094 797.11907958984 796.90319824219 796.73388671875 796.62408447266 796.58618164062 796.64611816406 796.82049560547 797.11767578125 797.53436279297 798.07263183594 798.74957275391 799.56024169922 800.4912109375 801.52868652344 802.66839599609 803.93011474609 805.29766845703 806.76043701172 808.31341552734 809.95404052734 811.69317626953 813.48608398438 815.30517578125
803.70568847656 803.83953857422 803.90661621094 803.90740966797 803.83209228516 803.68646240234 803.48095703125 803.21728515625 802.89770507812 802.50891113281 802.07373046875 801.60363769531 801.12054443359 800.62854003906 800.12396240234 799.63116455078 799.15484619141 798.71215820312 798.28771972656 797.88110351562 797.49871826172 797.14093017578 796.81207275391 796.50323486328 796.21868896484 795.96569824219 795.76092529297 795.62701416016 795.57025146484 795.60980224609 795.75445556641 796.02532958984 796.43090820312 796.97131347656 797.63928222656 798.42327880859 799.33123779297 800.35198974609 801.47930908203 802.69879150391 804.00622558594 805.4228515625 806.93560791016 808.53479003906 810.21154785156 811.95513916016 813.75622558594
803.775390625 803.92938232422 804.00354003906 803.9873046875 803.88153076172 803.69995117188 803.45513916016 803.13043212891 802.75524902344 802.32257080078 801.84381103516 801.32592773438 800.77160644531 800.20880126953 799.65863037109 799.12524414062 798.60833740234 798.10870361328 797.63543701172 797.20153808594 796.79553222656 796.41442871094 796.05413818359 795.71258544922 795.40460205078 795.12652587891 794.89050292969 794.71423339844 794.61773681641 794.63427734375 794.75775146484 795.01104736328 795.39422607422 795.91192626953 796.56848144531 797.34088134766 798.236328125 799.23095703125 800.32440185547 801.51385498047 802.78729248047 804.14318847656 805.58111572266 807.12237548828 808.75494384766 810.4560546875 812.20440673828
803.78295898438 803.97369384766 804.05023193359 804.02844238281 803.90539550781 803.66778564453 803.35571289062 802.99139404297 802.57971191406 802.11334228516 801.58459472656 801.01672363281 800.42846679688 799.83190917969 799.23663330078 798.65240478516 798.09362792969 797.56512451172 797.06512451172 796.59814453125 796.16473388672 795.76452636719 795.38525390625 795.02288818359 794.67535400391 794.35369873047 794.08666992188 793.88165283203 793.75213623047 793.72528076172 793.81396484375 794.05267333984 794.41839599609 794.91217041016 795.546875 796.30737304688 797.19616699219 798.18109130859 799.25476074219 800.4013671875 801.61669921875 802.92205810547 804.30731201172 805.7744140625 807.32135009766 808.95874023438 810.66479492188
803.71325683594 803.94384765625 804.06793212891 804.03509521484 803.85729980469 803.58404541016 803.23321533203 802.81683349609 802.35321044922 801.85357666016 801.30499267578 800.71514892578 800.09161376953 799.45739746094 798.83483886719 798.22534179688 797.63311767578 797.06689453125 796.54437255859 796.06500244141 795.61877441406 795.20001220703 794.79418945312 794.39825439453 794.01983642578 793.66772460938 793.35375976562 793.09777832031 792.93939208984 792.88800048828 792.95068359375 793.14019775391 793.47094726562 793.95837402344 794.57757568359 795.32342529297 796.20050048828 797.19586181641 798.26867675781 799.39184570312 800.56323242188 801.78228759766 803.07354736328 804.47399902344 805.95574951172 807.51373291016 809.13208007812
803.57666015625 803.86383056641 803.99438476562 803.96142578125 803.7705078125 803.44390869141 803.03454589844 802.58001708984 802.09155273438 801.57293701172 801.00744628906 800.39221191406 799.75335693359 799.10467529297 798.45806884766 797.81677246094 797.20428466797 796.62664794922 796.0888671875 795.5927734375 795.13745117188 794.70495605469 794.27770996094 793.85192871094 793.42785644531 793.02410888672 792.67645263672 792.39141845703 792.18518066406 792.0791015625 792.11737060547 792.29083251953 792.59094238281 793.02062988281 793.59497070312 794.36004638672 795.26605224609 796.27770996094 797.36346435547 798.48022460938 799.59710693359 800.74798583984 801.95666503906 803.24212646484 804.61407470703 806.09033203125 807.63269042969
803.29724121094 803.65081787109 803.88317871094 803.81408691406 803.55255126953 803.19128417969 802.76422119141 802.29162597656 801.78228759766 801.24865722656 800.67645263672 800.06365966797 799.41723632812 798.75543212891 798.09466552734 797.44305419922 796.81158447266 796.21600341797 795.68054199219 795.18426513672 794.71752929688 794.26782226562 793.81604003906 793.35021972656 792.88641357422 792.44219970703 792.03704833984 791.70404052734 791.47436523438 791.34997558594 791.33923339844 791.447265625 791.69671630859 792.10205078125 792.66809082031 793.40539550781 794.31475830078 795.39794921875 796.5390625 797.66540527344 798.75323486328 799.80364990234 800.89813232422 802.08813476562 803.36590576172 804.72393798828 806.14947509766
802.86492919922 803.25506591797 803.47698974609 803.44860839844 803.18347167969 802.81878662109 802.38610839844 801.91638183594 801.41882324219 800.89697265625 800.33477783203 799.71820068359 799.07305908203 798.41247558594 797.74652099609 797.083984375 796.45123291016 795.85900878906 795.31030273438 794.80151367188 794.32843017578 793.86358642578 793.38256835938 792.88208007812 792.37054443359 791.88153076172 791.44201660156 791.07440185547 790.79278564453 790.61572265625 790.57952880859 790.65563964844 790.84674072266 791.16906738281 791.67181396484 792.4267578125 793.39807128906 794.54022216797 795.78240966797 796.97845458984 798.00347900391 798.95330810547 799.92730712891 800.98205566406 802.16339111328 803.42700195312 804.75305175781
802.24688720703 802.60485839844 802.84271240234 802.81976318359 802.61120605469 802.30114746094 801.91949462891 801.48309326172 801.00701904297 800.50799560547 799.96154785156 799.36639404297 798.72894287109 798.07183837891 797.40856933594 796.75036621094 796.11187744141 795.51373291016 794.96624755859 794.45166015625 793.95703125 793.46911621094 792.96466064453 792.42462158203 791.87322998047 791.33929443359 790.84808349609 790.44879150391 790.14636230469 789.94744873047 789.85174560547 789.86029052734 790.00061035156 790.27795410156 790.73278808594 791.41522216797 792.39123535156 793.62609863281 795.01599121094 796.31091308594 797.28503417969 798.10791015625 798.98291015625 799.96197509766 801.0390625 802.19543457031 803.419921875
801.53082275391 801.85650634766 802.03497314453 802.07000732422 801.95831298828 801.69836425781 801.36651611328 800.98797607422 800.56982421875 800.107421875 799.58044433594 798.99877929688 798.37866210938 797.73608398438 797.08160400391 796.42657470703 795.79565429688 795.20043945312 794.64044189453 794.11389160156 793.60516357422 793.08477783203 792.53393554688 791.95581054688 791.36944580078 790.80267333984 790.28930664062 789.85430908203 789.50714111328 789.27783203125 789.15570068359 789.13824462891 789.21496582031 789.39282226562 789.76281738281 790.37481689453 791.35864257812 792.67199707031 794.10858154297 795.52465820312 796.41174316406 797.21112060547 798.03564453125 798.94879150391 799.97906494141 801.08502197266 802.22778320312
800.75744628906 801.04473876953 801.23278808594 801.28961181641 801.21917724609 801.05133056641 800.80615234375 800.47808837891 800.1044921875 799.68194580078 799.1904296875 798.63806152344 798.03131103516 797.40063476562 796.75830078125 796.11480712891 795.48236083984 794.88104248047 794.31237792969 793.76336669922 793.21710205078 792.66271972656 792.08447265625 791.47814941406 790.85778808594 790.26013183594 789.72100830078 789.26599121094 788.90087890625 788.64514160156 788.49066162109 788.4453125 788.49438476562 788.64434814453 788.91973876953 789.35144042969 790.34204101562 791.68280029297 793.08929443359 794.33544921875 795.38879394531 796.22869873047 797.07598876953 797.99359130859 798.99322509766 800.06634521484 801.19085693359
800.00427246094 800.26342773438 800.44226074219 800.53503417969 800.52038574219 800.40551757812 800.21600341797 799.96990966797 799.66186523438 799.26635742188 798.7978515625 798.26806640625 797.68768310547 797.07434082031 796.43927001953 795.80017089844 795.16845703125 794.55358886719 793.95642089844 793.38092041016 792.80688476562 792.21856689453 791.59881591797 790.96197509766 790.32678222656 789.71600341797 789.16015625 788.67938232422 788.29724121094 788.03009033203 787.86596679688 787.80975341797 787.85601806641 788.00366210938 788.2783203125 788.71533203125 789.62963867188 790.81365966797 792.09332275391 793.28649902344 794.32464599609 795.25311279297 796.14880371094 797.07885742188 798.08288574219 799.15435791016 800.28753662109
799.32122802734 799.55236816406 799.72998046875 799.83752441406 799.86822509766 799.82470703125 799.69873046875 799.49249267578 799.21630859375 798.86248779297 798.42761230469 797.91595458984 797.35046386719 796.74945068359 796.12493896484 795.48645019531 794.84631347656 794.21612548828 793.59759521484 792.98449707031 792.36291503906 791.73663330078 791.09326171875 790.43664550781 789.78039550781 789.15679931641 788.59295654297 788.10205078125 787.70062255859 787.41625976562 787.25921630859 787.22326660156 787.28826904297 787.45532226562 787.77575683594 788.30438232422 789.11358642578 790.14819335938 791.27020263672 792.35308837891 793.37976074219 794.33581542969 795.26629638672 796.21966552734 797.24682617188 798.34106445312 799.48748779297
798.75274658203 798.96435546875 799.14752197266 799.27294921875 799.32696533203 799.31488037109 799.23327636719 799.07531738281 798.82440185547 798.48297119141 798.06707763672 797.58343505859 797.03967285156 796.44342041016 795.81805419922 795.17669677734 794.52667236328 793.87109375 793.21850585938 792.56884765625 791.91491699219 791.25201416016 790.57287597656 789.89440917969 789.23138427734 788.59814453125 788.00872802734 787.49615478516 787.10540771484 786.82897949219 786.67108154297 786.63232421875 786.73883056641 786.97485351562 787.34490966797 787.88073730469 788.61065673828 789.51556396484 790.52526855469 791.54522705078 792.54364013672 793.51123046875 794.47235107422 795.46417236328 796.51013183594 797.61419677734 798.7763671875
798.30895996094 798.52130126953 798.69958496094 798.83282470703 798.91247558594 798.92803955078 798.85443115234 798.70306396484 798.47302246094 798.16436767578 797.76885986328 797.28674316406 796.74639892578 796.15808105469 795.53240966797 794.87744140625 794.20739746094 793.52819824219 792.84301757812 792.15374755859 791.45727539062 790.755859375 790.05236816406 789.35229492188 788.66314697266 788.01068115234 787.42034912109 786.90979003906 786.49774169922 786.20239257812 786.07501220703 786.07965087891 786.2109375 786.46771240234 786.85821533203 787.42535400391 788.13397216797 788.96179199219 789.87799072266 790.84204101562 791.81750488281 792.79418945312 793.78436279297 794.80316162109 795.87365722656 797.00665283203 798.18933105469
