gis/input_ras/wahp/raw_surf_ow/GM_Numerical_ 07 - Upper Mid Clay_younger.grd
DSAA
157 175
2880056.8709409 2983016.8709409
-256145.63012446 -141305.63012446
818.8798828125 961.2265625
[rows 105 to 125 of 175, columns 47 to 93 of 157]
849.88018798828 854.70776367188 858.70513916016 861.35241699219 862.65252685547 863.05914306641 862.99298095703 862.80249023438 862.66784667969 862.57958984375 862.31384277344 861.68768310547 861.24853515625 861.02478027344 861.02752685547 861.23315429688 861.69152832031 862.17211914062 862.39776611328 862.24578857422 861.55493164062 860.10797119141 858.12921142578 855.88317871094 853.51239013672 851.09130859375 848.52905273438 845.86584472656 843.07855224609 840.16247558594 837.18743896484 834.07781982422 833.54028320312 835.75305175781 839.36669921875 842.47235107422 843.82421875 843.43579101562 842.42083740234 841.30645751953 840.44757080078 840.14642333984 840.35797119141 841.01879882812 842.12554931641 843.76031494141 845.94946289062
853.80749511719 859.16088867188 863.86303710938 866.63446044922 867.57958984375 867.53356933594 867.17620849609 866.84429931641 866.5849609375 866.41766357422 865.95654296875 865.24334716797 864.48419189453 863.84606933594 863.45501708984 863.15686035156 862.8642578125 862.54351806641 862.15325927734 861.49938964844 860.22418212891 858.48852539062 856.41735839844 854.13488769531 851.77764892578 849.52178955078 847.42425537109 845.44860839844 843.32214355469 841.08569335938 839.2060546875 837.90600585938 837.69183349609 839.98333740234 843.69848632812 847.63165283203 849.05926513672 848.27685546875 846.96838378906 845.73590087891 844.83898925781 844.27502441406 844.12902832031 844.5224609375 845.34454345703 846.64190673828 848.48223876953
857.62249755859 863.46417236328 868.63244628906 871.49371337891 871.51098632812 871.09558105469 870.63592529297 870.23895263672 869.93664550781 869.56909179688 869.02984619141 868.23748779297 867.36322021484 866.45922851562 865.55303955078 864.68890380859 863.94262695312 863.15740966797 862.11364746094 860.83587646484 859.27734375 857.36712646484 855.16387939453 852.79620361328 850.54278564453 848.58068847656 846.90026855469 845.49816894531 844.54864501953 843.74584960938 842.84625244141 842.25891113281 842.70642089844 844.25128173828 847.01843261719 851.73059082031 853.31292724609 852.16149902344 851.25372314453 850.34527587891 849.46771240234 848.85174560547 848.50830078125 848.4248046875 848.70916748047 849.71057128906 851.30200195312
860.50024414062 866.43237304688 871.35900878906 873.8388671875 873.83673095703 873.40173339844 873.08380126953 872.89599609375 872.65588378906 872.294921875 871.73254394531 870.88360595703 869.81982421875 868.66735839844 867.48785400391 866.28460693359 864.95715332031 863.60809326172 862.24719238281 860.70501708984 858.90631103516 856.75134277344 854.35510253906 851.93121337891 849.69036865234 847.87609863281 846.88531494141 846.61645507812 846.65454101562 846.87158203125 847.29107666016 847.62634277344 847.69506835938 848.05041503906 849.08856201172 850.07885742188 853.97845458984 854.90655517578 855.11285400391 854.951171875 854.50872802734 853.83752441406 853.21771240234 852.81207275391 852.69323730469 852.95526123047 854.31506347656
862.41778564453 867.90380859375 872.17608642578 874.21923828125 874.33416748047 874.412109375 874.53472900391 874.69879150391 874.79156494141 874.64025878906 874.07391357422 873.17791748047 872.037109375 870.70129394531 869.13781738281 867.53533935547 865.931640625 864.31811523438 862.67163085938 860.93078613281 858.96453857422 856.68658447266 854.14715576172 851.45318603516 849.07568359375 847.61529541016 847.12420654297 847.60375976562 849.20758056641 851.28485107422 852.75158691406 853.64379882812 853.89611816406 853.14733886719 851.43890380859 851.4130859375 854.45153808594 857.91510009766 859.80169677734 860.27734375 859.99688720703 859.35534667969 858.53198242188 857.64300537109 857.00939941406 857.00701904297 857.96905517578
863.49291992188 868.42639160156 872.1552734375 873.0341796875 873.43933105469 874.08624267578 875.11437988281 876.04144287109 876.48638916016 876.52703857422 876.13055419922 875.28302001953 873.97998046875 872.40191650391 870.63537597656 868.74780273438 866.79986572266 864.96990966797 863.24066162109 861.47680664062 859.55108642578 857.23199462891 854.32476806641 851.35687255859 848.79925537109 847.11029052734 847.19207763672 849.18731689453 852.18957519531 855.63885498047 858.92889404297 860.99035644531 861.12615966797 860.27044677734 858.93823242188 858.47546386719 860.66638183594 863.62103271484 865.50567626953 866.33520507812 866.21282958984 865.32897949219 864.20617675781 863.09741210938 862.17919921875 861.73547363281 862.23150634766
863.80297851562 867.494140625 869.88269042969 870.82720947266 871.20440673828 873.39672851562 875.37652587891 876.93121337891 877.94830322266 878.32800292969 877.96887207031 877.08856201172 875.75262451172 874.03131103516 871.95446777344 869.73504638672 867.57849121094 865.59790039062 863.857421875 862.26672363281 860.46710205078 858.10290527344 855.08050537109 851.49078369141 848.36627197266 846.83538818359 847.48095703125 850.3154296875 854.90368652344 860.50311279297 865.30291748047 868.4033203125 869.49798583984 868.86480712891 867.98394775391 868.14794921875 869.412109375 871.31805419922 872.85845947266 873.20135498047 872.72424316406 871.65740966797 870.2451171875 868.76983642578 867.63464355469 866.99389648438 866.93023681641
863.92639160156 867.03790283203 868.89978027344 869.33874511719 870.84002685547 873.38787841797 876.14172363281 878.08612060547 879.32385253906 879.88977050781 879.78344726562 879.01232910156 877.5283203125 875.54315185547 873.19970703125 870.64587402344 868.11651611328 866.02062988281 864.43585205078 863.01287841797 861.47131347656 859.74450683594 855.99047851562 852.02624511719 848.49969482422 846.08502197266 846.83245849609 851.66931152344 857.67846679688 864.22790527344 870.69653320312 875.17132568359 876.95849609375 877.10467529297 876.71209716797 876.88543701172 878.15356445312 879.73828125 880.65740966797 880.50695800781 879.55023193359 878.04357910156 876.26574707031 874.54998779297 873.05725097656 871.96136474609 871.498046875
864.53118896484 867.24627685547 869.27307128906 870.79138183594 872.36956787109 874.95623779297 877.404296875 879.4716796875 880.99182128906 881.72650146484 881.68200683594 880.88177490234 879.36944580078 877.26397705078 874.64440917969 871.66027832031 868.71697998047 866.20855712891 864.69445800781 863.52276611328 862.00939941406 859.5380859375 856.55212402344 852.86291503906 849.54479980469 847.40014648438 848.87188720703 853.80407714844 860.25439453125 867.11834716797 873.55712890625 879.07446289062 882.73065185547 883.71490478516 883.92639160156 884.57952880859 885.99841308594 887.53814697266 888.04174804688 887.29266357422 885.85278320312 884.06243896484 881.98132324219 880.00524902344 878.27166748047 876.86987304688 875.83752441406
865.62103271484 868.47265625 870.71331787109 872.66766357422 874.72503662109 876.91436767578 879.21221923828 881.18865966797 882.69445800781 883.52014160156 883.63690185547 882.96350097656 881.50122070312 879.17144775391 876.28283691406 872.99835205078 869.55139160156 866.54486083984 865.17590332031 864.57086181641 862.68737792969 859.69372558594 856.83074951172 854.68127441406 852.78820800781 851.65069580078 853.11193847656 857.59332275391 863.2568359375 869.48291015625 875.77404785156 881.39434814453 885.58331298828 887.48028564453 888.71624755859 890.22747802734 891.83117675781 893.33947753906 893.88146972656 892.88464355469 891.2958984375 889.34417724609 887.19085693359 885.09008789062 883.03448486328 881.26934814453 879.89422607422
867.29565429688 870.13397216797 872.63214111328 874.82940673828 876.90533447266 879.02624511719 881.06500244141 882.87365722656 884.32348632812 885.36633300781 885.85418701172 885.27069091797 883.81512451172 881.41473388672 878.41259765625 875.03094482422 871.50982666016 868.4560546875 867.19439697266 866.99591064453 864.99786376953 862.29211425781 859.79290771484 858.19934082031 856.849609375 856.67291259766 858.19543457031 861.36846923828 866.31982421875 871.89520263672 877.41796875 882.66009521484 886.73870849609 889.84429931641 892.29974365234 894.25 896.06115722656 897.45861816406 897.87994384766 897.34039306641 895.85815429688 893.9521484375 891.79516601562 889.54260253906 887.31134033203 885.32244873047 883.50512695312
869.35870361328 872.19171142578 874.70141601562 876.93353271484 878.93682861328 880.86492919922 882.64996337891 884.31921386719 885.84887695312 887.08331298828 887.85046386719 887.77478027344 886.18597412109 883.73303222656 880.83331298828 877.75030517578 874.67321777344 872.07806396484 871.02642822266 870.35675048828 868.93377685547 866.61175537109 864.40301513672 862.67779541016 861.64147949219 861.56524658203 862.83172607422 865.50622558594 869.24731445312 873.70892333984 878.69470214844 883.50286865234 887.75708007812 891.32092285156 894.31500244141 896.95269775391 899.12518310547 900.58282470703 901.15484619141 900.81677246094 899.65637207031 897.90368652344 895.73522949219 893.42517089844 891.09326171875 888.78356933594 886.5830078125
871.78192138672 874.47576904297 876.79888916016 878.84387207031 880.71478271484 882.35888671875 883.90673828125 885.4287109375 886.8857421875 888.33197021484 889.70721435547 889.72802734375 888.29266357422 885.80584716797 883.20776367188 880.54937744141 878.09033203125 876.23449707031 875.11120605469 874.44519042969 873.51611328125 871.47454833984 869.15386962891 867.43713378906 866.38415527344 866.13720703125 866.85400390625 868.76403808594 871.79565429688 875.56903076172 879.78521728516 884.15655517578 888.36535644531 892.27349853516 895.80169677734 898.77783203125 901.2314453125 903.03802490234 903.94146728516 903.82336425781 902.80511474609 901.17077636719 899.08343505859 896.68768310547 894.19390869141 891.72705078125 889.35046386719
874.40924072266 876.78247070312 878.85607910156 880.65356445312 882.17974853516 883.50213623047 884.76141357422 885.97900390625 887.31127929688 888.68762207031 889.96569824219 890.51617431641 889.27154541016 887.29522705078 885.17645263672 883.09234619141 881.21722412109 879.88934326172 878.82666015625 878.25085449219 877.46270751953 875.63562011719 873.40637207031 871.68395996094 870.62860107422 870.14978027344 870.41766357422 871.55224609375 873.61511230469 876.67370605469 880.42120361328 884.51782226562 888.716796875 892.77423095703 896.57562255859 900.02807617188 902.92822265625 904.93896484375 906.06567382812 906.26092529297 905.51080322266 903.8837890625 901.73394775391 899.31524658203 896.75280761719 894.14105224609 891.58630371094
877.23028564453 879.25238037109 880.8984375 882.24090576172 883.33319091797 884.26959228516 885.16265869141 886.07977294922 887.07879638672 888.18811035156 889.18371582031 889.54937744141 889.12341308594 888.04022216797 886.66931152344 885.25067138672 883.97442626953 882.86804199219 881.96008300781 881.14764404297 880.12121582031 878.51904296875 876.71923828125 875.35406494141 874.27209472656 873.37805175781 872.79217529297 873.33898925781 874.86102294922 877.30114746094 880.53118896484 884.4658203125 888.65209960938 892.91168212891 896.96881103516 900.66174316406 903.85339355469 906.38513183594 908.00238037109 908.19488525391 907.41729736328 905.87542724609 903.77764892578 901.30163574219 898.67181396484 896.03234863281 893.44708251953
880.15026855469 881.66204833984 882.7626953125 883.60479736328 884.26904296875 884.78875732422 885.21423339844 885.70733642578 886.333984375 887.12683105469 887.96636962891 888.62811279297 888.63970947266 888.2509765625 887.61389160156 886.85375976562 886.05853271484 885.31219482422 884.49957275391 883.49047851562 882.25549316406 880.63842773438 879.08032226562 877.75567626953 876.87390136719 875.39453125 874.29467773438 874.02209472656 874.80651855469 876.97674560547 880.009765625 883.80657958984 888.08508300781 892.45617675781 896.73950195312 900.77783203125 904.28875732422 907.10974121094 908.96325683594 909.54559326172 908.82476806641 907.12188720703 904.95855712891 902.52282714844 899.94067382812 897.32806396484 894.80645751953
882.96643066406 883.83782958984 884.40167236328 884.81097412109 885.08679199219 885.15698242188 885.10369873047 885.05651855469 885.17010498047 885.75897216797 886.63854980469 887.46630859375 888.04992675781 888.31726074219 888.16833496094 887.97076416016 887.69012451172 887.28424072266 886.63677978516 885.56781005859 884.04376220703 882.294921875 880.59051513672 879.0615234375 877.50579833984 875.83673095703 874.33239746094 873.72711181641 874.19134521484 875.849609375 878.68609619141 882.56408691406 886.93951416016 891.49267578125 895.94189453125 900.07379150391 903.79382324219 907.03405761719 909.52947998047 909.90924072266 908.97619628906 907.38824462891 905.37719726562 902.99353027344 900.50134277344 898.04754638672 895.69470214844
885.21453857422 885.59307861328 885.822265625 885.84167480469 885.68536376953 885.36169433594 884.9091796875 884.43951416016 884.04333496094 884.35162353516 885.427734375 886.56231689453 887.45428466797 888.10784912109 888.54748535156 888.81384277344 888.88604736328 888.79534912109 888.36962890625 887.23486328125 885.51458740234 883.56506347656 881.47650146484 879.55163574219 877.6416015625 875.59057617188 873.79772949219 872.54339599609 872.51416015625 873.93469238281 876.92535400391 880.85406494141 885.40155029297 890.09814453125 894.66357421875 898.87194824219 902.60900878906 905.70648193359 907.87738037109 908.83502197266 908.08807373047 906.69781494141 904.88092041016 902.74481201172 900.44635009766 898.13934326172 895.97021484375
886.548828125 886.77740478516 886.75250244141 886.55682373047 886.20123291016 885.66094970703 884.89074707031 884.0087890625 883.1923828125 883.37829589844 884.60723876953 885.9052734375 887.06939697266 887.99194335938 888.66040039062 889.16314697266 889.55224609375 889.85821533203 889.74298095703 888.60595703125 886.56188964844 884.35632324219 882.11437988281 879.81707763672 877.43756103516 875.06994628906 872.9248046875 871.26989746094 870.52886962891 871.63391113281 874.78698730469 878.99487304688 883.73443603516 888.53845214844 893.16955566406 897.30529785156 900.79730224609 903.52227783203 905.47155761719 906.27093505859 906.20208740234 905.36602783203 903.83160400391 901.85162353516 899.69598388672 897.59338378906 895.68078613281
887.09729003906 887.39019775391 887.37481689453 887.11956787109 886.60925292969 885.91717529297 885.07971191406 884.16912841797 883.39849853516 883.50579833984 884.42126464844 885.65881347656 886.81353759766 887.81042480469 888.5947265625 889.15087890625 889.57080078125 889.91644287109 889.91748046875 888.87762451172 886.87701416016 884.66833496094 882.36724853516 879.89196777344 877.34039306641 874.73284912109 872.20367431641 869.97644042969 868.68096923828 869.42687988281 872.96990966797 877.42010498047 882.20123291016 887.07843017578 891.72021484375 895.78283691406 899.12298583984 901.53900146484 902.77697753906 903.89703369141 904.17156982422 903.63653564453 902.33312988281 900.501953125 898.427734375 896.37371826172 894.51452636719
887.18542480469 887.75402832031 887.81677246094 887.50543212891 886.96313476562 886.24114990234 885.39916992188 884.61004638672 884.08087158203 884.10205078125 884.71044921875 885.63562011719 886.66430664062 887.59735107422 888.30328369141 888.76379394531 888.90551757812 888.91668701172 888.74871826172 887.86920166016 886.38531494141 884.56103515625 882.37982177734 879.92041015625 877.27600097656 874.56817626953 871.98645019531 869.70300292969 1.70141E+38 1.70141E+38 1.70141E+38 876.47290039062 881.10827636719 885.91918945312 890.53564453125 894.69671630859 898.04052734375 900.11389160156 901.25024414062 902.11840820312 902.65472412109 902.10021972656 900.69696044922 898.82946777344 896.71472167969 894.55505371094 892.52490234375
