gis/input_ras/wahp/raw_surf_ow/GM_Numerical_ 08 - Upper Mid Sand_younger.grd
DSAA
150 175
2884264.0589446 2982604.0589446
-256145.63012446 -141305.63012446
840.56451416016 955.64691162109
[rows 110 to 131 of 175, columns 50 to 99 of 150]
1.70141E+38 1.70141E+38 1.70141E+38 1.70141E+38 1.70141E+38 1.70141E+38 1.70141E+38 1.70141E+38 1.70141E+38 1.70141E+38 1.70141E+38 860.11608886719 860.18603515625 860.57659912109 860.99108886719 860.96142578125 860.6162109375 860.09350585938 859.63879394531 859.66772460938 860.076171875 860.53259277344 1.70141E+38 1.70141E+38 1.70141E+38 1.70141E+38 859.35882568359 861.98577880859 864.78375244141 866.76751708984 867.98120117188 868.63830566406 868.90325927734 868.98797607422 869.1181640625 869.51824951172 870.44995117188 872.06219482422 874.06085205078 876.109375 878.00451660156 879.6923828125 881.11047363281 882.23071289062 883.22003173828 884.15246582031 885.02618408203 885.85595703125 886.64282226562 887.45086669922
1.70141E+38 1.70141E+38 1.70141E+38 1.70141E+38 1.70141E+38 1.70141E+38 1.70141E+38 1.70141E+38 1.70141E+38 1.70141E+38 1.70141E+38 861.2890625 861.95513916016 862.90270996094 863.75482177734 864.18286132812 863.84722900391 863.13848876953 862.69689941406 862.82153320312 863.67779541016 1.70141E+38 1.70141E+38 1.70141E+38 1.70141E+38 1.70141E+38 1.70141E+38 1.70141E+38 1.70141E+38 1.70141E+38 873.29998779297 873.86614990234 874.14611816406 874.3564453125 874.66143798828 875.22180175781 876.36779785156 877.96136474609 879.82843017578 881.81494140625 883.69879150391 885.35662841797 886.74761962891 887.81018066406 888.70349121094 889.50329589844 890.22674560547 890.87738037109 891.45556640625 892.07061767578
1.70141E+38 1.70141E+38 1.70141E+38 1.70141E+38 1.70141E+38 1.70141E+38 1.70141E+38 1.70141E+38 1.70141E+38 1.70141E+38 862.77191162109 863.15570068359 864.11614990234 865.72540283203 867.12384033203 867.70281982422 867.29833984375 866.34020996094 865.50457763672 865.47674560547 866.88464355469 1.70141E+38 1.70141E+38 1.70141E+38 1.70141E+38 1.70141E+38 1.70141E+38 1.70141E+38 1.70141E+38 1.70141E+38 1.70141E+38 879.38854980469 879.62133789062 879.84753417969 880.29772949219 881.10302734375 882.26959228516 883.86267089844 885.73455810547 887.69805908203 889.61444091797 891.22540283203 892.50610351562 893.49969482422 894.26202392578 894.88757324219 895.36865234375 895.77569580078 896.13854980469 896.49456787109
1.70141E+38 1.70141E+38 1.70141E+38 1.70141E+38 1.70141E+38 1.70141E+38 870.76739501953 869.20825195312 867.37097167969 865.75018310547 865.17547607422 865.99896240234 867.53338623047 869.09112548828 870.33862304688 871.10803222656 870.458984375 869.38879394531 868.60559082031 868.43933105469 1.70141E+38 1.70141E+38 1.70141E+38 1.70141E+38 1.70141E+38 1.70141E+38 1.70141E+38 1.70141E+38 1.70141E+38 1.70141E+38 1.70141E+38 1.70141E+38 884.92614746094 885.20196533203 885.74407958984 886.64489746094 887.89923095703 889.50555419922 891.42059326172 893.47216796875 895.40118408203 897.05078125 898.30364990234 899.162109375 899.67016601562 899.99932861328 900.21429443359 900.37725830078 900.50860595703 900.60168457031
1.70141E+38 1.70141E+38 1.70141E+38 1.70141E+38 1.70141E+38 1.70141E+38 872.91717529297 871.92980957031 870.48901367188 868.73687744141 868.14166259766 869.54443359375 871.421875 872.54479980469 873.20367431641 873.33551025391 872.97454833984 872.33892822266 871.82568359375 871.90240478516 873.62780761719 1.70141E+38 1.70141E+38 1.70141E+38 1.70141E+38 1.70141E+38 1.70141E+38 1.70141E+38 1.70141E+38 1.70141E+38 1.70141E+38 1.70141E+38 889.69909667969 890.06768798828 890.68023681641 891.63128662109 892.9501953125 894.69061279297 896.71203613281 898.89154052734 900.93548583984 902.63562011719 903.7763671875 904.3994140625 904.64904785156 904.72875976562 904.66137695312 904.50628662109 904.33514404297 904.17626953125
1.70141E+38 1.70141E+38 1.70141E+38 1.70141E+38 1.70141E+38 1.70141E+38 875.02618408203 874.34350585938 873.279296875 871.744140625 870.95886230469 872.4677734375 874.32141113281 875.04223632812 875.32409667969 875.41265869141 875.20843505859 874.92077636719 875.07214355469 875.81689453125 877.40393066406 879.95910644531 1.70141E+38 1.70141E+38 1.70141E+38 1.70141E+38 1.70141E+38 1.70141E+38 1.70141E+38 1.70141E+38 1.70141E+38 1.70141E+38 893.90179443359 894.30651855469 894.96325683594 895.95709228516 897.32073974609 899.11566162109 901.24566650391 903.58062744141 905.88885498047 907.75366210938 908.76696777344 909.17486572266 909.0703125 908.74102783203 908.35247802734 907.99456787109 907.63403320312 907.25915527344
1.70141E+38 1.70141E+38 1.70141E+38 1.70141E+38 1.70141E+38 1.70141E+38 876.80505371094 876.32977294922 875.66363525391 874.65509033203 874.57989501953 875.50103759766 876.38067626953 876.92651367188 877.09820556641 877.12170410156 877.22222900391 877.49090576172 878.03863525391 879.12103271484 880.9375 883.28643798828 885.83190917969 1.70141E+38 1.70141E+38 1.70141E+38 1.70141E+38 1.70141E+38 1.70141E+38 1.70141E+38 1.70141E+38 1.70141E+38 897.44696044922 897.85046386719 898.470703125 899.4384765625 900.78405761719 902.58233642578 904.8388671875 907.44165039062 910.0322265625 912.15344238281 913.1279296875 912.94439697266 912.48852539062 911.93383789062 911.35217285156 910.765625 910.19763183594 909.66314697266
1.70141E+38 1.70141E+38 1.70141E+38 1.70141E+38 1.70141E+38 1.70141E+38 1.70141E+38 877.91717529297 877.61474609375 877.61285400391 877.98583984375 878.48864746094 878.72406005859 878.54699707031 878.44232177734 878.57629394531 878.90930175781 879.51696777344 880.61096191406 882.06439208984 883.98974609375 886.24359130859 888.61700439453 890.92694091797 1.70141E+38 1.70141E+38 1.70141E+38 1.70141E+38 1.70141E+38 1.70141E+38 1.70141E+38 1.70141E+38 1.70141E+38 900.67193603516 901.19702148438 902.00061035156 903.22802734375 905.01062011719 907.2529296875 909.89202880859 912.87487792969 915.6357421875 916.11517333984 915.60144042969 914.83996582031 914.08233642578 913.38763427734 912.73474121094 912.09899902344 911.46130371094
1.70141E+38 1.70141E+38 1.70141E+38 1.70141E+38 1.70141E+38 1.70141E+38 1.70141E+38 1.70141E+38 1.70141E+38 879.64392089844 880.21746826172 880.68756103516 880.21716308594 879.75653076172 879.49395751953 879.55480957031 880.23156738281 881.31353759766 882.77679443359 884.61633300781 886.67950439453 888.91180419922 891.21771240234 893.46356201172 895.51745605469 1.70141E+38 1.70141E+38 1.70141E+38 1.70141E+38 1.70141E+38 1.70141E+38 1.70141E+38 1.70141E+38 902.70660400391 903.07019042969 903.71661376953 904.73529052734 906.201171875 908.21270751953 910.80041503906 913.60668945312 916.03338623047 916.92449951172 916.498046875 915.83020019531 915.16088867188 914.51129150391 913.88641357422 913.25006103516 912.56402587891
1.70141E+38 1.70141E+38 1.70141E+38 1.70141E+38 1.70141E+38 1.70141E+38 1.70141E+38 1.70141E+38 1.70141E+38 1.70141E+38 881.2685546875 881.3671875 881.05688476562 880.49444580078 880.07489013672 880.37243652344 881.28289794922 882.8271484375 884.685546875 886.72564697266 888.91625976562 891.20495605469 893.48425292969 895.67810058594 897.72589111328 899.57464599609 1.70141E+38 1.70141E+38 1.70141E+38 1.70141E+38 1.70141E+38 1.70141E+38 1.70141E+38 904.08966064453 904.18328857422 904.44970703125 905.12536621094 906.29650878906 907.95526123047 910.05047607422 912.423828125 914.42114257812 915.46704101562 915.75390625 915.57775878906 915.21264648438 914.75115966797 914.24792480469 913.68676757812 913.05133056641
1.70141E+38 1.70141E+38 1.70141E+38 1.70141E+38 1.70141E+38 1.70141E+38 1.70141E+38 1.70141E+38 1.70141E+38 1.70141E+38 1.70141E+38 881.85510253906 881.54718017578 881.10443115234 880.78216552734 880.91064453125 882.35333251953 884.212890625 886.26385498047 888.48870849609 890.78271484375 893.09240722656 895.37475585938 897.58135986328 899.59680175781 901.38629150391 902.90618896484 1.70141E+38 1.70141E+38 1.70141E+38 1.70141E+38 1.70141E+38 1.70141E+38 904.76129150391 904.52270507812 904.43896484375 904.61602783203 905.16839599609 906.35498046875 908.06396484375 909.99914550781 911.85534667969 913.32507324219 914.04559326172 914.33807373047 914.36224365234 914.20281982422 913.91949462891 913.47668457031 912.90582275391
1.70141E+38 1.70141E+38 1.70141E+38 1.70141E+38 1.70141E+38 1.70141E+38 1.70141E+38 1.70141E+38 1.70141E+38 1.70141E+38 1.70141E+38 1.70141E+38 882.08972167969 881.88330078125 881.78302001953 882.30554199219 883.74615478516 885.64324951172 887.75872802734 890.00347900391 892.31390380859 894.63922119141 896.89447021484 899.04815673828 901.05773925781 902.86865234375 904.36279296875 905.46044921875 1.70141E+38 1.70141E+38 1.70141E+38 1.70141E+38 1.70141E+38 904.88891601562 904.25012207031 903.70465087891 903.40222167969 903.43023681641 903.99011230469 905.20489501953 907.02056884766 908.94250488281 910.59094238281 911.83538818359 912.64239501953 912.9873046875 913.08380126953 912.99871826172 912.73431396484 912.29461669922
1.70141E+38 1.70141E+38 1.70141E+38 1.70141E+38 1.70141E+38 1.70141E+38 1.70141E+38 1.70141E+38 1.70141E+38 1.70141E+38 1.70141E+38 1.70141E+38 1.70141E+38 882.7744140625 883.04815673828 883.93322753906 885.29437255859 887.05975341797 889.13031005859 891.35064697266 893.61450195312 895.86938476562 898.07647705078 900.19757080078 902.16448974609 903.888671875 905.34332275391 906.47302246094 907.13909912109 1.70141E+38 1.70141E+38 1.70141E+38 1.70141E+38 904.69250488281 903.71215820312 902.70941162109 901.78723144531 901.12017822266 901.18011474609 902.07611083984 903.91461181641 906.06854248047 908.05004882812 909.57385253906 910.646484375 911.33319091797 911.69976806641 911.77850341797 911.62579345703 911.26440429688
1.70141E+38 1.70141E+38 1.70141E+38 1.70141E+38 1.70141E+38 1.70141E+38 1.70141E+38 1.70141E+38 1.70141E+38 1.70141E+38 1.70141E+38 1.70141E+38 1.70141E+38 883.61572265625 884.30401611328 885.2900390625 886.69073486328 888.44598388672 890.42242431641 892.51898193359 894.69268798828 896.87432861328 898.98931884766 900.99310302734 902.87200927734 904.56378173828 905.99334716797 907.07263183594 907.73956298828 907.87707519531 907.40814208984 906.57824707031 905.47088623047 904.23803710938 902.92761230469 901.62731933594 900.36059570312 899.18176269531 898.35174560547 899.03625488281 901.13342285156 903.59808349609 905.80621337891 907.57202148438 908.85510253906 909.66796875 910.14221191406 910.33349609375 910.30090332031 910.03607177734
1.70141E+38 1.70141E+38 1.70141E+38 1.70141E+38 1.70141E+38 1.70141E+38 1.70141E+38 1.70141E+38 1.70141E+38 1.70141E+38 1.70141E+38 1.70141E+38 1.70141E+38 884.39166259766 885.29486083984 886.49407958984 887.97875976562 889.67669677734 891.57641601562 893.58483886719 895.62524414062 897.63732910156 899.61077880859 901.51428222656 903.2978515625 904.87609863281 906.23669433594 907.33898925781 908.06658935547 908.26397705078 907.54705810547 906.40130615234 905.11706542969 903.73986816406 902.29089355469 900.76916503906 899.25360107422 897.83752441406 896.76068115234 897.16320800781 899.48547363281 902.05487060547 904.27319335938 906.03900146484 907.30517578125 908.12756347656 908.63830566406 908.86560058594 908.87353515625 908.66845703125
1.70141E+38 1.70141E+38 1.70141E+38 1.70141E+38 1.70141E+38 1.70141E+38 1.70141E+38 1.70141E+38 1.70141E+38 1.70141E+38 1.70141E+38 1.70141E+38 883.99017333984 885.03039550781 886.23669433594 887.58557128906 889.11761474609 890.81109619141 892.61767578125 894.47436523438 896.37835693359 898.26116943359 900.0927734375 901.79614257812 903.38739013672 904.84320068359 906.11486816406 907.17401123047 907.93023681641 908.08276367188 907.25286865234 906.01452636719 904.64971923828 903.21868896484 901.74395751953 900.25445556641 898.80773925781 897.51202392578 896.84704589844 897.3056640625 899.23309326172 901.49517822266 903.5615234375 905.01257324219 906.07312011719 906.80548095703 907.26593017578 907.48809814453 907.51672363281 907.32391357422
1.70141E+38 1.70141E+38 1.70141E+38 1.70141E+38 1.70141E+38 1.70141E+38 1.70141E+38 1.70141E+38 1.70141E+38 1.70141E+38 1.70141E+38 1.70141E+38 884.32067871094 885.63012695312 887.02691650391 888.52685546875 890.14440917969 891.82775878906 893.56091308594 895.31652832031 897.06884765625 898.73333740234 900.35064697266 901.87744140625 903.29608154297 904.578125 905.64013671875 906.50268554688 907.06463623047 907.1259765625 906.45538330078 905.34155273438 904.06134033203 902.72991943359 901.375 900.05743408203 898.89581298828 898.02166748047 897.69470214844 898.21142578125 899.61840820312 901.59429931641 903.251953125 904.43878173828 905.22467041016 905.75561523438 906.10205078125 906.2802734375 906.29150390625 906.12921142578
1.70141E+38 1.70141E+38 1.70141E+38 1.70141E+38 1.70141E+38 1.70141E+38 1.70141E+38 1.70141E+38 1.70141E+38 1.70141E+38 1.70141E+38 1.70141E+38 884.54986572266 886.15759277344 887.79565429688 889.44268798828 891.11169433594 892.78948974609 894.45587158203 896.07153320312 897.64031982422 899.138671875 900.55041503906 901.84436035156 903.00024414062 904.02801513672 904.89898681641 905.57818603516 905.96905517578 905.876953125 905.34191894531 904.48706054688 903.43994140625 902.328125 901.20550537109 900.16033935547 899.27404785156 898.65057373047 898.5595703125 899.14776611328 900.28106689453 901.7314453125 903.15893554688 903.95989990234 904.53552246094 904.95355224609 905.23297119141 905.3828125 905.34161376953 905.11846923828
1.70141E+38 1.70141E+38 1.70141E+38 1.70141E+38 1.70141E+38 1.70141E+38 1.70141E+38 1.70141E+38 1.70141E+38 1.70141E+38 1.70141E+38 1.70141E+38 884.83728027344 886.72338867188 888.55261230469 890.33203125 892.06317138672 893.72259521484 895.30145263672 896.79321289062 898.19299316406 899.49145507812 900.64855957031 901.68536376953 902.59832763672 903.38610839844 904.02435302734 904.46746826172 904.69805908203 904.67321777344 904.35528564453 903.69024658203 902.88763427734 902.02966308594 901.18103027344 900.39520263672 899.80487060547 899.50256347656 899.54669189453 899.97583007812 900.8193359375 901.91424560547 902.87109375 903.61767578125 904.13690185547 904.48522949219 904.68194580078 904.75518798828 904.68328857422 1.70141E+38
1.70141E+38 1.70141E+38 1.70141E+38 1.70141E+38 1.70141E+38 1.70141E+38 1.70141E+38 1.70141E+38 1.70141E+38 1.70141E+38 1.70141E+38 1.70141E+38 885.23132324219 887.37438964844 889.35662841797 891.24090576172 893.00476074219 894.64086914062 896.14373779297 897.49761962891 898.69128417969 899.75793457031 900.69494628906 901.51043701172 902.15417480469 902.64416503906 903.03472900391 903.34576416016 903.55377197266 903.56951904297 903.39978027344 903.04095458984 902.52081298828 901.86871337891 901.28881835938 900.81195068359 900.47717285156 900.31854248047 900.42864990234 900.87231445312 901.51391601562 902.26446533203 903.02056884766 903.625 904.02563476562 904.29949951172 904.458984375 904.50500488281 904.38439941406 1.70141E+38
1.70141E+38 1.70141E+38 1.70141E+38 1.70141E+38 1.70141E+38 1.70141E+38 1.70141E+38 1.70141E+38 1.70141E+38 1.70141E+38 1.70141E+38 1.70141E+38 885.7109375 888.06848144531 890.23950195312 892.21527099609 893.98504638672 895.55877685547 896.92065429688 898.10540771484 899.13427734375 900.03668212891 900.73895263672 901.26031494141 901.62573242188 901.87878417969 902.08453369141 902.22845458984 902.41821289062 902.62890625 902.69586181641 902.53930664062 902.25762939453 901.90991210938 901.57318115234 901.29541015625 901.15655517578 901.22863769531 901.44366455078 901.79425048828 902.31579589844 902.91546630859 903.45495605469 903.90130615234 904.22766113281 904.4384765625 904.52447509766 904.49163818359 904.33020019531 1.70141E+38
1.70141E+38 1.70141E+38 1.70141E+38 1.70141E+38 1.70141E+38 1.70141E+38 1.70141E+38 1.70141E+38 1.70141E+38 1.70141E+38 1.70141E+38 1.70141E+38 886.39038085938 888.90155029297 891.17980957031 893.20709228516 894.94714355469 896.42041015625 897.66143798828 898.71252441406 899.53686523438 900.20153808594 900.69696044922 901.03021240234 901.19372558594 901.16125488281 901.09027099609 901.11584472656 901.36505126953 901.73748779297 902.13726806641 902.28466796875 902.21264648438 902.02709960938 901.87634277344 901.86322021484 901.97619628906 902.18176269531 902.47131347656 902.85437011719 903.28405761719 903.73425292969 904.16809082031 904.51776123047 904.71813964844 904.78686523438 904.78143310547 904.71856689453 1.70141E+38 1.70141E+38
