gis/input_ras/wahp/raw_surf_ow/GM_Numerical_ 10 - Upper Sand_younger.grd
DSAA
127 175
2899843.736377 2983003.736377
-256145.63012446 -141305.63012446
875.943359375 980.65478515625
[rows 92 to 114 of 175, columns 0 to 50 of 127]
1.70141E+38 1.70141E+38 1.70141E+38 917.54742431641 915.94982910156 914.31878662109 912.67816162109 911.10559082031 909.69653320312 908.44409179688 907.35858154297 906.47387695312 905.76995849609 905.21606445312 904.75921630859 904.37390136719 904.06317138672 903.77038574219 903.46173095703 903.15533447266 1.70141E+38 1.70141E+38 1.70141E+38 1.70141E+38 1.70141E+38 1.70141E+38 1.70141E+38 1.70141E+38 1.70141E+38 1.70141E+38 1.70141E+38 1.70141E+38 1.70141E+38 1.70141E+38 1.70141E+38 1.70141E+38 1.70141E+38 1.70141E+38 1.70141E+38 1.70141E+38 1.70141E+38 1.70141E+38 1.70141E+38 1.70141E+38 1.70141E+38 1.70141E+38 1.70141E+38 1.70141E+38 1.70141E+38 1.70141E+38 1.70141E+38
1.70141E+38 1.70141E+38 1.70141E+38 915.82092285156 914.03338623047 912.23474121094 910.49066162109 908.83648681641 907.3154296875 905.99871826172 904.93084716797 904.07348632812 903.40148925781 902.89715576172 902.56475830078 902.30865478516 902.09698486328 901.91094970703 901.74279785156 901.59564208984 901.41577148438 1.70141E+38 1.70141E+38 1.70141E+38 1.70141E+38 1.70141E+38 1.70141E+38 1.70141E+38 1.70141E+38 1.70141E+38 1.70141E+38 1.70141E+38 1.70141E+38 1.70141E+38 1.70141E+38 1.70141E+38 1.70141E+38 1.70141E+38 1.70141E+38 1.70141E+38 1.70141E+38 1.70141E+38 1.70141E+38 1.70141E+38 1.70141E+38 1.70141E+38 1.70141E+38 1.70141E+38 1.70141E+38 1.70141E+38 1.70141E+38
1.70141E+38 1.70141E+38 915.70263671875 913.84515380859 911.93151855469 910.00305175781 908.11047363281 906.35571289062 904.81286621094 903.48724365234 902.39495849609 901.55358886719 900.99371337891 900.61602783203 900.37634277344 900.24047851562 900.1884765625 900.16583251953 900.13952636719 900.10827636719 900.06463623047 900.00604248047 899.88745117188 1.70141E+38 1.70141E+38 1.70141E+38 1.70141E+38 1.70141E+38 1.70141E+38 1.70141E+38 1.70141E+38 1.70141E+38 1.70141E+38 1.70141E+38 906.76055908203 907.81219482422 908.80987548828 909.70147705078 1.70141E+38 1.70141E+38 1.70141E+38 1.70141E+38 1.70141E+38 1.70141E+38 1.70141E+38 1.70141E+38 1.70141E+38 1.70141E+38 1.70141E+38 1.70141E+38 1.70141E+38
1.70141E+38 1.70141E+38 913.72491455078 911.72271728516 909.64514160156 907.57775878906 905.60455322266 903.78173828125 902.15948486328 900.81610107422 899.81079101562 899.07263183594 898.57928466797 898.3017578125 898.22058105469 898.26452636719 898.36865234375 898.50396728516 898.64636230469 898.77178955078 898.86529541016 898.91564941406 898.92169189453 898.88885498047 1.70141E+38 1.70141E+38 1.70141E+38 1.70141E+38 1.70141E+38 1.70141E+38 901.97277832031 903.01550292969 904.07067871094 905.146484375 906.22814941406 907.29473876953 908.31970214844 909.27178955078 910.09765625 910.71789550781 911.14294433594 911.35443115234 911.33325195312 1.70141E+38 1.70141E+38 1.70141E+38 1.70141E+38 1.70141E+38 1.70141E+38 1.70141E+38 1.70141E+38
1.70141E+38 913.66192626953 911.61212158203 909.42755126953 907.20965576172 905.01916503906 902.92474365234 901.05572509766 899.4609375 898.16143798828 897.17156982422 896.49682617188 896.15771484375 896.07061767578 896.15777587891 896.37274169922 896.65283203125 896.97253417969 897.29205322266 897.58447265625 897.83734130859 898.01666259766 898.15161132812 898.26531982422 898.37664794922 898.50872802734 1.70141E+38 1.70141E+38 899.94879150391 900.87396240234 901.77233886719 902.70739746094 903.67517089844 904.70166015625 905.7734375 906.87115478516 907.9443359375 908.94604492188 909.83001708984 910.56048583984 911.09539794922 911.35803222656 911.37103271484 911.13006591797 910.63995361328 909.90625 1.70141E+38 1.70141E+38 1.70141E+38 1.70141E+38 1.70141E+38
1.70141E+38 911.58087158203 909.35583496094 907.03192138672 904.69195556641 902.39642333984 900.2509765625 898.32989501953 896.69000244141 895.41961669922 894.54748535156 894.03436279297 893.82916259766 893.888671875 894.13458251953 894.56622314453 895.06872558594 895.59387207031 896.09350585938 896.52337646484 896.92559814453 897.2666015625 897.56268310547 897.82421875 898.08752441406 898.45971679688 898.97387695312 899.66302490234 900.42163085938 901.12664794922 901.75231933594 902.4775390625 903.31964111328 904.29638671875 905.35949707031 906.48370361328 907.62084960938 908.72351074219 909.69384765625 910.50329589844 911.1162109375 911.50933837891 911.6630859375 911.4990234375 911.06787109375 910.42553710938 909.63189697266 908.72894287109 1.70141E+38 906.29119873047 905.10235595703
1.70141E+38 909.45849609375 907.10931396484 904.64068603516 902.16027832031 899.75659179688 897.54547119141 895.59167480469 894.00415039062 892.80212402344 891.9912109375 891.58447265625 891.50946044922 891.79400634766 892.28411865234 892.91778564453 893.58935546875 894.28698730469 894.99029541016 895.6328125 896.19177246094 896.64166259766 897.05261230469 897.47204589844 897.92767333984 898.46356201172 899.14794921875 900.05328369141 900.84600830078 901.24298095703 901.64752197266 902.23309326172 902.98376464844 903.89959716797 904.95745849609 906.12060546875 907.314453125 908.49133300781 909.58526611328 910.54547119141 911.27136230469 911.75750732422 911.97894287109 911.92993164062 911.61108398438 911.00140380859 910.21215820312 909.20275878906 907.92529296875 906.41485595703 904.95544433594
1.70141E+38 907.37268066406 904.85870361328 902.27227783203 899.70477294922 897.22265625 894.94976806641 892.97247314453 891.39013671875 890.23345947266 889.5009765625 889.26110839844 889.39660644531 889.84161376953 890.49841308594 891.32135009766 892.2529296875 893.19030761719 894.04602050781 894.82562255859 895.52655029297 896.14056396484 896.6787109375 897.17138671875 897.69677734375 898.31506347656 899.05773925781 899.89276123047 900.67694091797 900.99450683594 901.35461425781 901.85729980469 902.55456542969 903.458984375 904.52087402344 905.73352050781 907.01477050781 908.29022216797 909.47619628906 910.53479003906 911.40734863281 912.04412841797 912.36547851562 912.38055419922 912.10772705078 911.53778076172 910.7060546875 909.59643554688 908.22222900391 906.61273193359 904.841796875
1.70141E+38 905.37866210938 902.7763671875 900.08843994141 897.39202880859 894.82421875 892.51702880859 890.51794433594 888.91394042969 887.81494140625 887.21600341797 887.08941650391 887.35278320312 887.99041748047 888.91784667969 889.96795654297 891.05731201172 892.1484375 893.21374511719 894.19958496094 895.02838134766 895.72918701172 896.34008789062 896.89031982422 897.41613769531 897.99084472656 898.64672851562 899.35638427734 899.92401123047 900.39276123047 900.80578613281 901.34008789062 902.03912353516 902.95751953125 904.06243896484 905.31829833984 906.64825439453 908.00134277344 909.32403564453 910.52142333984 911.49328613281 912.22576904297 912.67242431641 912.78723144531 912.56298828125 912.0224609375 911.20751953125 910.0859375 908.61706542969 906.82366943359 904.83947753906
1.70141E+38 903.61352539062 900.88531494141 898.09686279297 895.34033203125 892.70068359375 890.28680419922 888.248046875 886.70562744141 885.63726806641 885.06048583984 885.04064941406 885.53741455078 886.38995361328 887.47503662109 888.71008300781 890.04046630859 891.34112548828 892.54925537109 893.65698242188 894.63922119141 895.46459960938 896.10345458984 896.63330078125 897.11468505859 897.58648681641 898.05004882812 898.57977294922 899.10443115234 899.5908203125 900.09460449219 900.71185302734 901.47961425781 902.42572021484 903.5458984375 904.82672119141 906.22906494141 907.65960693359 909.05035400391 910.34417724609 911.47302246094 912.33508300781 912.83599853516 913.02258300781 912.90087890625 912.47216796875 911.72326660156 910.60833740234 909.13549804688 907.30059814453 905.01812744141
1.70141E+38 902.06634521484 899.29528808594 896.43615722656 893.56359863281 890.85736083984 888.42315673828 886.34130859375 884.68670654297 883.59619140625 883.18072509766 883.29577636719 883.88671875 884.88140869141 886.23590087891 887.70611572266 889.19403076172 890.65399169922 892.05230712891 893.33972167969 894.41510009766 895.29608154297 895.98297119141 896.48516845703 896.82342529297 897.13153076172 897.46051025391 897.83764648438 898.2802734375 898.8046875 899.39074707031 900.06884765625 900.86926269531 901.83294677734 902.99328613281 904.30200195312 905.71490478516 907.18878173828 908.67510986328 910.04791259766 911.23596191406 912.18090820312 912.83416748047 913.13677978516 913.06848144531 912.72955322266 912.11706542969 911.21130371094 909.85095214844 907.818359375 905.29705810547
1.70141E+38 900.88543701172 898.04498291016 895.11199951172 892.19952392578 889.40246582031 886.82043457031 884.68597412109 883.04431152344 881.85949707031 881.39837646484 881.58544921875 882.35852050781 883.62908935547 885.14996337891 886.83538818359 888.56091308594 890.18774414062 891.73822021484 893.15789794922 894.39392089844 895.37292480469 896.01483154297 896.42785644531 1.70141E+38 1.70141E+38 1.70141E+38 1.70141E+38 1.70141E+38 898.11798095703 898.74145507812 899.46154785156 900.30908203125 901.28985595703 902.41430664062 903.68591308594 905.1142578125 906.61566162109 908.11651611328 909.552734375 910.85546875 911.85205078125 912.52496337891 912.89544677734 912.98059082031 912.80871582031 912.33685302734 911.59332275391 910.39270019531 908.51519775391 905.61779785156
1.70141E+38 1.70141E+38 897.18823242188 894.22338867188 891.22399902344 888.35589599609 885.73919677734 883.42565917969 881.61376953125 880.48266601562 879.91741943359 880.05316162109 880.97283935547 882.32159423828 884.11157226562 886.09173583984 888.03887939453 889.90997314453 891.69940185547 893.28240966797 894.60144042969 895.60699462891 1.70141E+38 1.70141E+38 1.70141E+38 1.70141E+38 1.70141E+38 1.70141E+38 1.70141E+38 1.70141E+38 1.70141E+38 899.01770019531 899.81298828125 900.73370361328 901.82305908203 903.06329345703 904.43585205078 905.90850830078 907.42993164062 908.87719726562 910.16357421875 911.22033691406 911.99420166016 912.41467285156 912.50952148438 912.37957763672 912.04876708984 911.52587890625 910.71862792969 908.70849609375 905.33563232422
1.70141E+38 1.70141E+38 1.70141E+38 1.70141E+38 890.69244384766 887.72222900391 884.93811035156 882.48852539062 880.48150634766 879.11859130859 878.51037597656 878.68572998047 879.59686279297 881.13848876953 883.17242431641 885.40173339844 887.63610839844 889.78887939453 891.83386230469 893.64788818359 1.70141E+38 1.70141E+38 1.70141E+38 1.70141E+38 1.70141E+38 1.70141E+38 1.70141E+38 1.70141E+38 1.70141E+38 1.70141E+38 1.70141E+38 1.70141E+38 899.46325683594 900.28674316406 901.24835205078 902.38220214844 903.70581054688 905.13122558594 906.59442138672 908.02783203125 909.34069824219 910.39752197266 911.12139892578 911.54339599609 911.67767333984 911.54327392578 911.16833496094 910.50439453125 909.44451904297 907.5908203125 903.74108886719
1.70141E+38 1.70141E+38 1.70141E+38 1.70141E+38 1.70141E+38 887.51263427734 884.60247802734 881.9072265625 879.72155761719 878.07202148438 877.14038085938 877.23187255859 878.18353271484 879.97485351562 882.25238037109 884.78234863281 887.40948486328 889.958984375 892.28833007812 1.70141E+38 1.70141E+38 1.70141E+38 1.70141E+38 1.70141E+38 1.70141E+38 1.70141E+38 1.70141E+38 1.70141E+38 1.70141E+38 1.70141E+38 1.70141E+38 1.70141E+38 1.70141E+38 899.91070556641 900.75750732422 901.77252197266 902.95343017578 904.27471923828 905.69079589844 907.07116699219 908.30895996094 909.33721923828 910.07385253906 910.46496582031 910.51861572266 910.24737548828 909.64398193359 908.64727783203 907.16473388672 904.51678466797 900.94360351562
1.70141E+38 1.70141E+38 1.70141E+38 1.70141E+38 1.70141E+38 1.70141E+38 1.70141E+38 1.70141E+38 1.70141E+38 877.24224853516 876.06591796875 875.943359375 876.9833984375 878.99273681641 881.53668212891 884.48980712891 887.40148925781 1.70141E+38 1.70141E+38 1.70141E+38 1.70141E+38 1.70141E+38 1.70141E+38 1.70141E+38 1.70141E+38 1.70141E+38 1.70141E+38 1.70141E+38 1.70141E+38 1.70141E+38 1.70141E+38 1.70141E+38 1.70141E+38 1.70141E+38 900.29290771484 901.17810058594 902.24890136719 903.45385742188 904.72833251953 906.00946044922 907.19952392578 908.18438720703 908.84716796875 909.15832519531 909.11950683594 908.71154785156 907.93322753906 906.52178955078 904.40124511719 901.52563476562 897.88482666016
1.70141E+38 1.70141E+38 1.70141E+38 1.70141E+38 1.70141E+38 1.70141E+38 1.70141E+38 1.70141E+38 1.70141E+38 1.70141E+38 1.70141E+38 1.70141E+38 1.70141E+38 1.70141E+38 1.70141E+38 1.70141E+38 1.70141E+38 1.70141E+38 1.70141E+38 1.70141E+38 1.70141E+38 1.70141E+38 1.70141E+38 1.70141E+38 1.70141E+38 1.70141E+38 1.70141E+38 1.70141E+38 1.70141E+38 1.70141E+38 1.70141E+38 1.70141E+38 1.70141E+38 1.70141E+38 1.70141E+38 900.67407226562 901.54278564453 902.61431884766 903.78399658203 904.96673583984 906.04229736328 906.93963623047 907.53771972656 907.79205322266 907.69580078125 907.13037109375 906.08703613281 904.41442871094 902.07171630859 898.98016357422 895.19549560547
1.70141E+38 1.70141E+38 1.70141E+38 1.70141E+38 1.70141E+38 1.70141E+38 1.70141E+38 1.70141E+38 1.70141E+38 1.70141E+38 1.70141E+38 1.70141E+38 1.70141E+38 1.70141E+38 1.70141E+38 1.70141E+38 1.70141E+38 1.70141E+38 1.70141E+38 1.70141E+38 1.70141E+38 1.70141E+38 1.70141E+38 1.70141E+38 1.70141E+38 1.70141E+38 1.70141E+38 1.70141E+38 1.70141E+38 1.70141E+38 1.70141E+38 1.70141E+38 1.70141E+38 1.70141E+38 1.70141E+38 1.70141E+38 900.94897460938 901.85076904297 902.853515625 903.90142822266 904.88262939453 905.70227050781 906.27569580078 906.46978759766 906.25341796875 905.61499023438 904.49652099609 902.77453613281 900.28704833984 897.07061767578 1.70141E+38
1.70141E+38 1.70141E+38 1.70141E+38 1.70141E+38 1.70141E+38 1.70141E+38 1.70141E+38 1.70141E+38 1.70141E+38 1.70141E+38 1.70141E+38 1.70141E+38 1.70141E+38 1.70141E+38 1.70141E+38 1.70141E+38 1.70141E+38 1.70141E+38 1.70141E+38 1.70141E+38 1.70141E+38 1.70141E+38 1.70141E+38 1.70141E+38 1.70141E+38 1.70141E+38 1.70141E+38 1.70141E+38 1.70141E+38 1.70141E+38 1.70141E+38 1.70141E+38 1.70141E+38 1.70141E+38 1.70141E+38 1.70141E+38 1.70141E+38 1.70141E+38 902.00659179688 902.93615722656 903.82434082031 904.54516601562 905.01751708984 905.18078613281 904.99401855469 904.39831542969 903.25543212891 901.47009277344 899.04376220703 1.70141E+38 1.70141E+38
1.70141E+38 1.70141E+38 1.70141E+38 1.70141E+38 1.70141E+38 1.70141E+38 1.70141E+38 1.70141E+38 1.70141E+38 1.70141E+38 1.70141E+38 1.70141E+38 1.70141E+38 1.70141E+38 1.70141E+38 1.70141E+38 1.70141E+38 1.70141E+38 1.70141E+38 1.70141E+38 1.70141E+38 1.70141E+38 1.70141E+38 1.70141E+38 1.70141E+38 1.70141E+38 1.70141E+38 1.70141E+38 1.70141E+38 1.70141E+38 1.70141E+38 1.70141E+38 1.70141E+38 1.70141E+38 1.70141E+38 1.70141E+38 1.70141E+38 1.70141E+38 1.70141E+38 1.70141E+38 1.70141E+38 903.49627685547 903.95654296875 904.11346435547 903.87487792969 903.27642822266 1.70141E+38 1.70141E+38 1.70141E+38 1.70141E+38 1.70141E+38
1.70141E+38 1.70141E+38 1.70141E+38 1.70141E+38 1.70141E+38 1.70141E+38 1.70141E+38 1.70141E+38 1.70141E+38 1.70141E+38 1.70141E+38 1.70141E+38 1.70141E+38 1.70141E+38 1.70141E+38 1.70141E+38 1.70141E+38 1.70141E+38 1.70141E+38 1.70141E+38 1.70141E+38 1.70141E+38 1.70141E+38 1.70141E+38 1.70141E+38 1.70141E+38 1.70141E+38 1.70141E+38 1.70141E+38 1.70141E+38 1.70141E+38 1.70141E+38 1.70141E+38 1.70141E+38 1.70141E+38 1.70141E+38 1.70141E+38 1.70141E+38 1.70141E+38 1.70141E+38 1.70141E+38 1.70141E+38 1.70141E+38 1.70141E+38 1.70141E+38 1.70141E+38 1.70141E+38 1.70141E+38 1.70141E+38 1.70141E+38 1.70141E+38
1.70141E+38 1.70141E+38 1.70141E+38 1.70141E+38 1.70141E+38 1.70141E+38 1.70141E+38 1.70141E+38 1.70141E+38 1.70141E+38 1.70141E+38 1.70141E+38 1.70141E+38 1.70141E+38 1.70141E+38 1.70141E+38 1.70141E+38 1.70141E+38 1.70141E+38 1.70141E+38 1.70141E+38 1.70141E+38 1.70141E+38 1.70141E+38 1.70141E+38 1.70141E+38 1.70141E+38 1.70141E+38 1.70141E+38 1.70141E+38 1.70141E+38 1.70141E+38 1.70141E+38 1.70141E+38 1.70141E+38 1.70141E+38 1.70141E+38 1.70141E+38 1.70141E+38 1.70141E+38 1.70141E+38 1.70141E+38 1.70141E+38 1.70141E+38 1.70141E+38 1.70141E+38 1.70141E+38 1.70141E+38 1.70141E+38 1.70141E+38 1.70141E+38
1.70141E+38 1.70141E+38 1.70141E+38 1.70141E+38 1.70141E+38 1.70141E+38 1.70141E+38 1.70141E+38 1.70141E+38 1.70141E+38 1.70141E+38 1.70141E+38 1.70141E+38 1.70141E+38 1.70141E+38 1.70141E+38 1.70141E+38 1.70141E+38 1.70141E+38 1.70141E+38 1.70141E+38 1.70141E+38 1.70141E+38 1.70141E+38 1.70141E+38 1.70141E+38 1.70141E+38 1.70141E+38 1.70141E+38 1.70141E+38 1.70141E+38 1.70141E+38 1.70141E+38 1.70141E+38 1.70141E+38 1.70141E+38 1.70141E+38 1.70141E+38 1.70141E+38 1.70141E+38 1.70141E+38 1.70141E+38 1.70141E+38 1.70141E+38 1.70141E+38 1.70141E+38 1.70141E+38 1.70141E+38 1.70141E+38 1.70141E+38 1.70141E+38
