gis/input_ras/wahp/raw_surf_ow/GM_Numerical_ 02 - Basal Sand_younger.grd
DSAA
157 175
2880056.8709409 2983016.8709409
-256145.63012446 -141305.63012446
510.41497802734 790.89086914062
[rows 0 to 21 of 175, columns 51 to 101 of 157]
744.21447753906 743.79406738281 743.33709716797 742.85089111328 742.33972167969 741.83282470703 741.34387207031 740.89532470703 740.46490478516 740.01104736328 739.52209472656 738.98559570312 1.70141E+38 737.81591796875 737.18914794922 736.58880615234 736.0302734375 735.55090332031 735.15838623047 734.90795898438 734.822265625 734.91619873047 735.16278076172 735.54724121094 736.01794433594 736.44665527344 736.67077636719 736.49383544922 735.83410644531 734.52691650391 732.47827148438 729.52362060547 725.69799804688 721.02264404297 715.65716552734 709.78381347656 703.64227294922 1.70141E+38 1.70141E+38 1.70141E+38 1.70141E+38 1.70141E+38 1.70141E+38 1.70141E+38 1.70141E+38 1.70141E+38 1.70141E+38 1.70141E+38 1.70141E+38 1.70141E+38 1.70141E+38
744.73522949219 744.29809570312 743.80358886719 743.26745605469 742.70544433594 742.14776611328 741.60186767578 741.05157470703 740.50659179688 739.96997070312 739.40600585938 738.78485107422 1.70141E+38 1.70141E+38 736.65698242188 735.98205566406 735.34210205078 734.77862548828 734.34338378906 734.10455322266 734.05218505859 734.24035644531 734.67895507812 735.3056640625 735.99273681641 736.65393066406 737.19635009766 737.42309570312 737.11785888672 736.025390625 734.16748046875 731.35192871094 727.59851074219 722.90002441406 717.40960693359 711.36663818359 704.86358642578 1.70141E+38 1.70141E+38 1.70141E+38 1.70141E+38 1.70141E+38 1.70141E+38 1.70141E+38 1.70141E+38 1.70141E+38 1.70141E+38 1.70141E+38 1.70141E+38 1.70141E+38 1.70141E+38
745.33544921875 744.86486816406 744.34216308594 743.77490234375 743.16839599609 742.52545166016 741.87860107422 741.2470703125 740.61602783203 739.96173095703 739.24932861328 738.49914550781 1.70141E+38 1.70141E+38 1.70141E+38 735.24340820312 734.51220703125 733.89434814453 733.41809082031 733.16046142578 733.17901611328 733.49945068359 734.07434082031 734.86517333984 735.87982177734 736.94567871094 737.77337646484 738.26818847656 738.28405761719 737.58142089844 735.99200439453 733.27044677734 729.58685302734 724.94293212891 719.30096435547 712.9482421875 706.18920898438 1.70141E+38 1.70141E+38 1.70141E+38 1.70141E+38 1.70141E+38 1.70141E+38 1.70141E+38 1.70141E+38 1.70141E+38 1.70141E+38 1.70141E+38 1.70141E+38 1.70141E+38 1.70141E+38
746.00146484375 745.51940917969 744.96557617188 744.34423828125 743.67749023438 742.97778320312 742.25579833984 741.50323486328 740.72320556641 739.93640136719 739.10980224609 738.23486328125 1.70141E+38 1.70141E+38 1.70141E+38 1.70141E+38 733.58911132812 732.85626220703 732.35363769531 732.12646484375 732.18878173828 732.56469726562 733.36309814453 734.45404052734 735.70831298828 737.01226806641 738.24029541016 739.20959472656 739.49932861328 739.02557373047 737.68121337891 735.31536865234 731.74591064453 726.9267578125 721.20623779297 714.74194335938 707.67803955078 1.70141E+38 1.70141E+38 1.70141E+38 1.70141E+38 1.70141E+38 1.70141E+38 1.70141E+38 1.70141E+38 1.70141E+38 1.70141E+38 1.70141E+38 1.70141E+38 1.70141E+38 1.70141E+38
746.75091552734 746.23486328125 745.64172363281 744.98394775391 744.26873779297 743.48577880859 742.65777587891 741.79663085938 740.90203857422 739.96984863281 738.95721435547 737.90924072266 1.70141E+38 1.70141E+38 1.70141E+38 1.70141E+38 732.54339599609 731.75244140625 731.18310546875 730.89868164062 731.05950927734 731.63696289062 732.58221435547 733.85443115234 735.41259765625 737.11260986328 738.65496826172 739.87969970703 740.60729980469 740.61279296875 739.44451904297 737.11517333984 733.64904785156 729.05224609375 723.27667236328 716.45947265625 1.70141E+38 1.70141E+38 1.70141E+38 1.70141E+38 1.70141E+38 1.70141E+38 1.70141E+38 1.70141E+38 1.70141E+38 1.70141E+38 1.70141E+38 1.70141E+38 1.70141E+38 1.70141E+38 1.70141E+38
747.52301025391 747.01104736328 746.40167236328 745.68658447266 744.89477539062 744.03887939453 743.12255859375 742.14855957031 741.09906005859 739.99237060547 738.82836914062 737.60961914062 1.70141E+38 1.70141E+38 1.70141E+38 1.70141E+38 1.70141E+38 730.47442626953 729.90142822266 729.69128417969 729.88647460938 730.51501464844 731.64007568359 733.22741699219 735.068359375 737.03210449219 738.96838378906 740.61187744141 741.59344482422 741.77264404297 740.98461914062 739.0869140625 735.68170166016 730.89660644531 725.00769042969 718.17755126953 1.70141E+38 1.70141E+38 1.70141E+38 1.70141E+38 1.70141E+38 1.70141E+38 1.70141E+38 1.70141E+38 1.70141E+38 1.70141E+38 1.70141E+38 1.70141E+38 1.70141E+38 1.70141E+38 1.70141E+38
748.37255859375 747.83483886719 747.18640136719 746.43713378906 745.59399414062 744.66644287109 743.63256835938 742.52032470703 741.33032226562 740.06341552734 738.73443603516 737.30419921875 1.70141E+38 1.70141E+38 1.70141E+38 1.70141E+38 1.70141E+38 729.21527099609 728.54516601562 728.26470947266 728.55572509766 729.39434814453 730.71362304688 732.46398925781 734.56390380859 736.86279296875 739.10131835938 741.04028320312 742.47009277344 743.08996582031 742.43395996094 740.517578125 737.29766845703 732.75915527344 726.86926269531 719.68328857422 1.70141E+38 1.70141E+38 1.70141E+38 1.70141E+38 1.70141E+38 1.70141E+38 1.70141E+38 1.70141E+38 1.70141E+38 1.70141E+38 1.70141E+38 1.70141E+38 1.70141E+38 1.70141E+38 1.70141E+38
749.20111083984 748.67962646484 748.02478027344 747.24114990234 746.326171875 745.30401611328 744.17669677734 742.95263671875 741.62774658203 740.17138671875 738.62261962891 736.99243164062 1.70141E+38 1.70141E+38 1.70141E+38 1.70141E+38 1.70141E+38 1.70141E+38 727.16320800781 726.96820068359 727.29272460938 728.16302490234 729.62072753906 731.63531494141 734.01068115234 736.57495117188 739.15386962891 741.38592529297 743.02825927734 743.81530761719 743.54760742188 741.99108886719 738.84228515625 734.09448242188 728.05102539062 720.88189697266 1.70141E+38 1.70141E+38 1.70141E+38 1.70141E+38 1.70141E+38 1.70141E+38 1.70141E+38 1.70141E+38 1.70141E+38 1.70141E+38 1.70141E+38 1.70141E+38 1.70141E+38 1.70141E+38 1.70141E+38
750.07257080078 749.54736328125 748.86254882812 748.03894042969 747.08319091797 746.00018310547 744.78094482422 743.41125488281 741.91351318359 740.29895019531 738.59448242188 736.76257324219 1.70141E+38 1.70141E+38 1.70141E+38 1.70141E+38 1.70141E+38 1.70141E+38 725.830078125 725.61163330078 725.97326660156 727.02313232422 728.65161132812 730.7900390625 733.34478759766 736.11633300781 738.9140625 741.42901611328 743.42687988281 744.43597412109 744.31085205078 742.71844482422 739.67779541016 735.13800048828 729.00677490234 721.62939453125 713.27276611328 1.70141E+38 1.70141E+38 1.70141E+38 1.70141E+38 1.70141E+38 1.70141E+38 1.70141E+38 1.70141E+38 1.70141E+38 1.70141E+38 1.70141E+38 1.70141E+38 1.70141E+38 1.70141E+38
750.95257568359 750.43841552734 749.73852539062 748.88653564453 747.86871337891 746.68975830078 745.37133789062 743.9033203125 742.29602050781 740.50531005859 738.56439208984 736.51800537109 1.70141E+38 1.70141E+38 1.70141E+38 1.70141E+38 1.70141E+38 1.70141E+38 1.70141E+38 724.42309570312 724.84252929688 725.92572021484 727.63940429688 729.89514160156 732.62756347656 735.59387207031 738.55780029297 741.23046875 743.34411621094 744.52581787109 744.58355712891 743.09838867188 740.08374023438 735.42083740234 729.18151855469 721.68853759766 713.158203125 1.70141E+38 1.70141E+38 1.70141E+38 1.70141E+38 1.70141E+38 1.70141E+38 1.70141E+38 1.70141E+38 1.70141E+38 1.70141E+38 1.70141E+38 1.70141E+38 1.70141E+38 1.70141E+38
751.83532714844 751.33087158203 750.63031005859 749.73522949219 748.64965820312 747.40667724609 746.01623535156 744.42767333984 742.654296875 740.71618652344 738.63726806641 1.70141E+38 1.70141E+38 1.70141E+38 1.70141E+38 1.70141E+38 1.70141E+38 1.70141E+38 1.70141E+38 723.40380859375 723.8359375 724.92864990234 726.69390869141 729.02984619141 731.82067871094 734.85247802734 737.93365478516 740.74713134766 742.93194580078 744.15740966797 744.24975585938 742.83569335938 739.78173828125 734.97161865234 728.62194824219 721.00268554688 712.25946044922 1.70141E+38 1.70141E+38 1.70141E+38 1.70141E+38 1.70141E+38 1.70141E+38 1.70141E+38 1.70141E+38 1.70141E+38 1.70141E+38 1.70141E+38 1.70141E+38 1.70141E+38 1.70141E+38
752.71691894531 752.20593261719 751.48419189453 750.56958007812 749.46575927734 748.13323974609 746.62176513672 744.94451904297 743.08648681641 741.03576660156 738.76062011719 1.70141E+38 1.70141E+38 1.70141E+38 1.70141E+38 1.70141E+38 1.70141E+38 1.70141E+38 1.70141E+38 1.70141E+38 722.96520996094 724.08862304688 725.79949951172 728.04888916016 730.79339599609 733.87689208984 736.98870849609 739.80975341797 742.08331298828 743.37072753906 743.36260986328 741.79602050781 738.66955566406 733.93286132812 727.34356689453 719.32171630859 710.37384033203 1.70141E+38 1.70141E+38 1.70141E+38 1.70141E+38 1.70141E+38 1.70141E+38 1.70141E+38 1.70141E+38 1.70141E+38 1.70141E+38 1.70141E+38 1.70141E+38 1.70141E+38 1.70141E+38
753.52215576172 753.03253173828 752.33483886719 751.37823486328 750.19763183594 748.82293701172 747.26470947266 745.51812744141 743.53546142578 741.34387207031 738.97808837891 1.70141E+38 1.70141E+38 1.70141E+38 1.70141E+38 1.70141E+38 1.70141E+38 1.70141E+38 1.70141E+38 1.70141E+38 722.375 723.25396728516 724.72515869141 726.89599609375 729.53991699219 732.50970458984 735.62237548828 738.50030517578 740.64587402344 741.82757568359 741.83575439453 740.46746826172 737.13275146484 731.88897705078 725.06091308594 716.8759765625 707.61279296875 1.70141E+38 1.70141E+38 1.70141E+38 1.70141E+38 1.70141E+38 1.70141E+38 1.70141E+38 1.70141E+38 1.70141E+38 1.70141E+38 1.70141E+38 1.70141E+38 1.70141E+38 1.70141E+38
754.32995605469 753.79699707031 753.04797363281 752.087890625 750.92053222656 749.52172851562 747.87585449219 746.04406738281 744.01336669922 741.77410888672 739.30389404297 1.70141E+38 1.70141E+38 1.70141E+38 1.70141E+38 1.70141E+38 1.70141E+38 1.70141E+38 1.70141E+38 1.70141E+38 721.84552001953 722.5419921875 723.76147460938 725.52386474609 727.84210205078 730.73883056641 733.73309326172 736.49395751953 738.72143554688 740.08227539062 739.84368896484 738.11315917969 734.72039794922 729.55419921875 722.42395019531 713.46319580078 703.69903564453 1.70141E+38 1.70141E+38 1.70141E+38 1.70141E+38 1.70141E+38 1.70141E+38 1.70141E+38 1.70141E+38 1.70141E+38 1.70141E+38 1.70141E+38 1.70141E+38 1.70141E+38 1.70141E+38
754.97625732422 754.47735595703 753.73205566406 752.75128173828 751.54345703125 750.12164306641 748.48846435547 746.64929199219 744.55590820312 742.22973632812 739.71624755859 1.70141E+38 1.70141E+38 1.70141E+38 1.70141E+38 1.70141E+38 1.70141E+38 1.70141E+38 1.70141E+38 1.70141E+38 721.58508300781 721.80920410156 722.57446289062 723.96331787109 725.98541259766 728.54479980469 731.416015625 734.16711425781 736.19775390625 737.29010009766 737.21856689453 735.76092529297 732.21960449219 726.41424560547 718.63244628906 709.22717285156 698.73236083984 688.05322265625 1.70141E+38 1.70141E+38 1.70141E+38 1.70141E+38 1.70141E+38 1.70141E+38 1.70141E+38 1.70141E+38 1.70141E+38 1.70141E+38 1.70141E+38 1.70141E+38 1.70141E+38
755.58123779297 755.02734375 754.26849365234 753.31317138672 752.15338134766 750.74157714844 749.07745361328 747.20251464844 745.11560058594 742.80999755859 1.70141E+38 1.70141E+38 1.70141E+38 1.70141E+38 1.70141E+38 1.70141E+38 1.70141E+38 1.70141E+38 1.70141E+38 1.70141E+38 1.70141E+38 721.40747070312 721.57080078125 722.19805908203 723.71697998047 726.11547851562 728.81256103516 731.27038574219 733.19189453125 734.26416015625 734.01983642578 732.27972412109 728.80096435547 723.04718017578 714.64080810547 703.98571777344 692.46801757812 681.09210205078 1.70141E+38 1.70141E+38 1.70141E+38 1.70141E+38 1.70141E+38 1.70141E+38 1.70141E+38 1.70141E+38 1.70141E+38 1.70141E+38 1.70141E+38 1.70141E+38 1.70141E+38
756.08740234375 755.53698730469 754.80255126953 753.86083984375 752.681640625 751.28405761719 749.67053222656 747.81732177734 745.73608398438 743.40734863281 1.70141E+38 1.70141E+38 1.70141E+38 1.70141E+38 1.70141E+38 1.70141E+38 1.70141E+38 1.70141E+38 1.70141E+38 1.70141E+38 1.70141E+38 721.20050048828 720.82971191406 720.78558349609 721.48345947266 723.63745117188 726.08807373047 728.30554199219 729.70599365234 730.18145751953 729.75396728516 728.24139404297 724.96319580078 718.90307617188 709.09020996094 697.09460449219 684.56591796875 672.45764160156 1.70141E+38 1.70141E+38 1.70141E+38 1.70141E+38 1.70141E+38 1.70141E+38 1.70141E+38 1.70141E+38 1.70141E+38 1.70141E+38 1.70141E+38 1.70141E+38 1.70141E+38
756.67987060547 756.08703613281 755.31463623047 754.37396240234 753.22766113281 751.84729003906 750.24725341797 748.419921875 746.37756347656 1.70141E+38 1.70141E+38 1.70141E+38 1.70141E+38 1.70141E+38 1.70141E+38 1.70141E+38 1.70141E+38 1.70141E+38 1.70141E+38 1.70141E+38 1.70141E+38 721.67395019531 720.72113037109 719.84173583984 719.91864013672 721.83001708984 723.66436767578 724.88262939453 725.43774414062 725.32202148438 724.37341308594 722.27874755859 719.29766845703 713.36480712891 702.236328125 688.50323486328 674.68951416016 661.93585205078 1.70141E+38 1.70141E+38 1.70141E+38 1.70141E+38 1.70141E+38 1.70141E+38 1.70141E+38 1.70141E+38 1.70141E+38 1.70141E+38 1.70141E+38 1.70141E+38 1.70141E+38
757.32800292969 756.66845703125 755.87280273438 754.91674804688 753.76922607422 752.40997314453 750.84606933594 749.04730224609 747.03857421875 1.70141E+38 1.70141E+38 1.70141E+38 1.70141E+38 1.70141E+38 1.70141E+38 1.70141E+38 1.70141E+38 1.70141E+38 1.70141E+38 1.70141E+38 1.70141E+38 722.58111572266 721.47705078125 720.44885253906 720.20599365234 720.52392578125 721.27362060547 721.47961425781 720.94738769531 719.23114013672 716.78894042969 713.83135986328 710.01800537109 703.32556152344 691.05529785156 676.50842285156 662.36749267578 649.39282226562 1.70141E+38 1.70141E+38 1.70141E+38 1.70141E+38 1.70141E+38 1.70141E+38 1.70141E+38 1.70141E+38 1.70141E+38 1.70141E+38 1.70141E+38 1.70141E+38 1.70141E+38
758.03845214844 757.32409667969 756.48229980469 755.49084472656 754.31951904297 752.96911621094 751.43389892578 749.68792724609 1.70141E+38 1.70141E+38 1.70141E+38 1.70141E+38 1.70141E+38 1.70141E+38 1.70141E+38 1.70141E+38 1.70141E+38 1.70141E+38 1.70141E+38 1.70141E+38 1.70141E+38 723.89892578125 722.69305419922 721.56225585938 720.69372558594 720.09356689453 719.24786376953 717.42706298828 715.05474853516 711.96868896484 708.10638427734 703.2138671875 696.56658935547 687.85772705078 675.69866943359 661.68585205078 647.42224121094 634.41918945312 1.70141E+38 1.70141E+38 1.70141E+38 1.70141E+38 1.70141E+38 1.70141E+38 1.70141E+38 1.70141E+38 1.70141E+38 1.70141E+38 1.70141E+38 1.70141E+38 1.70141E+38
758.79351806641 757.99548339844 757.09143066406 756.06378173828 754.89678955078 753.55596923828 752.01342773438 1.70141E+38 1.70141E+38 1.70141E+38 1.70141E+38 1.70141E+38 1.70141E+38 1.70141E+38 1.70141E+38 1.70141E+38 1.70141E+38 1.70141E+38 1.70141E+38 1.70141E+38 1.70141E+38 725.26458740234 723.96014404297 722.58288574219 721.01580810547 718.94360351562 716.40356445312 713.13293457031 709.03851318359 703.78582763672 697.56927490234 690.43988037109 681.9482421875 671.60137939453 658.85699462891 644.59991455078 630.48962402344 617.68090820312 1.70141E+38 1.70141E+38 1.70141E+38 1.70141E+38 1.70141E+38 1.70141E+38 1.70141E+38 1.70141E+38 1.70141E+38 1.70141E+38 1.70141E+38 1.70141E+38 1.70141E+38
759.53240966797 758.67706298828 757.73089599609 756.64825439453 755.42913818359 754.06945800781 752.56146240234 1.70141E+38 1.70141E+38 1.70141E+38 1.70141E+38 1.70141E+38 1.70141E+38 1.70141E+38 1.70141E+38 1.70141E+38 1.70141E+38 1.70141E+38 1.70141E+38 1.70141E+38 1.70141E+38 726.40704345703 724.97998046875 723.13592529297 720.69573974609 717.51922607422 713.48132324219 708.21118164062 701.92230224609 694.72644042969 686.61749267578 677.53991699219 666.87243652344 654.66558837891 641.03680419922 626.49133300781 611.82067871094 1.70141E+38 1.70141E+38 1.70141E+38 1.70141E+38 1.70141E+38 1.70141E+38 1.70141E+38 1.70141E+38 1.70141E+38 1.70141E+38 1.70141E+38 1.70141E+38 1.70141E+38 1.70141E+38
