gis/input_ras/wahp/raw_surf_ow/GM_Numerical_ 05 - Middle Clay_younger.grd
DSAA
157 175
2880056.8709409 2983016.8709409
-256145.63012446 -141305.63012446
747.12054443359 917.72290039062
[rows 42 to 62 of 175, columns 0 to 46 of 157]
846.57403564453 845.89123535156 845.07904052734 844.17401123047 843.19055175781 842.13793945312 841.01861572266 839.83215332031 838.63507080078 837.46014404297 836.33654785156 835.29254150391 834.38940429688 833.64306640625 833.08831787109 832.73138427734 832.58935546875 832.67462158203 832.93548583984 833.34521484375 833.86059570312 834.46313476562 835.10992431641 835.75091552734 836.31414794922 836.80505371094 837.21331787109 837.51824951172 837.69934082031 837.71600341797 837.61254882812 837.39727783203 837.07116699219 836.62786865234 836.06561279297 835.42584228516 834.72857666016 833.97912597656 833.18200683594 832.35736083984 831.53277587891 830.73516845703 829.96948242188 829.25445556641 828.6123046875 828.06640625 1.70141E+38
849.67218017578 849.08148193359 848.40484619141 847.64117431641 846.75738525391 845.783203125 844.73980712891 843.64831542969 842.52447509766 841.38421630859 840.27990722656 839.24249267578 838.31872558594 837.53051757812 836.94097900391 836.53790283203 836.32635498047 836.31481933594 836.47784423828 836.81201171875 837.24810791016 837.75134277344 838.26116943359 838.76348876953 839.22943115234 839.62274169922 839.91302490234 840.06323242188 840.10260009766 840.0263671875 839.83215332031 839.50518798828 839.04968261719 838.50250244141 837.87219238281 837.16778564453 836.38879394531 835.55975341797 834.71057128906 833.85113525391 832.99377441406 832.15435791016 831.35339355469 830.619140625 829.95703125 829.38256835938 828.92541503906
852.33612060547 851.85278320312 851.25970458984 850.5751953125 849.80010986328 848.943359375 847.98852539062 846.96221923828 845.89593505859 844.81091308594 843.74713134766 842.73309326172 841.81384277344 841.01684570312 840.36895751953 839.90783691406 839.66418457031 839.59820556641 839.69146728516 839.92248535156 840.25183105469 840.66223144531 841.08648681641 841.4951171875 841.84509277344 842.10083007812 842.26898193359 842.33099365234 842.28112792969 842.09295654297 841.77563476562 841.353515625 840.83197021484 840.21917724609 839.50720214844 838.72766113281 837.90203857422 837.04180908203 836.15960693359 835.26928710938 834.39739990234 833.55584716797 832.75518798828 832.00775146484 831.34143066406 830.77026367188 830.30395507812
854.56201171875 854.15960693359 853.6708984375 853.08459472656 852.38519287109 851.59948730469 850.73394775391 849.79797363281 848.80328369141 847.77471923828 846.75207519531 845.76281738281 844.84057617188 844.04779052734 843.40460205078 842.92022705078 842.60290527344 842.45880126953 842.50341796875 842.67260742188 842.92864990234 843.24060058594 843.56158447266 843.86315917969 844.10845947266 844.27880859375 844.35949707031 844.31146240234 844.14416503906 843.86730957031 843.48358154297 842.99719238281 842.39099121094 841.70056152344 840.94268798828 840.12884521484 839.27111816406 838.37969970703 837.48425292969 836.59674072266 835.72906494141 834.89453125 834.12036132812 833.40740966797 832.76318359375 832.19689941406 831.72375488281
856.43725585938 856.09112548828 855.66156005859 855.14581298828 854.54248046875 853.84527587891 853.04486083984 852.17553710938 851.2509765625 850.28747558594 849.30731201172 848.35803222656 847.47216796875 846.67712402344 845.99853515625 845.48870849609 845.16320800781 844.98956298828 844.95458984375 845.04010009766 845.23052978516 845.46301269531 845.69860839844 845.91088867188 846.07550048828 846.14477539062 846.11431884766 845.98376464844 845.74957275391 845.41040039062 844.93591308594 844.36743164062 843.71490478516 842.98742675781 842.19354248047 841.33990478516 840.4599609375 839.56707763672 838.67419433594 837.79736328125 836.96124267578 836.17059326172 835.43292236328 834.75482177734 834.15240478516 833.63873291016 833.20642089844
857.92486572266 857.64813232422 857.29498291016 856.83245849609 856.28247070312 855.64813232422 854.93328857422 854.14068603516 853.26623535156 852.35681152344 851.43267822266 850.51782226562 849.64093017578 848.86224365234 848.20611572266 847.68225097656 847.30035400391 847.07659912109 847.01507568359 847.05560302734 847.16711425781 847.32104492188 847.49353027344 847.62109375 847.68743896484 847.67938232422 847.58514404297 847.39129638672 847.06561279297 846.64141845703 846.12280273438 845.51525878906 844.81829833984 844.04058837891 843.2138671875 842.35125732422 841.46624755859 840.57421875 839.70178222656 838.861328125 838.0634765625 837.31665039062 836.63909912109 836.04046630859 835.50915527344 835.04541015625 834.64929199219
859.15155029297 858.90991210938 858.59124755859 858.19396972656 857.72100830078 857.14056396484 856.474609375 855.73590087891 854.93548583984 854.08551025391 853.19458007812 852.31768798828 851.48272705078 850.71356201172 850.03796386719 849.50347900391 849.12390136719 848.87628173828 848.74786376953 848.72827148438 848.79705810547 848.88854980469 848.97412109375 849.03039550781 849.03717041016 848.96594238281 848.78332519531 848.50769042969 848.13745117188 847.66967773438 847.09912109375 846.43200683594 845.69555664062 844.90032958984 844.05718994141 843.18084716797 842.29711914062 841.42474365234 840.57806396484 839.76849365234 839.02575683594 838.35784912109 837.76049804688 837.23358154297 836.76580810547 836.38861083984 836.07574462891
860.18981933594 859.99438476562 859.70269775391 859.32409667969 858.86486816406 858.33447265625 857.73986816406 857.05096435547 856.29125976562 855.48541259766 854.65246582031 853.81237792969 852.99407958984 852.23724365234 851.58636474609 851.04449462891 850.62225341797 850.35028076172 850.19616699219 850.13568115234 850.13201904297 850.16094970703 850.19812011719 850.19610595703 850.12145996094 849.974609375 849.74572753906 849.42431640625 848.9970703125 848.46722412109 847.85455322266 847.16180419922 846.39971923828 845.57550048828 844.7158203125 843.84051513672 842.96588134766 842.10754394531 841.29718017578 840.54907226562 839.87072753906 839.26495361328 838.73327636719 838.31060791016 837.95953369141 837.66815185547 837.41632080078
861.11785888672 860.94964599609 860.6748046875 860.29827880859 859.83343505859 859.31018066406 858.73248291016 858.09643554688 857.39508056641 856.63104248047 855.82849121094 855.01800537109 854.23443603516 853.49719238281 852.84313964844 852.29693603516 851.87097167969 851.56726074219 851.36492919922 851.265625 851.22399902344 851.20367431641 851.16772460938 851.09906005859 850.97882080078 850.78729248047 850.50018310547 850.11883544922 849.65710449219 849.10192871094 848.46545410156 847.73760986328 846.93780517578 846.09002685547 845.22052001953 844.34027099609 843.47821044922 842.65423583984 841.88342285156 841.17864990234 840.55200195312 840.04388427734 839.62744140625 839.28930664062 839.01739501953 838.81188964844 838.67047119141
861.9248046875 861.78259277344 861.50915527344 861.13122558594 860.65948486328 860.11114501953 859.53259277344 858.92407226562 858.2548828125 857.53137207031 856.77221679688 855.99389648438 855.22796630859 854.5048828125 853.85540771484 853.30364990234 852.86541748047 852.54144287109 852.31475830078 852.16925048828 852.07147216797 852.00231933594 851.92474365234 851.81414794922 851.63500976562 851.38464355469 851.06005859375 850.65905761719 850.18524169922 849.62133789062 848.96740722656 848.21398925781 847.38891601562 846.50860595703 845.59167480469 844.69891357422 843.85217285156 843.05114746094 842.31561279297 841.68249511719 841.14471435547 840.705078125 840.36083984375 840.11981201172 839.97772216797 839.88153076172 839.80920410156
862.57409667969 862.45227050781 862.20635986328 861.81707763672 861.31610107422 860.7568359375 860.16589355469 859.56146240234 858.9326171875 858.23419189453 857.5 856.74749755859 856.00250244141 855.29486083984 854.65643310547 854.10278320312 853.64416503906 853.29058837891 853.03668212891 852.86083984375 852.72845458984 852.61633300781 852.48516845703 852.31903076172 852.10034179688 851.82159423828 851.47955322266 851.07598876953 850.60211181641 850.04388427734 849.39404296875 848.64123535156 847.76397705078 846.822265625 845.87048339844 844.9443359375 844.07977294922 843.31842041016 842.64617919922 842.06567382812 841.58520507812 841.22930908203 841.00219726562 840.865234375 840.80090332031 840.79095458984 840.82733154297
863.07531738281 862.95471191406 862.69763183594 862.31378173828 861.82043457031 861.24670410156 860.64086914062 860.04034423828 859.42047119141 858.75933837891 858.05291748047 857.31890869141 856.59283447266 855.89611816406 855.24975585938 854.68951416016 854.23278808594 853.86499023438 853.57873535156 853.36181640625 853.19122314453 853.03771972656 852.86944580078 852.66937255859 852.42083740234 852.10986328125 851.75891113281 851.36633300781 850.92340087891 850.41381835938 849.77062988281 848.97839355469 848.06701660156 847.06915283203 846.03369140625 845.0673828125 844.21099853516 843.4658203125 842.83117675781 842.32110595703 841.94030761719 841.67327880859 841.51623535156 841.46069335938 841.51324462891 841.60778808594 841.72174072266
863.32775878906 863.22637939453 863.02368164062 862.63983154297 862.13470458984 861.56762695312 860.96984863281 860.36737060547 859.77197265625 859.12249755859 858.43493652344 857.72369384766 857.00567626953 856.31903076172 855.68737792969 855.12481689453 854.64074707031 854.24157714844 853.94421386719 853.70233154297 853.49615478516 853.30548095703 853.10595703125 852.86505126953 852.58203125 852.26470947266 851.92138671875 851.55517578125 851.15142822266 850.67425537109 850.07110595703 849.29455566406 848.28973388672 847.1884765625 846.09796142578 845.07952880859 844.18377685547 843.48486328125 842.93359375 842.50054931641 842.18243408203 841.98162841797 841.93194580078 841.98364257812 842.10968017578 842.28784179688 842.49609375
863.43511962891 863.33337402344 863.11206054688 862.75848388672 862.28503417969 861.72814941406 861.14007568359 860.55908203125 859.96911621094 859.34619140625 858.67004394531 857.96643066406 857.26361083984 856.58068847656 855.93676757812 855.36657714844 854.8837890625 854.47735595703 854.1416015625 853.86602783203 853.63946533203 853.41815185547 853.18225097656 852.91833496094 852.61785888672 852.28686523438 851.94427490234 851.5986328125 851.24560546875 850.86309814453 850.31726074219 849.46484375 848.36767578125 847.16314697266 845.97583007812 844.92999267578 844.07147216797 843.40313720703 842.9072265625 842.54229736328 842.33258056641 842.23870849609 842.25659179688 842.37713623047 842.58215332031 842.85150146484 843.15283203125
863.40783691406 863.3154296875 863.11242675781 862.75225830078 862.27874755859 861.74926757812 861.19085693359 860.62579345703 860.05834960938 859.43481445312 858.77075195312 858.07958984375 857.37847900391 856.69677734375 856.06140136719 855.48449707031 854.97491455078 854.54864501953 854.20147705078 853.90765380859 853.64587402344 853.39794921875 853.14367675781 852.85308837891 852.52758789062 852.18438720703 851.83587646484 851.49786376953 851.16735839844 850.81762695312 850.33862304688 849.51593017578 848.26068115234 846.96368408203 845.73724365234 844.65649414062 843.80291748047 843.19854736328 842.82104492188 842.5673828125 842.42517089844 842.39447021484 842.48693847656 842.69848632812 842.98150634766 843.31719970703 843.68585205078
863.23529052734 863.13934326172 862.91540527344 862.58306884766 862.15631103516 861.65020751953 861.11962890625 860.59143066406 860.03155517578 859.4208984375 858.75982666016 858.07055664062 857.37493896484 856.69299316406 856.04693603516 855.46246337891 854.94952392578 854.50793457031 854.13055419922 853.81359863281 853.53552246094 853.26513671875 852.98168945312 852.67309570312 852.33129882812 851.97271728516 851.60723876953 851.24768066406 850.88806152344 850.51055908203 850.0341796875 849.08612060547 847.89886474609 846.60192871094 845.34942626953 844.26428222656 843.48937988281 843.0087890625 842.70574951172 842.52294921875 842.46026611328 842.52258300781 842.68762207031 842.94787597656 843.28204345703 843.67553710938 844.10845947266
862.91131591797 862.81616210938 862.6103515625 862.29718017578 861.89916992188 861.44946289062 860.96984863281 860.45690917969 859.90661621094 859.29479980469 858.63854980469 857.95294189453 857.25640869141 856.57238769531 855.92486572266 855.32916259766 854.79644775391 854.34136962891 853.94982910156 853.61260986328 853.30725097656 853.01788330078 852.72106933594 852.39849853516 852.03674316406 851.65277099609 851.26171875 850.87365722656 850.47589111328 849.9990234375 849.37622070312 848.50762939453 847.37866210938 846.15704345703 844.96520996094 843.88061523438 843.18432617188 842.80120849609 842.59747314453 842.50158691406 842.50189208984 842.61004638672 842.81945800781 843.13714599609 843.52777099609 843.96099853516 844.42034912109
862.51580810547 862.41302490234 862.21807861328 861.94146728516 861.583984375 861.17022705078 860.724609375 860.23693847656 859.68505859375 859.07257080078 858.4169921875 857.73223876953 857.03405761719 856.34466552734 855.69177246094 855.08807373047 854.54248046875 854.06713867188 853.65386962891 853.30151367188 852.98107910156 852.67535400391 852.36114501953 852.02423095703 851.65106201172 851.25274658203 850.83569335938 850.39544677734 849.92858886719 849.39715576172 848.73217773438 847.87188720703 846.86730957031 845.76507568359 844.66851806641 843.68139648438 843.06951904297 842.73516845703 842.56726074219 842.49963378906 842.52996826172 842.68310546875 842.93969726562 843.29040527344 843.70513916016 844.16149902344 844.640625
862.09075927734 861.97808837891 861.7900390625 861.53283691406 861.21411132812 860.84954833984 860.41839599609 859.92504882812 859.37176513672 858.7646484375 858.10620117188 857.41625976562 856.71630859375 856.02453613281 855.35845947266 854.73956298828 854.18646240234 853.69744873047 853.26770019531 852.89068603516 852.55102539062 852.23297119141 851.90948486328 851.56671142578 851.19030761719 850.77203369141 850.32611083984 849.85662841797 849.35382080078 848.77990722656 848.10302734375 847.28723144531 846.36492919922 845.38580322266 844.46661376953 843.68005371094 843.11492919922 842.7734375 842.58203125 842.52545166016 842.58850097656 842.76147460938 843.03283691406 843.39471435547 843.83404541016 844.30444335938 844.77807617188
861.65521240234 861.53845214844 861.36560058594 861.12884521484 860.8251953125 860.46221923828 860.03698730469 859.54718017578 858.98571777344 858.36785888672 857.70867919922 857.01916503906 856.31219482422 855.61126708984 854.94110107422 854.31323242188 853.73706054688 853.22296142578 852.78125 852.39172363281 852.03723144531 851.70397949219 851.37432861328 851.02661132812 850.64703369141 850.23083496094 849.77850341797 849.28540039062 848.75158691406 848.1640625 847.50378417969 846.75854492188 845.95416259766 845.11724853516 844.33361816406 843.66015625 843.14990234375 842.82727050781 842.65252685547 842.59582519531 842.65063476562 842.81768798828 843.10607910156 843.48352050781 843.91827392578 844.38470458984 844.85223388672
861.24725341797 861.11505126953 860.93157958984 860.69268798828 860.39514160156 860.03179931641 859.58972167969 859.0869140625 858.52648925781 857.91284179688 857.24798583984 856.54711914062 855.83508300781 855.12701416016 854.43811035156 853.79248046875 853.20843505859 852.68280029297 852.21472167969 851.79992675781 851.43463134766 851.09332275391 850.75646972656 850.4111328125 850.04534912109 849.63714599609 849.18572998047 848.69525146484 848.16644287109 847.59954833984 846.97210693359 846.29473876953 845.58801269531 844.87939453125 844.21435546875 843.66143798828 843.22650146484 842.91326904297 842.72113037109 842.65588378906 842.72802734375 842.90350341797 843.17388916016 843.52770996094 843.95281982422 844.40795898438 844.85272216797
