gis/input_ras/wahp/raw_surf_ow/GM_Numerical_ 04 - Lower Sand_younger.grd
DSAA
157 175
2880056.8709409 2983016.8709409
-256145.63012446 -141305.63012446
696.60211181641 883.69989013672
[rows 115 to 137 of 175, columns 50 to 99 of 157]
795.91467285156 795.93701171875 796.12512207031 796.38354492188 796.64208984375 796.89477539062 797.2421875 797.77172851562 798.60137939453 1.70141E+38 1.70141E+38 802.89587402344 804.51605224609 805.69720458984 806.46795654297 806.75860595703 805.64263916016 800.33764648438 793.85827636719 788.70886230469 786.25476074219 784.36212158203 782.61730957031 780.84857177734 778.99731445312 777.12677001953 775.36376953125 1.70141E+38 1.70141E+38 1.70141E+38 1.70141E+38 1.70141E+38 1.70141E+38 1.70141E+38 1.70141E+38 1.70141E+38 1.70141E+38 1.70141E+38 1.70141E+38 1.70141E+38 1.70141E+38 1.70141E+38 1.70141E+38 1.70141E+38 1.70141E+38 1.70141E+38 1.70141E+38 1.70141E+38 1.70141E+38 1.70141E+38
799.52032470703 799.58837890625 799.76739501953 800.00183105469 800.22509765625 800.41247558594 800.53265380859 800.72131347656 801.47894287109 1.70141E+38 804.35821533203 806.08013916016 807.73071289062 809.07995605469 810.04406738281 810.51202392578 809.44543457031 805.88745117188 800.67016601562 796.53448486328 793.82897949219 791.7666015625 789.95758056641 788.12878417969 786.21575927734 784.25164794922 782.42608642578 780.92962646484 1.70141E+38 1.70141E+38 1.70141E+38 1.70141E+38 1.70141E+38 1.70141E+38 1.70141E+38 1.70141E+38 1.70141E+38 1.70141E+38 1.70141E+38 1.70141E+38 1.70141E+38 1.70141E+38 1.70141E+38 1.70141E+38 1.70141E+38 1.70141E+38 1.70141E+38 1.70141E+38 1.70141E+38 1.70141E+38
802.89385986328 802.98620605469 803.18707275391 803.45837402344 803.69519042969 803.77429199219 803.71600341797 803.61755371094 803.69348144531 805.12640380859 806.72924804688 808.33453369141 809.84552001953 811.09118652344 811.93469238281 812.09149169922 811.13726806641 808.62591552734 805.66381835938 802.74249267578 800.38500976562 798.47875976562 796.71783447266 794.82116699219 792.81201171875 790.82666015625 788.99462890625 787.45739746094 1.70141E+38 1.70141E+38 1.70141E+38 1.70141E+38 1.70141E+38 1.70141E+38 1.70141E+38 1.70141E+38 1.70141E+38 1.70141E+38 1.70141E+38 1.70141E+38 1.70141E+38 1.70141E+38 1.70141E+38 1.70141E+38 1.70141E+38 1.70141E+38 1.70141E+38 1.70141E+38 1.70141E+38 1.70141E+38
805.92700195312 806.03350830078 806.34063720703 806.71051025391 807.02844238281 807.19561767578 807.05456542969 806.68115234375 806.72808837891 807.52777099609 808.69598388672 809.8125 810.97131347656 811.95446777344 812.62084960938 812.78326416016 812.17034912109 810.68853759766 808.81964111328 806.98974609375 805.49444580078 804.15466308594 802.46807861328 800.57647705078 798.54602050781 796.53253173828 794.76989746094 793.33825683594 792.23565673828 1.70141E+38 1.70141E+38 1.70141E+38 1.70141E+38 1.70141E+38 1.70141E+38 1.70141E+38 1.70141E+38 1.70141E+38 1.70141E+38 1.70141E+38 1.70141E+38 1.70141E+38 1.70141E+38 1.70141E+38 1.70141E+38 1.70141E+38 1.70141E+38 1.70141E+38 1.70141E+38 1.70141E+38
808.58972167969 808.72424316406 809.09460449219 809.6708984375 810.27679443359 810.55688476562 810.47332763672 810.12097167969 809.74468994141 809.79296875 810.18658447266 810.74975585938 811.40356445312 812.05639648438 812.50543212891 812.59497070312 812.27093505859 811.56213378906 810.67004394531 809.85217285156 809.21752929688 808.39086914062 807.07061767578 805.11700439453 803.12292480469 801.26354980469 799.62628173828 798.27319335938 797.28350830078 1.70141E+38 1.70141E+38 1.70141E+38 1.70141E+38 1.70141E+38 1.70141E+38 1.70141E+38 1.70141E+38 1.70141E+38 1.70141E+38 1.70141E+38 1.70141E+38 1.70141E+38 1.70141E+38 1.70141E+38 1.70141E+38 1.70141E+38 1.70141E+38 1.70141E+38 1.70141E+38 1.70141E+38
810.71478271484 810.76092529297 811.33020019531 812.23315429688 813.20709228516 813.92718505859 813.96734619141 813.27990722656 812.40393066406 811.6123046875 811.09387207031 811.00256347656 811.15991210938 811.45391845703 811.75946044922 811.94671630859 811.83172607422 811.51898193359 811.20715332031 811.0322265625 811.09057617188 811.18817138672 809.83435058594 808.07995605469 806.33178710938 804.70593261719 803.34918212891 802.27453613281 801.44055175781 800.82977294922 1.70141E+38 1.70141E+38 1.70141E+38 1.70141E+38 1.70141E+38 1.70141E+38 1.70141E+38 1.70141E+38 1.70141E+38 1.70141E+38 1.70141E+38 1.70141E+38 1.70141E+38 1.70141E+38 1.70141E+38 1.70141E+38 1.70141E+38 1.70141E+38 1.70141E+38 1.70141E+38
812.29858398438 812.28308105469 812.86108398438 814.17510986328 815.76556396484 817.01641845703 817.11798095703 816.01385498047 814.33306884766 812.72619628906 811.38684082031 810.51165771484 810.11956787109 810.18908691406 810.44842529297 810.68853759766 810.75140380859 810.65948486328 810.56701660156 810.70233154297 811.01086425781 811.07727050781 810.60412597656 809.33447265625 808.13531494141 807.03051757812 806.05529785156 805.24182128906 804.58831787109 804.17291259766 1.70141E+38 1.70141E+38 1.70141E+38 1.70141E+38 1.70141E+38 1.70141E+38 1.70141E+38 1.70141E+38 1.70141E+38 1.70141E+38 1.70141E+38 1.70141E+38 1.70141E+38 1.70141E+38 1.70141E+38 1.70141E+38 1.70141E+38 1.70141E+38 1.70141E+38 1.70141E+38
813.29357910156 813.05456542969 813.5693359375 815.31146240234 817.82659912109 820.20397949219 820.26031494141 818.21563720703 815.46313476562 812.79217529297 810.55383300781 809.10681152344 808.24743652344 808.04089355469 808.39685058594 808.90008544922 809.07141113281 808.96856689453 809.02044677734 809.29144287109 809.70208740234 809.96728515625 809.87231445312 809.52587890625 809.00024414062 808.33898925781 807.74298095703 807.33538818359 807.00274658203 806.74176025391 1.70141E+38 1.70141E+38 1.70141E+38 1.70141E+38 1.70141E+38 1.70141E+38 1.70141E+38 1.70141E+38 1.70141E+38 1.70141E+38 1.70141E+38 1.70141E+38 1.70141E+38 1.70141E+38 1.70141E+38 1.70141E+38 1.70141E+38 1.70141E+38 1.70141E+38 1.70141E+38
814.04229736328 813.59747314453 813.70471191406 815.76251220703 818.83734130859 821.65618896484 821.67376708984 818.84185791016 815.35638427734 812.01904296875 808.96630859375 806.53607177734 805.00628662109 804.654296875 805.04864501953 806.12811279297 806.40814208984 806.34478759766 806.51794433594 806.98974609375 807.67431640625 808.31201171875 808.75512695312 808.88452148438 808.88940429688 808.89172363281 808.84515380859 808.73834228516 808.62890625 808.57116699219 808.56109619141 1.70141E+38 1.70141E+38 1.70141E+38 1.70141E+38 1.70141E+38 1.70141E+38 1.70141E+38 1.70141E+38 1.70141E+38 1.70141E+38 1.70141E+38 1.70141E+38 1.70141E+38 1.70141E+38 1.70141E+38 1.70141E+38 1.70141E+38 1.70141E+38 1.70141E+38
814.61315917969 814.25988769531 814.42938232422 816.30303955078 818.71380615234 820.68902587891 820.52783203125 817.84228515625 814.1259765625 810.00817871094 806.21142578125 803.12286376953 800.91198730469 799.85632324219 800.06182861328 801.40454101562 801.99554443359 802.3701171875 803.24847412109 804.29211425781 805.29907226562 806.26525878906 807.13940429688 807.92584228516 808.53369140625 808.91839599609 809.22631835938 809.51391601562 809.74786376953 809.89031982422 809.98846435547 1.70141E+38 1.70141E+38 1.70141E+38 1.70141E+38 1.70141E+38 1.70141E+38 1.70141E+38 1.70141E+38 1.70141E+38 1.70141E+38 1.70141E+38 1.70141E+38 1.70141E+38 1.70141E+38 1.70141E+38 1.70141E+38 1.70141E+38 1.70141E+38 1.70141E+38
814.92633056641 814.95587158203 815.47076416016 816.72229003906 818.29711914062 819.28564453125 818.46441650391 815.94622802734 812.1435546875 807.78387451172 803.22601318359 798.91558837891 795.90252685547 794.22094726562 793.82318115234 794.54968261719 796.24157714844 797.8134765625 799.44873046875 801.13677978516 802.81134033203 804.35113525391 805.61389160156 806.74468994141 807.73846435547 808.63909912109 809.39624023438 809.93988037109 810.37542724609 810.71539306641 810.99700927734 1.70141E+38 1.70141E+38 1.70141E+38 1.70141E+38 1.70141E+38 1.70141E+38 1.70141E+38 1.70141E+38 1.70141E+38 1.70141E+38 1.70141E+38 1.70141E+38 1.70141E+38 1.70141E+38 1.70141E+38 1.70141E+38 1.70141E+38 1.70141E+38 1.70141E+38
815.08361816406 815.36669921875 815.98254394531 816.91119384766 817.64715576172 817.73150634766 816.6357421875 814.21478271484 810.53033447266 805.69171142578 800.34655761719 795.36743164062 791.29998779297 788.58984375 787.07598876953 787.978515625 790.21246337891 793.12860107422 796.03704833984 798.47369384766 800.6015625 802.49359130859 804.17230224609 805.7216796875 807.05865478516 808.22741699219 809.23840332031 810.09094238281 810.80419921875 811.30352783203 811.69274902344 1.70141E+38 1.70141E+38 1.70141E+38 1.70141E+38 1.70141E+38 1.70141E+38 1.70141E+38 1.70141E+38 1.70141E+38 1.70141E+38 1.70141E+38 1.70141E+38 1.70141E+38 1.70141E+38 1.70141E+38 1.70141E+38 1.70141E+38 1.70141E+38 1.70141E+38
814.759765625 815.33978271484 816.07336425781 1.70141E+38 1.70141E+38 816.95452880859 815.72955322266 813.16552734375 809.50842285156 804.79418945312 799.11712646484 792.47210693359 788.51593017578 785.10980224609 782.56921386719 781.84912109375 786.18292236328 790.05828857422 793.48193359375 796.44732666016 799.01843261719 801.20587158203 803.11187744141 804.84576416016 806.43304443359 807.87927246094 809.11804199219 810.15948486328 811.02911376953 811.73376464844 812.28259277344 1.70141E+38 1.70141E+38 1.70141E+38 1.70141E+38 1.70141E+38 1.70141E+38 1.70141E+38 1.70141E+38 1.70141E+38 1.70141E+38 1.70141E+38 1.70141E+38 1.70141E+38 1.70141E+38 1.70141E+38 1.70141E+38 1.70141E+38 1.70141E+38 1.70141E+38
814.13311767578 814.990234375 1.70141E+38 1.70141E+38 1.70141E+38 1.70141E+38 815.18237304688 813.04223632812 810.07366943359 805.83453369141 800.505859375 794.94494628906 790.08892822266 786.99920654297 782.93109130859 783.10266113281 785.75903320312 789.39337158203 792.74096679688 795.60528564453 798.17535400391 800.46844482422 802.51721191406 804.36254882812 806.06091308594 807.62445068359 809.03875732422 810.29107666016 811.33117675781 812.16638183594 1.70141E+38 1.70141E+38 1.70141E+38 1.70141E+38 1.70141E+38 1.70141E+38 1.70141E+38 1.70141E+38 1.70141E+38 1.70141E+38 1.70141E+38 1.70141E+38 1.70141E+38 1.70141E+38 1.70141E+38 1.70141E+38 1.70141E+38 1.70141E+38 1.70141E+38 1.70141E+38
1.70141E+38 1.70141E+38 1.70141E+38 1.70141E+38 1.70141E+38 1.70141E+38 815.29754638672 813.37835693359 811.10595703125 808.43487548828 805.140625 800.59619140625 796.85040283203 793.55194091797 790.44683837891 788.17779541016 789.24182128906 791.11779785156 793.42999267578 795.86627197266 798.24475097656 800.42456054688 802.38403320312 804.22540283203 805.97357177734 807.62664794922 809.13116455078 810.50030517578 811.71307373047 812.74194335938 1.70141E+38 1.70141E+38 1.70141E+38 1.70141E+38 1.70141E+38 1.70141E+38 1.70141E+38 1.70141E+38 1.70141E+38 1.70141E+38 1.70141E+38 1.70141E+38 1.70141E+38 1.70141E+38 1.70141E+38 1.70141E+38 1.70141E+38 1.70141E+38 1.70141E+38 1.70141E+38
1.70141E+38 1.70141E+38 1.70141E+38 1.70141E+38 1.70141E+38 1.70141E+38 814.97235107422 813.59222412109 812.21923828125 810.83441162109 809.51165771484 806.76123046875 803.43835449219 800.97979736328 797.80267333984 794.67291259766 793.28393554688 793.56591796875 795.11669921875 796.98181152344 798.92425537109 800.85375976562 802.69677734375 804.46759033203 806.1552734375 807.78887939453 809.38317871094 810.904296875 812.24877929688 1.70141E+38 1.70141E+38 1.70141E+38 1.70141E+38 1.70141E+38 1.70141E+38 1.70141E+38 1.70141E+38 1.70141E+38 1.70141E+38 1.70141E+38 1.70141E+38 1.70141E+38 1.70141E+38 1.70141E+38 1.70141E+38 1.70141E+38 1.70141E+38 1.70141E+38 1.70141E+38 1.70141E+38
1.70141E+38 1.70141E+38 1.70141E+38 1.70141E+38 1.70141E+38 1.70141E+38 1.70141E+38 812.64739990234 812.04241943359 811.90832519531 811.87664794922 809.76330566406 807.05950927734 804.89166259766 802.22259521484 798.51989746094 796.63415527344 796.33666992188 797.03295898438 798.35827636719 800.04760742188 801.78253173828 803.42077636719 804.9873046875 806.54144287109 808.14807128906 809.75463867188 811.37036132812 1.70141E+38 1.70141E+38 1.70141E+38 1.70141E+38 1.70141E+38 1.70141E+38 1.70141E+38 1.70141E+38 1.70141E+38 1.70141E+38 1.70141E+38 1.70141E+38 1.70141E+38 1.70141E+38 1.70141E+38 1.70141E+38 1.70141E+38 1.70141E+38 1.70141E+38 1.70141E+38 1.70141E+38 1.70141E+38
1.70141E+38 1.70141E+38 1.70141E+38 1.70141E+38 1.70141E+38 1.70141E+38 1.70141E+38 810.67047119141 810.29071044922 810.31402587891 810.18914794922 809.12176513672 807.14990234375 805.08966064453 802.56781005859 800.23431396484 798.71154785156 798.25152587891 798.79998779297 799.96551513672 801.44714355469 802.95245361328 804.39709472656 805.79425048828 807.17706298828 808.61126708984 810.24273681641 1.70141E+38 1.70141E+38 1.70141E+38 1.70141E+38 1.70141E+38 1.70141E+38 1.70141E+38 1.70141E+38 1.70141E+38 1.70141E+38 1.70141E+38 1.70141E+38 1.70141E+38 1.70141E+38 1.70141E+38 1.70141E+38 1.70141E+38 1.70141E+38 1.70141E+38 1.70141E+38 1.70141E+38 1.70141E+38 1.70141E+38
1.70141E+38 1.70141E+38 1.70141E+38 1.70141E+38 1.70141E+38 1.70141E+38 1.70141E+38 807.62780761719 807.28796386719 807.21008300781 807.01727294922 806.25244140625 804.96905517578 803.49951171875 801.94909667969 800.42578125 799.49938964844 799.39270019531 800.21343994141 801.50201416016 802.96301269531 804.39770507812 805.67864990234 806.75317382812 807.85241699219 1.70141E+38 1.70141E+38 1.70141E+38 1.70141E+38 1.70141E+38 1.70141E+38 1.70141E+38 1.70141E+38 1.70141E+38 1.70141E+38 1.70141E+38 1.70141E+38 1.70141E+38 1.70141E+38 1.70141E+38 1.70141E+38 1.70141E+38 1.70141E+38 1.70141E+38 1.70141E+38 1.70141E+38 1.70141E+38 1.70141E+38 1.70141E+38 1.70141E+38
1.70141E+38 1.70141E+38 1.70141E+38 1.70141E+38 1.70141E+38 1.70141E+38 804.86175537109 804.01226806641 803.63702392578 803.47503662109 803.24670410156 802.75860595703 801.94793701172 801.00964355469 800.10266113281 799.46551513672 799.53411865234 800.12799072266 801.29498291016 802.85986328125 804.59490966797 805.98175048828 807.02197265625 807.90814208984 808.75494384766 1.70141E+38 1.70141E+38 1.70141E+38 1.70141E+38 1.70141E+38 1.70141E+38 1.70141E+38 1.70141E+38 1.70141E+38 1.70141E+38 1.70141E+38 1.70141E+38 1.70141E+38 1.70141E+38 1.70141E+38 1.70141E+38 1.70141E+38 1.70141E+38 1.70141E+38 1.70141E+38 1.70141E+38 1.70141E+38 1.70141E+38 1.70141E+38 1.70141E+38
1.70141E+38 1.70141E+38 1.70141E+38 1.70141E+38 1.70141E+38 1.70141E+38 801.31005859375 800.15661621094 799.84313964844 799.61376953125 799.30694580078 798.89624023438 798.42071533203 798.02984619141 797.94244384766 798.21881103516 798.95208740234 800.17803955078 801.95672607422 804.091796875 806.09509277344 807.59948730469 808.49047851562 809.19097900391 809.83642578125 810.69781494141 812.27270507812 814.73175048828 817.02484130859 818.94854736328 820.51641845703 1.70141E+38 1.70141E+38 1.70141E+38 1.70141E+38 1.70141E+38 1.70141E+38 1.70141E+38 1.70141E+38 1.70141E+38 1.70141E+38 1.70141E+38 1.70141E+38 1.70141E+38 1.70141E+38 1.70141E+38 1.70141E+38 1.70141E+38 1.70141E+38 1.70141E+38
1.70141E+38 1.70141E+38 1.70141E+38 1.70141E+38 804.89263916016 801.18145751953 798.06762695312 797.00836181641 796.41754150391 795.98156738281 795.54718017578 795.11151123047 794.87512207031 794.98229980469 795.50390625 796.47644042969 797.96942138672 799.92767333984 802.19665527344 804.68603515625 807.23712158203 808.70782470703 809.70501708984 810.56903076172 811.46453857422 812.48406982422 814.33337402344 816.52587890625 818.69055175781 820.6171875 822.21160888672 823.35327148438 824.17987060547 824.720703125 1.70141E+38 1.70141E+38 1.70141E+38 1.70141E+38 1.70141E+38 1.70141E+38 1.70141E+38 1.70141E+38 1.70141E+38 1.70141E+38 1.70141E+38 1.70141E+38 1.70141E+38 1.70141E+38 1.70141E+38 1.70141E+38
1.70141E+38 1.70141E+38 1.70141E+38 1.70141E+38 802.60754394531 799.25250244141 796.48364257812 794.52453613281 793.49499511719 792.779296875 792.06329345703 791.51171875 791.33197021484 791.74853515625 792.90643310547 794.64672851562 796.77270507812 799.19647216797 801.81439208984 804.54827880859 807.01715087891 809.04180908203 810.59002685547 811.83673095703 813.21429443359 814.80194091797 816.6357421875 818.68719482422 820.73309326172 822.45587158203 823.88098144531 825.02392578125 825.91082763672 826.53442382812 826.96130371094 1.70141E+38 1.70141E+38 1.70141E+38 1.70141E+38 1.70141E+38 1.70141E+38 1.70141E+38 1.70141E+38 1.70141E+38 1.70141E+38 1.70141E+38 1.70141E+38 1.70141E+38 1.70141E+38 1.70141E+38
