gis/input_ras/wahp/raw_surf_ow/GM_Numerical_ 05 - Middle Clay_younger.grd
DSAA
157 175
2880056.8709409 2983016.8709409
-256145.63012446 -141305.63012446
747.12054443359 917.72290039062
[rows 147 to 167 of 175, columns 94 to 140 of 157]
848.33404541016 848.65325927734 848.86993408203 848.99389648438 849.03564453125 848.99499511719 848.92010498047 848.88146972656 848.90106201172 848.99597167969 849.19696044922 849.50714111328 849.93707275391 850.47210693359 851.11322021484 851.87579345703 852.74987792969 853.75054931641 854.83380126953 855.97747802734 857.115234375 858.22216796875 859.42883300781 860.74298095703 862.16796875 863.67596435547 865.39782714844 867.49963378906 870.06024169922 873.23284912109 877.35040283203 881.71160888672 885.03472900391 883.61401367188 880.98931884766 878.61206054688 876.92272949219 876.78021240234 877.90997314453 879.86297607422 881.45562744141 882.75579833984 884.05212402344 885.34155273438 886.67474365234 888.076171875 889.52514648438
847.44592285156 847.86322021484 848.16345214844 848.34686279297 848.44793701172 848.49255371094 848.50628662109 848.51348876953 848.55938720703 848.67407226562 848.88464355469 849.18914794922 849.61248779297 850.15246582031 850.80700683594 851.59893798828 852.51483154297 853.55499267578 854.68804931641 855.89978027344 857.19421386719 858.56427001953 859.9892578125 861.52703857422 863.23626708984 865.12896728516 867.20031738281 869.54705810547 872.32952880859 875.7197265625 879.44671630859 883.37451171875 885.2431640625 884.89575195312 882.88262939453 880.84411621094 879.42309570312 879.05169677734 879.74072265625 880.79949951172 881.99206542969 883.06976318359 884.07067871094 885.11676025391 886.29064941406 887.54052734375 888.80346679688
846.65606689453 847.11315917969 847.46618652344 847.72021484375 847.88732910156 847.97332763672 848.0234375 848.06451416016 848.12774658203 848.23693847656 848.43096923828 848.71704101562 849.11059570312 849.63098144531 850.29010009766 851.08850097656 852.01568603516 853.08215332031 854.28668212891 855.60430908203 857.01257324219 858.51654052734 860.18743896484 862.033203125 863.99169921875 866.07983398438 868.34185791016 870.90277099609 873.72644042969 876.86218261719 880.10418701172 882.93035888672 884.49053955078 884.37329101562 883.41479492188 882.15423583984 881.19439697266 880.83166503906 881.08288574219 881.69348144531 882.47698974609 883.24554443359 884.05413818359 884.91131591797 885.83599853516 886.85797119141 888.00329589844
846.00421142578 846.49847412109 846.87530517578 847.15826416016 847.35852050781 847.48657226562 847.55773925781 847.59991455078 847.65197753906 847.73657226562 847.876953125 848.10778808594 848.47320556641 848.96264648438 849.58312988281 850.35461425781 851.29315185547 852.39306640625 853.63000488281 854.99749755859 856.5341796875 858.22882080078 860.06988525391 862.06359863281 864.20294189453 866.52606201172 868.96508789062 871.56488037109 874.33374023438 877.21911621094 879.85369873047 882.12677001953 883.34576416016 883.671875 883.32196044922 882.76031494141 882.25628662109 882.01300048828 882.14819335938 882.50054931641 882.93255615234 883.42272949219 883.92175292969 884.56372070312 885.33416748047 886.21020507812 887.173828125
845.52227783203 846.02508544922 846.43615722656 846.74981689453 846.95416259766 847.08068847656 847.14886474609 847.17645263672 847.17889404297 847.208984375 847.29699707031 847.46594238281 847.73773193359 848.14465332031 848.7392578125 849.48846435547 850.39599609375 851.46423339844 852.73132324219 854.18371582031 855.79675292969 857.57354736328 859.52117919922 861.69366455078 864.00921630859 866.43865966797 868.96832275391 871.59143066406 874.25164794922 876.83471679688 879.16534423828 881.08068847656 882.25238037109 882.68176269531 882.93969726562 882.99749755859 882.86859130859 882.81439208984 882.85919189453 883.00256347656 883.17895507812 883.44274902344 883.78533935547 884.22888183594 884.78509521484 885.47717285156 886.29626464844
845.28186035156 845.78485107422 846.18713378906 846.49627685547 846.71215820312 846.83764648438 846.86730957031 846.84045410156 846.78979492188 846.74127197266 846.72271728516 846.79571533203 846.99035644531 847.32189941406 847.80731201172 848.46002197266 849.34991455078 850.42297363281 851.67901611328 853.11920166016 854.75451660156 856.63134765625 858.69073486328 860.92315673828 863.31286621094 865.84509277344 868.46099853516 871.09466552734 873.68701171875 876.16198730469 878.34783935547 880.0302734375 881.3056640625 882.07952880859 882.59802246094 882.94696044922 883.126953125 883.20434570312 883.24029541016 883.27111816406 883.31567382812 883.39739990234 883.55749511719 883.849609375 884.25610351562 884.77728271484 885.41259765625
845.30731201172 845.79656982422 846.21154785156 846.52923583984 846.71618652344 846.79522705078 846.78112792969 846.69000244141 846.55657958984 846.39532470703 846.26422119141 846.19866943359 846.23406982422 846.44732666016 846.85040283203 847.44287109375 848.2294921875 849.21252441406 850.44104003906 851.89465332031 853.55139160156 855.40911865234 857.46398925781 859.75207519531 862.21527099609 864.80120849609 867.46527099609 870.14825439453 872.75122070312 875.16986083984 877.31958007812 879.13787841797 880.54339599609 881.59808349609 882.32470703125 882.83148193359 883.14562988281 883.31408691406 883.36962890625 883.34753417969 883.30249023438 883.28881835938 883.33874511719 883.47106933594 883.70916748047 884.09289550781 884.59466552734
845.623046875 846.10400390625 846.50274658203 846.8017578125 846.98217773438 847.03259277344 846.96179199219 846.76873779297 846.50714111328 846.20391845703 845.91607666016 845.70739746094 845.59552001953 845.64611816406 845.88739013672 846.37005615234 847.09234619141 848.03283691406 849.18365478516 850.54583740234 852.15899658203 854.00836181641 856.06701660156 858.31939697266 860.75744628906 863.37487792969 866.09771728516 868.83740234375 871.51068115234 874.03979492188 876.26440429688 878.15460205078 879.72015380859 880.99114990234 881.93853759766 882.58728027344 883.04870605469 883.27691650391 883.34326171875 883.31140136719 883.23175048828 883.14392089844 883.11206054688 883.14807128906 883.26550292969 883.48193359375 883.81848144531
846.20648193359 846.67559814453 847.09606933594 847.39495849609 847.55743408203 847.54559326172 847.38507080078 847.09155273438 846.71520996094 846.26263427734 845.767578125 845.32061767578 845.00665283203 844.92041015625 845.04321289062 845.40411376953 845.99578857422 846.8349609375 847.92053222656 849.22961425781 850.75549316406 852.49078369141 854.46740722656 856.67034912109 859.08294677734 861.6865234375 864.44372558594 867.26647949219 870.02899169922 872.64672851562 875.03363037109 877.15295410156 878.88262939453 880.29260253906 881.43609619141 882.26110839844 882.78741455078 883.11059570312 883.25024414062 883.23748779297 883.15197753906 883.04382324219 882.94543457031 882.87847900391 882.89349365234 883.00787353516 883.22534179688
847.05603027344 847.53302001953 847.97283935547 848.28619384766 848.42938232422 848.37121582031 848.14514160156 847.73889160156 847.16302490234 846.47827148438 845.80072021484 845.16918945312 844.63421630859 844.31048583984 844.26373291016 844.53234863281 845.03833007812 845.78228759766 846.74078369141 847.92388916016 849.35931396484 851.00201416016 852.85028076172 854.91204833984 857.24114990234 859.82525634766 862.59185791016 865.49755859375 868.41351318359 871.18499755859 873.70367431641 875.95544433594 877.91363525391 879.56884765625 880.84173583984 881.83996582031 882.51568603516 882.91156005859 883.11749267578 883.16784667969 883.11602783203 883.00109863281 882.87603759766 882.76940917969 882.68341064453 882.64135742188 882.72528076172
848.13446044922 848.68957519531 849.17150878906 849.49346923828 849.63110351562 849.52703857422 849.1826171875 848.62738037109 847.90844726562 847.06439208984 846.09613037109 845.12884521484 844.37762451172 843.89562988281 843.70806884766 843.84124755859 844.21423339844 844.86798095703 845.73181152344 846.80017089844 848.06683349609 849.53436279297 851.25793457031 853.20233154297 855.39617919922 857.91455078125 860.72680664062 863.70251464844 866.70574951172 869.63470458984 872.37341308594 874.80712890625 876.91424560547 878.72094726562 880.21154785156 881.38903808594 882.21350097656 882.74743652344 883.06237792969 883.16577148438 883.15649414062 883.07373046875 882.94665527344 882.78985595703 882.63208007812 882.50146484375 882.42633056641
849.54028320312 850.14904785156 850.70446777344 851.0546875 851.14013671875 850.958984375 850.53796386719 849.88555908203 848.94152832031 847.83038330078 846.64752197266 845.46533203125 844.37457275391 843.58050537109 843.34875488281 843.4072265625 843.69482421875 844.18646240234 844.87738037109 845.82830810547 846.97448730469 848.30456542969 849.81268310547 851.51940917969 853.64141845703 856.12835693359 858.93792724609 861.99426269531 865.14624023438 868.19787597656 871.05895996094 873.67218017578 876.00476074219 878.01428222656 879.6455078125 880.96734619141 881.99426269531 882.63842773438 883.06427001953 883.28240966797 883.34295654297 883.28594970703 883.17218017578 883.01275634766 882.79760742188 882.50543212891 882.28149414062
851.43145751953 852.07751464844 852.59820556641 852.91271972656 852.98248291016 852.77551269531 852.20495605469 851.35021972656 850.26397705078 848.98815917969 847.56079101562 846.05499267578 844.65161132812 843.71685791016 843.32287597656 843.26770019531 843.41796875 843.78350830078 844.34771728516 845.11315917969 846.07177734375 847.25561523438 848.61340332031 850.16577148438 852.00964355469 854.49841308594 857.43438720703 860.5556640625 863.759765625 866.94763183594 869.99774169922 872.72888183594 875.19213867188 877.37121582031 879.24591064453 880.75891113281 881.92443847656 882.73083496094 883.23693847656 883.5205078125 883.64727783203 883.66033935547 883.58660888672 883.41424560547 883.15393066406 882.79278564453 882.36138916016
853.94390869141 854.42694091797 854.89923095703 855.21685791016 855.18475341797 854.83636474609 854.17309570312 853.20672607422 851.93463134766 850.42938232422 848.81756591797 847.17633056641 845.61413574219 844.40759277344 843.85559082031 843.57983398438 843.51690673828 843.65075683594 844.02807617188 844.66326904297 845.50299072266 846.53198242188 847.73291015625 849.11688232422 850.95452880859 853.39184570312 856.30969238281 859.44110107422 862.72448730469 865.97491455078 869.09338378906 872.01019287109 874.67779541016 876.98712158203 878.97894287109 880.65753173828 881.99743652344 882.90466308594 883.56500244141 883.96960449219 884.14080810547 884.20013427734 884.15539550781 884.00372314453 883.74072265625 883.24871826172 882.68902587891
856.67810058594 857.14184570312 857.55560302734 857.78436279297 857.74090576172 857.35845947266 856.54547119141 855.35559082031 853.89752197266 852.24157714844 850.47113037109 848.70263671875 847.09375 845.78460693359 844.82476806641 844.22534179688 843.94030761719 843.88024902344 844.05883789062 844.48114013672 845.16973876953 846.13482666016 847.3125 848.74206542969 850.50598144531 852.85711669922 855.71081542969 858.81146240234 862.06475830078 865.37377929688 868.58990478516 871.57781982422 874.33978271484 876.84283447266 879.05230712891 880.84881591797 882.31799316406 883.39324951172 884.11199951172 884.57989501953 884.85656738281 884.99005126953 884.99169921875 884.82763671875 884.51416015625 884.05755615234 883.48199462891
859.58416748047 860.02270507812 860.43975830078 860.68566894531 860.58032226562 860.04516601562 859.10455322266 857.80163574219 856.19134521484 854.33911132812 852.41638183594 850.53137207031 848.75720214844 847.28283691406 846.12707519531 845.25091552734 844.64703369141 844.31591796875 844.32983398438 844.62005615234 845.19171142578 846.04071044922 847.17279052734 848.62713623047 850.50921630859 852.80560302734 855.49279785156 858.52655029297 861.78546142578 865.10009765625 868.35284423828 871.47198486328 874.36737060547 876.97406005859 879.26495361328 881.24291992188 882.81396484375 884.00170898438 884.90026855469 885.50091552734 885.84075927734 886.02429199219 886.06134033203 885.95648193359 885.69744873047 885.28472900391 884.826171875
862.50177001953 862.96575927734 863.38848876953 863.62664794922 863.54309082031 862.96154785156 861.90460205078 860.37725830078 858.57403564453 856.58996582031 854.53839111328 852.54382324219 850.67462158203 848.99395751953 847.54284667969 846.44128417969 845.63409423828 845.10461425781 844.87341308594 844.95349121094 845.43072509766 846.22479248047 847.36053466797 848.8310546875 850.65960693359 852.93591308594 855.61657714844 858.61773681641 861.82708740234 865.15081787109 868.44421386719 871.60992431641 874.60101318359 877.35803222656 879.79345703125 881.88049316406 883.57318115234 884.88610839844 885.87829589844 886.58758544922 887.06530761719 887.34027099609 887.42230224609 887.35571289062 887.17315673828 886.92864990234 886.67486572266
865.36853027344 865.83728027344 866.29565429688 866.59234619141 866.56518554688 865.91284179688 864.62133789062 862.95611572266 861.03515625 858.94091796875 856.76824951172 854.63708496094 852.63519287109 850.82043457031 849.21643066406 847.85296630859 846.76312255859 846.04052734375 845.66265869141 845.62475585938 845.95666503906 846.65026855469 847.75579833984 849.21820068359 851.08636474609 853.35418701172 855.97631835938 858.95910644531 862.15704345703 865.47314453125 868.79742431641 872.05407714844 875.11956787109 877.9541015625 880.466796875 882.65472412109 884.45684814453 885.93072509766 887.09985351562 887.91638183594 888.48022460938 888.82897949219 888.9951171875 889.02612304688 888.93090820312 888.79187011719 888.74267578125
868.09375 868.54888916016 868.99407958984 869.34423828125 869.51275634766 868.70892333984 867.27117919922 865.44763183594 863.39825439453 861.220703125 858.99243164062 856.79907226562 854.697265625 852.71026611328 850.91351318359 849.39727783203 848.15301513672 847.22106933594 846.64117431641 846.47943115234 846.73034667969 847.35491943359 848.39678955078 849.84045410156 851.71325683594 853.97662353516 856.59173583984 859.54943847656 862.72918701172 866.05627441406 869.40545654297 872.7060546875 875.85607910156 878.78192138672 881.39318847656 883.61755371094 885.55322265625 887.12841796875 888.3984375 889.37152099609 890.08129882812 890.50006103516 890.72052001953 890.80126953125 890.82373046875 890.86773681641 890.98663330078
870.65991210938 871.04058837891 871.412109375 871.6962890625 871.74560546875 871.02117919922 869.53942871094 867.67474365234 865.62426757812 863.43914794922 861.17687988281 858.91821289062 856.74560546875 854.67797851562 852.75726318359 851.04382324219 849.62042236328 848.58123779297 847.89453125 847.58117675781 847.70153808594 848.271484375 849.29382324219 850.71221923828 852.52514648438 854.78161621094 857.41943359375 860.36865234375 863.53790283203 866.86083984375 870.25665283203 873.59454345703 876.77435302734 879.72668457031 882.38189697266 884.71118164062 886.74481201172 888.44879150391 889.82861328125 890.90045166016 891.71124267578 892.26904296875 892.53497314453 892.66931152344 892.77819824219 892.92443847656 893.18481445312
873.0634765625 873.35607910156 873.60528564453 873.70697021484 873.47540283203 872.70220947266 871.38708496094 869.69647216797 867.73138427734 865.55816650391 863.30773925781 861.04479980469 858.81427001953 856.63983154297 854.63604736328 852.84356689453 851.31103515625 850.08319091797 849.25897216797 848.90881347656 848.96820068359 849.44274902344 850.34582519531 851.74700927734 853.60852050781 855.84948730469 858.44073486328 861.35540771484 864.55249023438 867.90118408203 871.29748535156 874.66192626953 877.89587402344 880.82971191406 883.56359863281 885.94793701172 887.99334716797 889.74908447266 891.22686767578 892.44348144531 893.4248046875 894.01129150391 894.32580566406 894.49346923828 894.68536376953 894.97705078125 895.39416503906
