gis/input_ras/wahp/raw_surf_ow/GM_Numerical_ 05 - Middle Clay_younger.grd
DSAA
157 175
2880056.8709409 2983016.8709409
-256145.63012446 -141305.63012446
747.12054443359 917.72290039062
[rows 0 to 20 of 175, columns 0 to 46 of 157]
851.00939941406 848.87628173828 846.98138427734 845.33599853516 843.96026611328 842.89086914062 842.07794189453 841.51196289062 841.12652587891 840.88293457031 840.72784423828 840.60778808594 840.46734619141 840.26983642578 839.98876953125 839.61688232422 839.15081787109 838.6171875 838.05944824219 837.53509521484 837.09936523438 836.79675292969 836.67596435547 836.76397705078 837.11712646484 837.72119140625 838.59783935547 839.70587158203 841.02624511719 842.56024169922 844.25360107422 846.09448242188 848.02282714844 850.00726318359 851.99255371094 853.94500732422 855.82830810547 857.60693359375 859.25030517578 860.71588134766 862.03265380859 863.18243408203 864.16577148438 864.97259521484 865.59826660156 866.07592773438 866.39965820312
850.01403808594 847.78771972656 845.8359375 844.15026855469 842.75372314453 841.66326904297 840.84204101562 840.29022216797 839.92242431641 839.70837402344 839.57958984375 839.47467041016 839.33715820312 839.13653564453 838.83044433594 838.41198730469 837.89398193359 837.30944824219 836.69732666016 836.09735107422 835.57940673828 835.21185302734 835.05041503906 835.10412597656 835.43267822266 836.01373291016 836.86999511719 837.97607421875 839.30413818359 840.85052490234 842.56079101562 844.41845703125 846.37286376953 848.39178466797 850.43841552734 852.46734619141 854.412109375 856.25134277344 857.96154785156 859.53607177734 860.96502685547 862.1845703125 863.23565673828 864.11895751953 864.85205078125 865.36901855469 865.66326904297
849.00238037109 846.71240234375 844.66583251953 842.90765380859 841.49310302734 840.39007568359 839.56402587891 839.01770019531 838.68054199219 838.49163818359 838.37481689453 838.28070068359 838.14916992188 837.93432617188 837.59881591797 837.15185546875 836.60021972656 835.94439697266 835.25616455078 834.60894775391 834.04760742188 833.62268066406 833.40863037109 833.44073486328 833.75592041016 834.326171875 835.16271972656 836.26727294922 837.60815429688 839.15814208984 840.87341308594 842.73815917969 844.71856689453 846.77178955078 848.84875488281 850.91223144531 852.92620849609 854.85015869141 856.62512207031 858.26135253906 859.75671386719 861.08312988281 862.23260498047 863.17364501953 863.96319580078 864.55206298828 864.81359863281
847.94177246094 845.55145263672 843.45245361328 841.64074707031 840.13818359375 839.00231933594 838.21533203125 837.69763183594 837.37652587891 837.20001220703 837.10974121094 837.01672363281 836.87139892578 836.64190673828 836.29986572266 835.80834960938 835.19384765625 834.50360107422 833.77886962891 833.06756591797 832.44659423828 832.01312255859 831.78350830078 831.78643798828 832.06359863281 832.63934326172 833.50598144531 834.60998535156 835.93426513672 837.47589111328 839.20593261719 841.08612060547 843.06982421875 845.12902832031 847.23681640625 849.34191894531 851.39025878906 853.35229492188 855.20257568359 856.91937255859 858.47454833984 859.84924316406 861.04748535156 862.06793212891 862.87774658203 863.44543457031 863.76489257812
846.91571044922 844.38000488281 842.10321044922 840.20196533203 838.71343994141 837.57452392578 836.76379394531 836.25238037109 836.00885009766 835.87982177734 835.79077148438 835.69177246094 835.53210449219 835.2568359375 834.85986328125 834.34155273438 833.70977783203 832.9765625 832.20343017578 831.47387695312 830.84143066406 830.3564453125 830.09216308594 830.13226318359 830.44024658203 831.01208496094 831.84204101562 832.94848632812 834.31372070312 835.86529541016 837.58135986328 839.43927001953 841.42858886719 843.50372314453 845.61560058594 847.73303222656 849.82373046875 851.83123779297 853.70654296875 855.45617675781 857.06884765625 858.5234375 859.75500488281 860.76904296875 861.58239746094 862.18768310547 862.58734130859
845.85882568359 843.12072753906 840.7294921875 838.71600341797 837.10150146484 835.92700195312 835.23364257812 834.82843017578 834.62756347656 834.54559326172 834.48461914062 834.34387207031 834.10913085938 833.77392578125 833.33532714844 832.76971435547 832.08612060547 831.33245849609 830.54998779297 829.78790283203 829.14392089844 828.69451904297 828.46411132812 828.47912597656 828.75750732422 829.37951660156 830.26867675781 831.38983154297 832.72399902344 834.25122070312 835.99188232422 837.86120605469 839.83459472656 841.88848876953 843.99932861328 846.12573242188 848.21691894531 850.2412109375 852.16925048828 853.95928955078 855.57641601562 857.02905273438 858.29956054688 859.37384033203 860.21173095703 860.81042480469 861.23999023438
844.91076660156 841.82891845703 839.09234619141 836.95660400391 835.35894775391 834.25817871094 833.60363769531 833.31304931641 833.26409912109 833.27374267578 833.21020507812 833.0224609375 832.69775390625 832.23333740234 831.66748046875 831.03155517578 830.33135986328 829.564453125 828.77093505859 828.03564453125 827.41363525391 826.95526123047 826.72399902344 826.81805419922 827.17974853516 827.80157470703 828.67352294922 829.80645751953 831.18939208984 832.75177001953 834.47033691406 836.31884765625 838.28497314453 840.32788085938 842.41375732422 844.52087402344 846.62243652344 848.65521240234 850.57623291016 852.36822509766 854.01538085938 855.50537109375 856.76916503906 857.82049560547 858.67346191406 859.33612060547 859.81512451172
843.86126708984 840.44873046875 837.48785400391 835.1044921875 833.35992431641 832.31622314453 831.88385009766 831.83905029297 831.96643066406 832.09765625 832.04730224609 831.74353027344 831.22467041016 830.58447265625 829.88610839844 829.17614746094 828.42010498047 827.65313720703 826.89123535156 826.17236328125 825.57476806641 825.20172119141 825.05816650391 825.16351318359 825.53985595703 826.20770263672 827.14947509766 828.30847167969 829.67822265625 831.25402832031 833.00921630859 834.88818359375 836.83520507812 838.82885742188 840.87756347656 842.95336914062 845.01812744141 847.04132080078 848.98266601562 850.7861328125 852.41534423828 853.87017822266 855.14654541016 856.23693847656 857.09967041016 857.75408935547 858.25109863281
842.71063232422 838.859375 835.59307861328 833.03796386719 831.27172851562 830.36480712891 830.14166259766 830.31243896484 830.64532470703 830.95361328125 830.89013671875 830.40338134766 829.68969726562 828.85968017578 827.97332763672 827.13696289062 826.35827636719 825.60693359375 824.87457275391 824.23498535156 823.72760009766 823.39898681641 823.31018066406 823.49578857422 823.96569824219 824.67095947266 825.60723876953 826.78521728516 828.20166015625 829.83715820312 831.63092041016 833.53015136719 835.4814453125 837.45623779297 839.43157958984 841.42547607422 843.45031738281 845.45489501953 847.36450195312 849.15087890625 850.79302978516 852.24993896484 853.51910400391 854.56805419922 855.43646240234 856.13549804688 856.65606689453
841.27697753906 837.13110351562 833.61889648438 830.91168212891 829.11389160156 828.31170654297 828.25469970703 828.67694091797 829.33483886719 829.86291503906 829.75677490234 829.03283691406 827.93450927734 826.83776855469 825.83874511719 824.93566894531 824.12878417969 823.42047119141 822.77746582031 822.20904541016 821.77410888672 821.55450439453 821.58819580078 821.85327148438 822.37280273438 823.1201171875 824.10339355469 825.31140136719 826.75561523438 828.43719482422 830.28106689453 832.25384521484 834.24298095703 836.18017578125 838.09210205078 840.01342773438 841.93798828125 843.8701171875 845.76110839844 847.53265380859 849.15802001953 850.59222412109 851.84906005859 852.90606689453 853.77374267578 854.46942138672 855.00512695312
839.44232177734 835.02197265625 831.40576171875 828.67559814453 826.95812988281 826.31060791016 826.30688476562 826.80792236328 827.59936523438 828.44415283203 828.28186035156 827.08190917969 825.79791259766 824.56201171875 823.45202636719 822.51605224609 821.75115966797 821.10101318359 820.53094482422 820.08441162109 819.80249023438 819.70819091797 819.83172607422 820.18139648438 820.79998779297 821.61383056641 822.62353515625 823.85083007812 825.31024169922 827.05389404297 829.00268554688 831.04821777344 833.08209228516 835.04504394531 836.84918212891 838.63073730469 840.48138427734 842.34973144531 844.18737792969 845.91900634766 847.50952148438 848.92852783203 850.17327880859 851.22595214844 852.09020996094 852.78247070312 853.31579589844
837.25189208984 832.79986572266 828.90637207031 826.12780761719 824.79962158203 824.181640625 824.10357666016 824.45257568359 825.0927734375 825.767578125 825.51940917969 824.3671875 823.05700683594 821.84033203125 820.78234863281 819.89593505859 819.17993164062 818.65106201172 818.23217773438 817.9189453125 817.75555419922 817.7744140625 818.05902099609 818.56457519531 819.26489257812 820.13323974609 821.15692138672 822.38696289062 823.89556884766 825.68536376953 827.68743896484 829.83221435547 832.02294921875 833.91705322266 835.65655517578 837.34930419922 839.08135986328 840.85528564453 842.63140869141 844.32098388672 845.88513183594 847.28295898438 848.49713134766 849.52111816406 850.37908935547 851.07763671875 851.59967041016
834.78106689453 830.46319580078 826.66314697266 823.95794677734 822.52862548828 821.81848144531 821.56726074219 821.63122558594 821.86627197266 822.05969238281 821.71484375 820.78570556641 819.72253417969 818.689453125 817.77044677734 817.06304931641 816.52075195312 816.11199951172 815.81701660156 815.63983154297 815.67553710938 815.88970947266 816.30316162109 816.916015625 817.72375488281 818.69409179688 819.76293945312 820.98291015625 822.42852783203 824.23095703125 826.36279296875 828.57415771484 830.74987792969 832.73852539062 834.40814208984 836.03704833984 837.71264648438 839.42224121094 841.13372802734 842.77227783203 844.27117919922 845.62261962891 846.81707763672 847.84906005859 848.69604492188 849.349609375 849.83819580078
832.29168701172 828.27081298828 824.68865966797 822.1103515625 820.5234375 819.48052978516 818.81365966797 818.41546630859 818.17376708984 817.87982177734 817.40209960938 816.73284912109 815.94519042969 815.21313476562 814.58386230469 814.08221435547 813.71166992188 813.46997070312 813.35931396484 813.38555908203 813.57055664062 813.93121337891 814.49957275391 815.30432128906 816.25238037109 817.30108642578 818.41717529297 819.59210205078 820.98626708984 822.86444091797 825.03326416016 827.24731445312 829.38922119141 831.30786132812 833.05603027344 834.71105957031 836.34661865234 838.00854492188 839.65344238281 841.22766113281 842.69665527344 844.03497314453 845.17730712891 846.16046142578 846.98858642578 847.65441894531 848.14282226562
829.72106933594 826.03063964844 822.875 820.30657958984 818.32708740234 816.91253662109 815.87585449219 815.04180908203 814.34130859375 813.71752929688 813.12384033203 812.53179931641 812.01519775391 811.57940673828 811.23175048828 810.97729492188 810.85510253906 810.81060791016 810.86553955078 811.04852294922 811.41314697266 811.99060058594 812.74914550781 813.68267822266 814.76959228516 815.95709228516 817.18957519531 818.47509765625 819.92010498047 821.71502685547 823.82250976562 825.93316650391 827.97943115234 829.9111328125 831.68762207031 833.34698486328 834.9853515625 836.61193847656 838.21691894531 839.76062011719 841.16296386719 842.43231201172 843.56134033203 844.54693603516 845.36871337891 845.99725341797 846.45245361328
827.25573730469 823.79626464844 820.69372558594 818.13568115234 816.05578613281 814.30590820312 812.83374023438 811.61541748047 810.60485839844 809.67053222656 808.91143798828 808.41381835938 808.11578369141 807.95111083984 807.91131591797 807.92938232422 807.99938964844 808.10784912109 808.33544921875 808.73657226562 809.30316162109 810.03900146484 810.93225097656 812.04626464844 813.30181884766 814.63739013672 816.01727294922 817.40435791016 818.97503662109 820.74609375 822.66564941406 824.66906738281 826.66040039062 828.52783203125 830.2998046875 831.99200439453 833.62982177734 835.24517822266 836.80828857422 838.28942871094 839.66650390625 840.91632080078 842.00830078125 842.947265625 843.75354003906 844.41815185547 844.90362548828
824.73797607422 821.41857910156 818.45788574219 815.82891845703 813.52593994141 811.59521484375 809.90911865234 808.39477539062 807.01885986328 805.76068115234 804.86328125 804.42663574219 804.46252441406 804.59057617188 804.74810791016 804.92144775391 805.15014648438 805.46014404297 805.87713623047 806.427734375 807.14007568359 808.08026123047 809.18334960938 810.43060302734 811.80694580078 813.25927734375 814.78479003906 816.34320068359 817.95068359375 819.68438720703 821.54864501953 823.45397949219 825.34881591797 827.19970703125 828.96691894531 830.65594482422 832.29583740234 833.89215087891 835.43170166016 836.88433837891 838.21514892578 839.40716552734 840.47399902344 841.41455078125 842.22003173828 842.88098144531 843.39764404297
822.23229980469 818.96313476562 815.98272705078 813.32379150391 810.97711181641 808.88824462891 807.01391601562 805.35870361328 803.83666992188 802.39379882812 801.19189453125 800.95275878906 801.18939208984 801.47076416016 801.75891113281 802.06945800781 802.42724609375 802.85485839844 803.39691162109 804.15454101562 805.08489990234 806.17620849609 807.40374755859 808.77557373047 810.298828125 811.89855957031 813.53021240234 815.17230224609 816.85760498047 818.60931396484 820.40899658203 822.259765625 824.11370849609 825.92230224609 827.66973876953 829.36273193359 830.99859619141 832.58428955078 834.08984375 835.49127197266 836.78698730469 837.95452880859 838.99938964844 839.91088867188 840.71490478516 841.41900634766 841.98516845703
819.63995361328 816.39245605469 813.41540527344 810.72302246094 808.32928466797 806.19946289062 804.28497314453 802.57995605469 801.041015625 799.65307617188 798.49816894531 798.26409912109 798.41217041016 798.68023681641 798.99450683594 799.34674072266 799.76879882812 800.34912109375 801.078125 801.96337890625 803.01995849609 804.25744628906 805.67614746094 807.19836425781 808.80181884766 810.47894287109 812.20843505859 813.96759033203 815.72735595703 817.49621582031 819.29675292969 821.11364746094 822.919921875 824.70269775391 826.43829345703 828.12243652344 829.74639892578 831.29797363281 832.76617431641 834.13763427734 835.40374755859 836.53442382812 837.55249023438 838.45501708984 839.26171875 839.97802734375 840.60632324219
816.99243164062 813.77899169922 810.82330322266 808.12878417969 805.69537353516 803.55145263672 801.66644287109 800.00866699219 798.54144287109 797.27600097656 796.42596435547 796.01300048828 796.00494384766 796.15704345703 796.408203125 796.78314208984 797.30322265625 797.97192382812 798.79974365234 799.82153320312 801.06011962891 802.45233154297 803.97418212891 805.60064697266 807.326171875 809.10552978516 810.90692138672 812.72064208984 814.53900146484 816.36468505859 818.18371582031 819.99194335938 821.78540039062 823.55096435547 825.26159667969 826.91906738281 828.51501464844 830.04095458984 831.48626708984 832.81384277344 834.03387451172 835.14208984375 836.14501953125 837.04632568359 837.85321044922 838.58795166016 839.2578125
814.38092041016 811.18536376953 808.20928955078 805.53863525391 803.15771484375 801.03192138672 799.15405273438 797.52850341797 796.19860839844 795.12884521484 794.34759521484 1.70141E+38 1.70141E+38 1.70141E+38 1.70141E+38 1.70141E+38 1.70141E+38 1.70141E+38 1.70141E+38 797.84136962891 799.17456054688 800.66784667969 802.32574462891 804.08319091797 805.89782714844 807.74890136719 809.62121582031 811.50622558594 813.37329101562 815.22833251953 817.06866455078 818.89013671875 820.67199707031 822.41088867188 824.10363769531 825.74426269531 827.32238769531 828.80847167969 830.20367431641 831.50500488281 832.70727539062 833.80133056641 834.77801513672 835.66186523438 836.47314453125 837.2255859375 837.93377685547
