gis/input_ras/wahp/raw_surf_ow/GM_Numerical_ 03 - Lower Clay_younger.grd
DSAA
157 175
2880056.8709409 2983016.8709409
-256145.63012446 -141305.63012446
595.52587890625 876.60534667969
[rows 63 to 83 of 175, columns 47 to 93 of 157]
799 800.27551269531 801.53961181641 802.77093505859 803.93713378906 805.05187988281 806.13793945312 807.18322753906 808.15844726562 808.97406005859 809.49847412109 809.75909423828 809.76910400391 809.5537109375 809.15270996094 808.67724609375 808.27947998047 808.08917236328 808.24987792969 809.13616943359 810.74279785156 813.01922607422 815.94573974609 819.50695800781 823.76831054688 828.06878662109 832.03839111328 835.28405761719 837.36987304688 837.52313232422 835.96343994141 832.95391845703 828.72082519531 823.68884277344 817.66687011719 810.54895019531 802.23156738281 792.68493652344 782.00213623047 771.03558349609 759.76837158203 748.12756347656 736.13812255859 724.41241455078 716.29425048828 713.88635253906 713.11962890625
798.78759765625 800.12451171875 801.45416259766 802.77514648438 804.05883789062 805.29742431641 806.47711181641 807.58166503906 808.58020019531 809.41015625 810.02893066406 810.37854003906 810.42449951172 810.19372558594 809.73492431641 809.09735107422 808.42620849609 807.88757324219 807.61981201172 807.88323974609 808.89019775391 810.71435546875 813.14349365234 816.052734375 819.37200927734 822.90167236328 826.30297851562 828.75219726562 829.88922119141 829.39111328125 826.92358398438 822.56658935547 816.02648925781 808.62615966797 801.05377197266 793.62902832031 785.70916748047 777.44934082031 768.74176025391 759.50982666016 749.59197998047 738.84051513672 727.69262695312 716.15283203125 706.99841308594 706.67156982422 708.97241210938
798.76818847656 800.17840576172 801.60760498047 803.03814697266 804.41430664062 805.7509765625 807.03442382812 808.22467041016 809.28540039062 810.14361572266 810.76019287109 811.08062744141 811.09814453125 810.78924560547 810.18524169922 809.27014160156 808.14501953125 806.96472167969 805.95172119141 805.56567382812 806.00695800781 806.92468261719 808.25817871094 810.33282470703 813.01971435547 815.82611083984 818.54382324219 820.68731689453 821.58892822266 820.65985107422 816.98077392578 810.53094482422 801.58020019531 792.15991210938 782.97583007812 775.07745361328 768.43310546875 762.28869628906 755.35656738281 748.15905761719 740.85650634766 733.11157226562 724.67303466797 714.77185058594 707.88970947266 707.73681640625 709.35675048828
799.001953125 800.482421875 801.982421875 803.4970703125 805.00268554688 806.46331787109 807.82135009766 809.07037353516 810.16314697266 811.03167724609 811.62890625 811.88256835938 811.80743408203 811.263671875 810.27362060547 808.90600585938 807.34783935547 805.68646240234 803.92474365234 802.53387451172 801.80352783203 801.75842285156 802.03515625 802.60479736328 804.05627441406 806.44714355469 808.97625732422 810.96203613281 811.60705566406 810.63580322266 806.63037109375 798.97344970703 787.79180908203 774.24157714844 763.21563720703 755.98114013672 750.56921386719 746.51007080078 742.92462158203 739.20330810547 734.6435546875 729.71850585938 725.20745849609 721.00860595703 717.28845214844 716.24963378906 716.482421875
799.42047119141 801.009765625 802.63098144531 804.24334716797 805.82379150391 807.357421875 808.81072998047 810.12603759766 811.22338867188 812.06329345703 812.60772705078 812.67517089844 812.2646484375 811.37878417969 810.04125976562 808.27093505859 805.98919677734 803.48486328125 801.11614990234 798.99346923828 797.21282958984 795.15863037109 792.95758056641 792.14630126953 792.49151611328 794.10021972656 796.85186767578 798.57928466797 799.37176513672 798.72723388672 795.65270996094 787.83447265625 772.40216064453 755.76287841797 742.3173828125 736.39501953125 734.26867675781 732.95086669922 731.67095947266 730.34167480469 729.81060791016 730.59826660156 730.43292236328 729.45941162109 728.57122802734 727.84423828125 727.0283203125
800.08709716797 801.77648925781 803.48205566406 805.18920898438 806.88610839844 808.50543212891 809.99725341797 811.33312988281 812.46197509766 813.20178222656 813.47662353516 813.25830078125 812.52807617188 811.21459960938 809.20037841797 806.77758789062 804.00677490234 800.96600341797 797.68182373047 794.06488037109 790.828125 786.88452148438 782.46081542969 778.39337158203 776.31372070312 777.79327392578 780.53015136719 782.71270751953 782.12799072266 784.20104980469 781.99047851562 775.01586914062 760.94976806641 735.04205322266 722.49932861328 719.3056640625 719.40783691406 720.48742675781 722.69915771484 724.79742431641 727.59838867188 731.67431640625 736.5029296875 740.97497558594 741.29174804688 740.45971679688 739.41217041016
800.88946533203 802.69921875 804.54345703125 806.34930419922 808.11090087891 809.79681396484 811.36663818359 812.70404052734 813.69451904297 814.26080322266 814.31500244141 813.69696044922 812.25445556641 810.25939941406 807.78198242188 804.88153076172 801.51861572266 797.65057373047 793.27886962891 788.37060546875 782.91864013672 775.828125 767.81805419922 761.14923095703 756.642578125 755.00445556641 756.62152099609 756.75085449219 757.44494628906 759.58135986328 760.63836669922 756.80169677734 744.29455566406 725.01776123047 711.04180908203 706.65936279297 708.24682617188 711.61090087891 715.83544921875 720.73663330078 726.890625 735.34594726562 744.37664794922 751.16961669922 754.06463623047 752.20306396484 751.27593994141
801.84484863281 803.77374267578 805.70123291016 807.60797119141 809.46942138672 811.19683837891 812.75170898438 814.04992675781 814.98980712891 815.33959960938 814.82873535156 813.5419921875 811.52447509766 808.87048339844 805.71075439453 802.27514648438 798.46441650391 794.09106445312 788.90673828125 781.96185302734 773.13665771484 762.79638671875 751.63507080078 740.77471923828 732.20910644531 727.00189208984 724.05432128906 722.65399169922 722.96252441406 726.69458007812 727.96783447266 725.77062988281 719.34777832031 708.7158203125 700.48291015625 698.03552246094 699.83184814453 704.48388671875 711.06060791016 718.84436035156 727.74371337891 737.74975585938 748.46722412109 758.57434082031 760.93756103516 761.09039306641 761.0458984375
802.87103271484 804.90466308594 806.92327880859 808.90093994141 810.79809570312 812.57202148438 814.16925048828 815.40228271484 816.07171630859 816.0302734375 815.1416015625 813.29888916016 810.32995605469 806.74676513672 803.01159667969 799.24633789062 795.29656982422 790.53717041016 784.31823730469 775.78363037109 764.30798339844 750.23358154297 734.51959228516 719.88439941406 707.42498779297 697.75085449219 691.50256347656 687.83459472656 689.11199951172 693.10980224609 696.28466796875 695.5703125 692.27136230469 689.53344726562 687.90625 688.47442626953 692.763671875 699.77459716797 708.19561767578 717.65270996094 727.91564941406 738.90142822266 749.517578125 758.06811523438 763.77172851562 766.31115722656 767.94818115234
803.91357421875 806.0244140625 808.10662841797 810.13726806641 812.07348632812 813.83929443359 815.34448242188 816.46557617188 817.03741455078 816.77856445312 815.28875732422 812.61773681641 808.85656738281 804.18432617188 799.87145996094 796.01824951172 791.7578125 786.80316162109 780.8681640625 771.64239501953 756.67932128906 738.03637695312 718.34448242188 699.51330566406 684.54241943359 674.01318359375 668.4169921875 667.42492675781 667.18353271484 671.84680175781 672.96435546875 672.84649658203 671.89770507812 674.41247558594 676.83776855469 681.13201904297 688.08227539062 696.92266845703 706.78240966797 717.52514648438 728.60241699219 739.60046386719 750.07794189453 758.92352294922 765.00598144531 769.45849609375 772.91510009766
804.9384765625 807.0888671875 809.19848632812 811.22735595703 813.13122558594 814.86010742188 816.32421875 817.3759765625 817.63641357422 816.98895263672 815.28930664062 812.29290771484 807.94207763672 802.35607910156 797.29400634766 792.95812988281 788.24987792969 782.74554443359 775.98504638672 766.32000732422 749.23614501953 727.25762939453 704.76135253906 683.630859375 667.91955566406 661.52923583984 659.41009521484 664.25103759766 667.73706054688 665.59704589844 663.64001464844 664.23175048828 665.05187988281 667.68634033203 671.46343994141 676.77581787109 685.75518798828 696.59240722656 707.69592285156 718.91412353516 730.12579345703 741.0966796875 750.96917724609 759.48065185547 766.53948974609 771.91723632812 776.24847412109
805.89886474609 808.04638671875 810.12438964844 812.10955810547 813.96258544922 815.62377929688 816.91479492188 817.73852539062 817.89227294922 817.10119628906 815.1943359375 811.96600341797 807.59930419922 802.12121582031 796.53344726562 791.11651611328 784.45465087891 776.70593261719 768.09661865234 757.71466064453 738.38470458984 716.52587890625 694.77868652344 674.52709960938 660.04510498047 657.9775390625 661.82061767578 668.72882080078 672.66381835938 668.29260253906 665.37554931641 664.44763183594 665.46612548828 668.32873535156 672.23382568359 679.09606933594 688.46197509766 699.54193115234 710.83056640625 722.09295654297 732.97015380859 743.24542236328 752.67663574219 760.92547607422 767.77856445312 773.44708251953 778.35772705078
806.76977539062 808.86724853516 810.88494873047 812.78527832031 814.48248291016 815.9521484375 817.08453369141 817.74096679688 817.67401123047 816.67065429688 814.73168945312 811.62683105469 807.45111083984 802.36828613281 796.36657714844 789.04772949219 780.53137207031 770.7001953125 758.62524414062 743.8359375 726.25714111328 706.30804443359 686.84698486328 671.80993652344 662.84997558594 661.07183837891 664.74890136719 671.19213867188 673.38641357422 672.48260498047 670.14495849609 669.60003662109 670.87463378906 674.18682861328 679.20001220703 686.18286132812 695.36071777344 705.69750976562 716.28839111328 726.83917236328 737.10668945312 746.72583007812 755.24084472656 762.50769042969 768.78601074219 774.13177490234 778.73352050781
807.58178710938 809.58569335938 811.4326171875 813.14904785156 814.68572998047 815.97784423828 816.85552978516 817.13391113281 816.73248291016 815.56958007812 813.57867431641 810.68817138672 806.97412109375 802.13598632812 795.98712158203 788.11187744141 776.76037597656 763.24206542969 748.66534423828 732.46069335938 714.55126953125 697.11303710938 682.611328125 671.86370849609 666.06695556641 665.64440917969 668.96405029297 673.3388671875 676.30224609375 676.94744873047 676.96154785156 677.86077880859 680.00897216797 683.77716064453 689.14178466797 696.20684814453 704.55535888672 714.00146484375 723.78149414062 733.49499511719 742.58215332031 750.72583007812 758.06512451172 764.41668701172 769.79412841797 773.91070556641 777.00054931641
808.30444335938 810.13562011719 811.82336425781 813.35168457031 814.61901855469 815.53869628906 816.01007080078 815.92358398438 815.19287109375 813.64416503906 811.45391845703 808.63635253906 805.16027832031 800.95989990234 795.77514648438 786.05493164062 772.58361816406 756.76812744141 739.93951416016 722.43542480469 705.10241699219 689.58325195312 677.73858642578 671.86828613281 670.6923828125 671.96441650391 675.17449951172 679.05627441406 682.31909179688 684.59851074219 686.26055908203 688.34442138672 691.3447265625 695.70611572266 701.37176513672 708.19390869141 715.92022705078 724.26098632812 732.66314697266 740.94934082031 748.72015380859 755.70202636719 761.75677490234 766.36267089844 770.03869628906 772.72845458984 774.40802001953
809.00549316406 810.65423583984 812.07012939453 813.28167724609 814.22235107422 814.79437255859 814.880859375 814.08428955078 812.62512207031 810.63684082031 808.20263671875 805.38592529297 801.97698974609 797.76110839844 792.17993164062 783.17169189453 767.04864501953 749.24359130859 731.58319091797 714.33093261719 697.77404785156 682.38220214844 676.49932861328 675.54541015625 677.26275634766 680.09490966797 683.76721191406 687.60552978516 691.14758300781 694.35302734375 697.40216064453 700.86737060547 704.92547607422 709.72094726562 715.25482177734 721.48114013672 728.2587890625 735.4345703125 742.60101318359 749.49267578125 755.84930419922 761.02288818359 765.25750732422 768.43328857422 770.53088378906 771.46313476562 771.0146484375
809.70642089844 811.0576171875 812.19903564453 813.10968017578 813.74487304688 813.7587890625 813.06994628906 811.60766601562 809.41473388672 806.71575927734 803.75720214844 800.63653564453 797.02447509766 792.40753173828 785.61395263672 773.87805175781 758.45501708984 741.05133056641 723.61834716797 707.86120605469 694.84057617188 685.55285644531 681.51318359375 683.87982177734 687.74884033203 691.64270019531 695.43646240234 699.18249511719 702.94549560547 706.82287597656 710.94012451172 715.32165527344 719.96856689453 724.89202880859 730.17907714844 735.71502685547 741.46142578125 747.326171875 753.19708251953 758.47650146484 763.06500244141 766.78662109375 769.48315429688 770.96142578125 770.91235351562 769.83905029297 767.90563964844
810.42877197266 811.50128173828 812.36273193359 812.84600830078 812.93908691406 812.48065185547 811.24267578125 808.92120361328 805.49438476562 801.76458740234 798.20416259766 794.94793701172 791.26538085938 785.89929199219 777.56304931641 765.48742675781 749.65533447266 732.00402832031 715.85876464844 703.14239501953 694.84350585938 690.50427246094 692.42358398438 697.12390136719 702.16217041016 706.44482421875 710.06256103516 713.49163818359 717.29266357422 721.56469726562 726.2578125 731.17767333984 736.11999511719 740.87451171875 745.47442626953 750.033203125 754.84191894531 759.38970947266 763.69805908203 767.57983398438 770.85589599609 773.16186523438 773.94879150391 773.39111328125 771.55621337891 768.84924316406 765.53143310547
811.32580566406 812.00054931641 812.38708496094 812.46252441406 812.19000244141 811.22845458984 809.17120361328 805.68762207031 800.92767333984 796.13153076172 791.80438232422 788.45129394531 784.90667724609 780.14703369141 771.57257080078 757.87835693359 740.72875976562 722.92681884766 707.09619140625 696.46881103516 694.30157470703 697.79498291016 704.68865966797 712.55749511719 719.18774414062 723.28723144531 726.22454833984 729.21527099609 732.90808105469 737.359375 742.41961669922 747.576171875 752.43572998047 756.76306152344 760.63122558594 764.07928466797 767.42913818359 770.71362304688 774.01617431641 776.69720458984 778.41619873047 779.13177490234 778.59552001953 776.591796875 772.73297119141 767.93408203125 763.53088378906
812.22772216797 812.55291748047 812.58416748047 812.16186523438 811.16125488281 809.51300048828 806.95971679688 802.67987060547 796.560546875 790.00140380859 784.85760498047 781.57232666016 778.23101806641 773.63647460938 765.93682861328 750.74401855469 732.59118652344 714.07092285156 698.34869384766 691.05316162109 694.78930664062 703.31805419922 715.17181396484 728.58343505859 737.01373291016 740.19024658203 742.33032226562 744.87066650391 748.52197265625 753.05767822266 758.19427490234 763.4208984375 768.15887451172 771.73828125 774.32043457031 776.70458984375 779.08355712891 781.23455810547 783.17456054688 784.67419433594 785.41088867188 785.17572021484 783.33386230469 779.4853515625 773.3818359375 766.9931640625 761.44140625
813.46978759766 813.31420898438 812.68225097656 811.62280273438 810.04888916016 807.78234863281 804.10076904297 798.82763671875 792.08154296875 784.91119384766 779.20111083984 774.63275146484 770.24896240234 765.28472900391 757.51440429688 742.11907958984 724.7109375 707.74865722656 693.06921386719 687.76696777344 695.45806884766 709.01483154297 725.19097900391 741.71710205078 751.85662841797 754.08746337891 756.03082275391 758.79321289062 762.59814453125 767.26586914062 772.45129394531 777.54565429688 782.17413330078 784.98809814453 786.56921386719 787.55743408203 788.46044921875 789.58123779297 790.84997558594 791.73840332031 791.05255126953 789.57055664062 787.44018554688 782.64733886719 775.02630615234 765.54760742188 758.06109619141
