gis/input_ras/wahp/raw_surf_ow/GM_Numerical_ 08 - Upper Mid Sand_younger.grd
DSAA
150 175
2884264.0589446 2982604.0589446
-256145.63012446 -141305.63012446
840.56451416016 955.64691162109
[rows 132 to 153 of 175, columns 100 to 149 of 150]
1.70141E+38 1.70141E+38 1.70141E+38 1.70141E+38 1.70141E+38 1.70141E+38 1.70141E+38 1.70141E+38 1.70141E+38 1.70141E+38 1.70141E+38 1.70141E+38 1.70141E+38 889.77459716797 890.92681884766 892.52661132812 894.38140869141 896.27899169922 898.09234619141 899.75823974609 901.30096435547 902.71759033203 904.01568603516 905.16546630859 906.14129638672 1.70141E+38 1.70141E+38 1.70141E+38 1.70141E+38 1.70141E+38 1.70141E+38 1.70141E+38 1.70141E+38 1.70141E+38 1.70141E+38 1.70141E+38 1.70141E+38 1.70141E+38 1.70141E+38 1.70141E+38 1.70141E+38 921.72839355469 923.40600585938 925.10504150391 926.81042480469 928.51507568359 930.1728515625 931.6787109375 932.93920898438 933.99682617188
1.70141E+38 1.70141E+38 1.70141E+38 1.70141E+38 1.70141E+38 1.70141E+38 1.70141E+38 1.70141E+38 1.70141E+38 1.70141E+38 1.70141E+38 1.70141E+38 1.70141E+38 888.23004150391 889.68627929688 891.50982666016 893.46984863281 895.43371582031 897.31964111328 899.04864501953 900.60925292969 902.03625488281 903.35186767578 904.54425048828 905.57794189453 1.70141E+38 1.70141E+38 1.70141E+38 1.70141E+38 1.70141E+38 1.70141E+38 1.70141E+38 1.70141E+38 1.70141E+38 1.70141E+38 1.70141E+38 1.70141E+38 1.70141E+38 1.70141E+38 1.70141E+38 1.70141E+38 1.70141E+38 923.40020751953 925.14459228516 926.97357177734 928.81884765625 930.60235595703 932.25158691406 933.64660644531 934.67681884766
1.70141E+38 1.70141E+38 1.70141E+38 1.70141E+38 1.70141E+38 1.70141E+38 1.70141E+38 1.70141E+38 1.70141E+38 1.70141E+38 1.70141E+38 1.70141E+38 1.70141E+38 888.06585693359 889.41644287109 891.21185302734 893.18695068359 895.19952392578 897.09948730469 898.82348632812 900.38336181641 901.80401611328 903.10717773438 904.27825927734 905.30877685547 906.19146728516 1.70141E+38 1.70141E+38 1.70141E+38 1.70141E+38 1.70141E+38 1.70141E+38 1.70141E+38 1.70141E+38 1.70141E+38 1.70141E+38 1.70141E+38 1.70141E+38 1.70141E+38 1.70141E+38 1.70141E+38 1.70141E+38 923.29846191406 925.08905029297 926.98168945312 928.96649169922 931.03393554688 932.873046875 934.32427978516 935.37426757812
1.70141E+38 1.70141E+38 1.70141E+38 1.70141E+38 1.70141E+38 1.70141E+38 1.70141E+38 1.70141E+38 1.70141E+38 1.70141E+38 1.70141E+38 1.70141E+38 1.70141E+38 888.95697021484 889.94818115234 891.60900878906 893.50378417969 895.45361328125 897.35595703125 899.11614990234 900.58258056641 901.95056152344 903.22131347656 904.38177490234 905.39392089844 906.21447753906 1.70141E+38 1.70141E+38 1.70141E+38 1.70141E+38 1.70141E+38 1.70141E+38 1.70141E+38 1.70141E+38 1.70141E+38 1.70141E+38 1.70141E+38 1.70141E+38 1.70141E+38 1.70141E+38 1.70141E+38 1.70141E+38 923.10711669922 924.86279296875 926.84771728516 929.03601074219 931.2958984375 933.4365234375 935.1904296875 936.08587646484
1.70141E+38 1.70141E+38 1.70141E+38 1.70141E+38 1.70141E+38 1.70141E+38 1.70141E+38 1.70141E+38 1.70141E+38 1.70141E+38 1.70141E+38 1.70141E+38 889.97204589844 890.22106933594 891.12506103516 892.52813720703 894.25744628906 896.13647460938 897.96850585938 899.63299560547 901.12866210938 902.48388671875 903.7216796875 904.80749511719 905.74084472656 906.51678466797 907.13861083984 1.70141E+38 1.70141E+38 1.70141E+38 1.70141E+38 1.70141E+38 1.70141E+38 1.70141E+38 1.70141E+38 1.70141E+38 1.70141E+38 1.70141E+38 1.70141E+38 1.70141E+38 1.70141E+38 1.70141E+38 1.70141E+38 924.5869140625 926.55938720703 928.82293701172 931.42431640625 934.01037597656 935.82116699219 936.76214599609
908.20526123047 906.13122558594 1.70141E+38 1.70141E+38 1.70141E+38 1.70141E+38 1.70141E+38 1.70141E+38 1.70141E+38 1.70141E+38 1.70141E+38 891.37164306641 891.19549560547 891.49237060547 892.33862304688 893.72906494141 895.37805175781 897.12512207031 898.87200927734 900.52453613281 901.99719238281 903.33679199219 904.53533935547 905.57806396484 906.4482421875 907.10076904297 907.59130859375 907.97027587891 1.70141E+38 1.70141E+38 1.70141E+38 1.70141E+38 1.70141E+38 1.70141E+38 1.70141E+38 1.70141E+38 1.70141E+38 1.70141E+38 1.70141E+38 1.70141E+38 1.70141E+38 1.70141E+38 1.70141E+38 924.19946289062 926.05743408203 928.36340332031 931.18951416016 934.13671875 936.61334228516 937.12805175781
908.78253173828 906.46612548828 904.1796875 1.70141E+38 1.70141E+38 1.70141E+38 1.70141E+38 1.70141E+38 1.70141E+38 1.70141E+38 1.70141E+38 892.18957519531 892.23205566406 892.78924560547 893.78979492188 895.11004638672 896.67315673828 898.37677001953 900.06365966797 901.6708984375 903.16436767578 904.50689697266 905.67486572266 906.61059570312 907.34020996094 907.88153076172 908.26361083984 908.53527832031 908.71282958984 1.70141E+38 1.70141E+38 1.70141E+38 1.70141E+38 1.70141E+38 1.70141E+38 1.70141E+38 1.70141E+38 1.70141E+38 1.70141E+38 1.70141E+38 1.70141E+38 1.70141E+38 1.70141E+38 1.70141E+38 925.61639404297 927.63537597656 930.63946533203 933.68615722656 935.80450439453 937.02435302734
908.84783935547 906.35046386719 903.99670410156 901.80535888672 899.77111816406 1.70141E+38 1.70141E+38 1.70141E+38 1.70141E+38 1.70141E+38 1.70141E+38 893.00335693359 893.41131591797 894.14892578125 895.22180175781 896.58679199219 898.15777587891 899.81304931641 901.49896240234 903.11431884766 904.61456298828 905.91546630859 906.99957275391 907.85217285156 908.47705078125 908.890625 909.09857177734 909.20617675781 909.27026367188 909.36083984375 1.70141E+38 1.70141E+38 1.70141E+38 1.70141E+38 1.70141E+38 1.70141E+38 1.70141E+38 1.70141E+38 1.70141E+38 1.70141E+38 1.70141E+38 1.70141E+38 1.70141E+38 1.70141E+38 925.67663574219 927.74072265625 930.4267578125 933.22686767578 935.43286132812 936.78509521484
908.08233642578 905.62982177734 903.35632324219 901.26403808594 899.39343261719 897.69689941406 1.70141E+38 1.70141E+38 1.70141E+38 1.70141E+38 893.61407470703 893.90936279297 894.5283203125 895.46514892578 896.73840332031 898.17022705078 899.73718261719 901.40582275391 903.11669921875 904.78057861328 906.27917480469 907.53668212891 908.55505371094 909.29809570312 909.73950195312 909.97143554688 910.05828857422 910.04968261719 909.98345947266 909.93853759766 909.98486328125 910.18792724609 1.70141E+38 1.70141E+38 1.70141E+38 1.70141E+38 1.70141E+38 1.70141E+38 1.70141E+38 1.70141E+38 1.70141E+38 1.70141E+38 1.70141E+38 1.70141E+38 926.54760742188 928.47613525391 930.92840576172 933.37280273438 935.34167480469 936.86358642578
906.46801757812 904.19519042969 902.23468017578 900.46997070312 898.79998779297 897.27203369141 895.92376708984 1.70141E+38 1.70141E+38 1.70141E+38 894.18933105469 894.7294921875 895.70147705078 896.91314697266 898.29833984375 899.81384277344 901.41876220703 903.12915039062 904.95434570312 906.65185546875 908.15692138672 909.37377929688 910.24035644531 910.80419921875 911.11596679688 911.21789550781 911.12530517578 910.93060302734 910.75384521484 910.63458251953 910.61157226562 910.73956298828 911.04626464844 1.70141E+38 1.70141E+38 1.70141E+38 1.70141E+38 1.70141E+38 1.70141E+38 1.70141E+38 1.70141E+38 1.70141E+38 1.70141E+38 1.70141E+38 927.60668945312 929.59094238281 931.71484375 933.83740234375 935.71539306641 937.20892333984
904.14465332031 902.34295654297 900.73266601562 899.28033447266 897.93957519531 896.73895263672 895.65118408203 894.82897949219 894.34643554688 894.30291748047 894.80908203125 895.69744873047 896.88360595703 898.30346679688 899.90893554688 901.60119628906 903.29241943359 905.09887695312 907.00830078125 908.79797363281 910.23846435547 911.31317138672 912.05621337891 912.48321533203 912.57214355469 912.45129394531 912.21246337891 911.91027832031 911.60510253906 911.37530517578 911.31677246094 911.42846679688 911.71722412109 1.70141E+38 1.70141E+38 1.70141E+38 1.70141E+38 1.70141E+38 1.70141E+38 1.70141E+38 1.70141E+38 1.70141E+38 1.70141E+38 1.70141E+38 928.80700683594 930.75616455078 932.76092529297 934.71771240234 936.46203613281 937.89373779297
901.30346679688 899.97088623047 898.95068359375 898.00415039062 897.02764892578 896.09045410156 895.25036621094 894.63043212891 894.41021728516 894.67370605469 895.40515136719 896.55743408203 898.07849121094 899.78741455078 901.59912109375 903.47406005859 905.38562011719 907.38293457031 909.34729003906 911.08703613281 912.49285888672 913.49780273438 913.99035644531 914.13671875 914.03814697266 913.75482177734 913.34613037109 912.87048339844 912.48016357422 912.21722412109 912.11419677734 912.19171142578 912.49102783203 912.9990234375 1.70141E+38 1.70141E+38 1.70141E+38 1.70141E+38 1.70141E+38 1.70141E+38 1.70141E+38 1.70141E+38 1.70141E+38 928.15637207031 930.07690429688 932.02398681641 933.95837402344 935.78564453125 937.41754150391 938.80047607422
898.14483642578 897.59942626953 897.1474609375 896.65325927734 896.078125 895.45721435547 894.92041015625 894.55389404297 894.47766113281 894.83587646484 895.99432373047 897.53790283203 899.30908203125 901.23834228516 903.27618408203 905.40258789062 907.57080078125 909.73565673828 911.80920410156 913.65826416016 914.89758300781 915.62762451172 915.92456054688 915.86968994141 915.54534912109 915.03173828125 914.45416259766 913.87481689453 913.36761474609 913.05804443359 913.01348876953 913.14013671875 913.43310546875 913.90222167969 914.62280273438 1.70141E+38 1.70141E+38 1.70141E+38 1.70141E+38 1.70141E+38 1.70141E+38 1.70141E+38 1.70141E+38 929.43493652344 931.39593505859 933.34320068359 935.23419189453 937.01770019531 938.63342285156 939.9072265625
895.91809082031 895.63726806641 895.62158203125 895.46118164062 895.22888183594 894.96417236328 894.72595214844 894.5654296875 894.66888427734 895.42919921875 896.77282714844 898.54510498047 900.51391601562 902.6572265625 904.8994140625 907.22143554688 909.60180664062 911.97296142578 914.21936035156 916.07061767578 917.3037109375 917.85168457031 917.85205078125 917.48065185547 916.94683837891 916.30621337891 915.60424804688 914.89923095703 914.32440185547 914.05828857422 914.06610107422 914.23199462891 914.54815673828 915.03546142578 915.77001953125 1.70141E+38 1.70141E+38 1.70141E+38 1.70141E+38 1.70141E+38 1.70141E+38 1.70141E+38 928.82440185547 930.78491210938 932.74499511719 934.68664550781 936.57440185547 938.31225585938 939.85015869141 941.1103515625
894.01220703125 894.15710449219 894.34735107422 894.50952148438 894.595703125 894.57904052734 894.68078613281 894.92321777344 895.40795898438 896.26727294922 897.78393554688 899.67816162109 901.76544189453 903.99389648438 906.33807373047 908.78210449219 911.310546875 913.85919189453 916.35223388672 918.47546386719 919.65386962891 919.70916748047 919.3994140625 918.89306640625 918.25836181641 917.54876708984 916.82165527344 916.10424804688 915.46911621094 915.25988769531 915.38757324219 915.62707519531 915.95678710938 916.3935546875 917.10748291016 918.25469970703 919.61224365234 921.13513183594 922.80639648438 924.60473632812 926.47192382812 928.36499023438 930.2734375 932.19799804688 934.13244628906 936.01715087891 937.83465576172 939.55737304688 941.13824462891 942.38940429688
892.41851806641 892.88323974609 893.29364013672 893.66900634766 894.06115722656 894.45330810547 894.88623046875 895.39031982422 896.15832519531 897.37219238281 898.92724609375 900.79754638672 902.90777587891 905.16247558594 907.53784179688 910.00775146484 912.55932617188 915.16632080078 1.70141E+38 1.70141E+38 1.70141E+38 920.96411132812 920.49133300781 919.94262695312 919.36450195312 918.76196289062 918.12805175781 917.50579833984 917.07684326172 916.93682861328 917.04876708984 917.31726074219 917.67712402344 918.19708251953 918.97924804688 920.05737304688 921.41314697266 922.93566894531 924.60021972656 926.35052490234 928.15631103516 930.00299072266 931.85443115234 933.69274902344 935.51696777344 937.31188964844 939.05822753906 940.69256591797 942.17572021484 943.36328125
890.80578613281 891.59826660156 892.37908935547 893.10766601562 893.75280761719 894.38287353516 895.08923339844 895.97216796875 897.03247070312 898.34454345703 899.96044921875 901.84356689453 903.89916992188 906.07824707031 908.40118408203 1.70141E+38 1.70141E+38 1.70141E+38 1.70141E+38 1.70141E+38 1.70141E+38 921.18041992188 920.96990966797 920.64562988281 920.23724365234 919.80804443359 919.44073486328 919.11810302734 918.87298583984 918.81811523438 918.97357177734 919.30554199219 919.75982666016 920.35412597656 921.16162109375 922.23229980469 923.52502441406 924.98254394531 926.59313964844 928.29071044922 930.02612304688 931.75915527344 933.49084472656 935.23620605469 936.96282958984 938.61895751953 940.17047119141 941.61193847656 942.92388916016 943.97326660156
889.42718505859 890.59307861328 891.61590576172 892.57574462891 893.5205078125 894.49017333984 895.46685791016 896.53057861328 897.75183105469 899.19958496094 900.83935546875 902.67474365234 904.66003417969 906.75360107422 1.70141E+38 1.70141E+38 1.70141E+38 1.70141E+38 1.70141E+38 1.70141E+38 1.70141E+38 920.70239257812 920.83148193359 920.86840820312 920.91345214844 920.87817382812 920.75903320312 920.66802978516 920.66998291016 920.83648681641 921.12060546875 921.52819824219 922.05480957031 922.72979736328 923.58325195312 924.62634277344 925.87115478516 927.27081298828 928.78137207031 930.35015869141 931.97222900391 933.6123046875 935.24908447266 936.83905029297 938.36920166016 939.85577392578 941.25335693359 942.53045654297 943.56848144531 944.37133789062
888.18566894531 889.66528320312 891.03558349609 892.29541015625 893.45880126953 894.60919189453 895.78094482422 897.04772949219 898.40753173828 899.89495849609 901.52136230469 903.2763671875 905.11676025391 907.05145263672 1.70141E+38 1.70141E+38 1.70141E+38 1.70141E+38 1.70141E+38 1.70141E+38 1.70141E+38 919.79119873047 920.51489257812 920.99908447266 921.38525390625 921.69714355469 921.98388671875 922.28002929688 922.54339599609 922.88580322266 923.32305908203 923.87835693359 924.53369140625 925.28491210938 926.16436767578 927.18713378906 928.36022949219 929.66107177734 931.0693359375 932.5322265625 934.02423095703 935.50598144531 936.98480224609 938.43524169922 939.82977294922 941.14990234375 942.30401611328 943.33477783203 944.19970703125 944.86346435547
887.33166503906 889.05413818359 890.63122558594 892.09271240234 893.46911621094 894.81494140625 896.13659667969 897.49444580078 898.90863037109 900.39398193359 901.95465087891 903.59985351562 905.30938720703 1.70141E+38 1.70141E+38 1.70141E+38 1.70141E+38 1.70141E+38 1.70141E+38 1.70141E+38 1.70141E+38 918.96472167969 919.98138427734 920.93994140625 921.81280517578 922.53393554688 923.16253662109 923.74401855469 924.31005859375 924.93988037109 925.59106445312 926.29510498047 927.05505371094 927.87731933594 928.79150390625 929.81182861328 930.92999267578 932.13317871094 933.40380859375 934.70251464844 936.05346679688 937.41076660156 938.75305175781 940.05224609375 941.24884033203 942.36529541016 943.36633300781 944.23107910156 944.91912841797 945.38848876953
886.74328613281 888.68768310547 890.46612548828 892.06976318359 893.57708740234 895.02410888672 896.44091796875 897.85797119141 899.29876708984 900.75567626953 902.22601318359 903.71105957031 905.21942138672 1.70141E+38 1.70141E+38 1.70141E+38 1.70141E+38 1.70141E+38 1.70141E+38 1.70141E+38 1.70141E+38 918.36932373047 919.6875 920.95159912109 922.13708496094 923.23443603516 924.24291992188 925.15985107422 926.03198242188 926.89794921875 927.77069091797 928.65362548828 929.54724121094 930.46020507812 931.40692138672 932.39672851562 933.43603515625 934.53784179688 935.67822265625 936.85260009766 938.05303955078 939.26379394531 940.45104980469 941.58551025391 942.64764404297 943.61834716797 944.45867919922 945.11950683594 945.61486816406 945.95208740234
886.66027832031 888.62249755859 890.45007324219 892.15710449219 893.75549316406 895.25213623047 896.71734619141 898.17333984375 899.61309814453 901.01593017578 902.3681640625 903.64483642578 904.91137695312 1.70141E+38 1.70141E+38 1.70141E+38 1.70141E+38 1.70141E+38 1.70141E+38 1.70141E+38 1.70141E+38 1.70141E+38 919.44396972656 920.97717285156 922.45129394531 923.85577392578 925.1826171875 926.43145751953 927.61529541016 928.72161865234 929.82849121094 930.89776611328 931.92547607422 932.91278076172 933.87432861328 934.83294677734 935.80114746094 936.78845214844 937.80078125 938.8603515625 939.92449951172 940.98968505859 942.03875732422 943.05261230469 943.99261474609 944.81317138672 945.50299072266 946.03601074219 946.392578125 946.54431152344
