models/elk/data/raw/lf_surfaces/bottom_of_aquifer.grd
DSAA
219 359
2599537.1289303 2743417.1289303
233652.36819342 469932.36819342
895.95629882812 1543.3548583984
[rows 231 to 251 of 359, columns 141 to 187 of 219]
1063.1267089844 1061.8804931641 1060.6418457031 1059.4083251953 1058.1861572266 1056.9743652344 1055.7705078125 1054.5734863281 1053.3826904297 1052.2019042969 1051.029296875 1049.8631591797 1048.7022705078 1047.5466308594 1046.3992919922 1045.2574462891 1044.1204833984 1042.9870605469 1041.8570556641 1040.7333984375 1039.6130371094 1038.4956054688 1037.3798828125 1036.2670898438 1035.1574707031 1034.0494384766 1032.9428710938 1031.8366699219 1030.7320556641 1029.6290283203 1028.5267333984 1027.4249267578 1026.3226318359 1025.2210693359 1024.1199951172 1023.0189819336 1021.9177856445 1020.8161010742 1019.7143554688 1018.6122436523 1017.509765625 1016.4067993164 1015.3038330078 1014.1988525391 1013.0941772461 1011.9891357422 1010.8827514648
1062.6561279297 1061.3905029297 1060.13671875 1058.8913574219 1057.6551513672 1056.4266357422 1055.20703125 1053.9981689453 1052.7971191406 1051.6033935547 1050.4161376953 1049.2370605469 1048.0665283203 1046.9020996094 1045.7434082031 1044.5891113281 1043.4420166016 1042.3005371094 1041.1635742188 1040.0305175781 1038.9001464844 1037.7751464844 1036.6536865234 1035.53515625 1034.4183349609 1033.3028564453 1032.1910400391 1031.0806884766 1029.9718017578 1028.8641357422 1027.7570800781 1026.6517333984 1025.5469970703 1024.4427490234 1023.338684082 1022.2353515625 1021.1322021484 1020.0290527344 1018.9258422852 1017.8225708008 1016.7196044922 1015.6159667969 1014.5119018555 1013.4066772461 1012.3020019531 1011.1960449219 1010.0900878906
1062.1473388672 1060.8680419922 1059.5971679688 1058.3358154297 1057.0872802734 1055.8474121094 1054.6160888672 1053.3930664062 1052.1783447266 1050.9741210938 1049.77734375 1048.5877685547 1047.4052734375 1046.2297363281 1045.0622558594 1043.9002685547 1042.7437744141 1041.5927734375 1040.4468994141 1039.306640625 1038.1704101562 1037.0379638672 1035.9091796875 1034.7840576172 1033.6618652344 1032.5422363281 1031.4248046875 1030.3092041016 1029.1960449219 1028.0847167969 1026.9747314453 1025.8658447266 1024.7578125 1023.651184082 1022.5453491211 1021.4400634766 1020.3350219727 1019.2303466797 1018.1264038086 1017.0223999023 1015.9183349609 1014.8141479492 1013.7098388672 1012.6037597656 1011.4985961914 1010.393737793 1009.2886962891
1061.5965576172 1060.3040771484 1059.0212402344 1057.7484130859 1056.4853515625 1055.2315673828 1053.9898681641 1052.7567138672 1051.5321044922 1050.3156738281 1049.1076660156 1047.9093017578 1046.7182617188 1045.5340576172 1044.3564453125 1043.1856689453 1042.0218505859 1040.8636474609 1039.7105712891 1038.5623779297 1037.4193115234 1036.2810058594 1035.1469726562 1034.0162353516 1032.8881835938 1031.7637939453 1030.6422119141 1029.5229492188 1028.4057617188 1027.2906494141 1026.1776123047 1025.0661621094 1023.9561157227 1022.8472290039 1021.7393188477 1020.6322021484 1019.5260009766 1018.4204101562 1017.3151855469 1016.2103271484 1015.1057739258 1014.0013427734 1012.8958740234 1011.7899780273 1010.6862792969 1009.5822753906 1008.4778442383
1061.0057373047 1059.6987304688 1058.4018554688 1057.1187744141 1055.8459472656 1054.5826416016 1053.3287353516 1052.0838623047 1050.8508300781 1049.6263427734 1048.4099121094 1047.2012939453 1046.0004882812 1044.8095703125 1043.6251220703 1042.4471435547 1041.2751464844 1040.1091308594 1038.9506835938 1037.7969970703 1036.6479492188 1035.5036621094 1034.3643798828 1033.2290039062 1032.0969238281 1030.9680175781 1029.8420410156 1028.7193603516 1027.5993652344 1026.4814453125 1025.3654785156 1024.2514648438 1023.139831543 1022.0291137695 1020.9196166992 1019.8112182617 1018.7037963867 1017.5974121094 1016.4916992188 1015.3864746094 1014.2814331055 1013.1765136719 1012.0719604492 1010.9672241211 1009.8637084961 1008.7604980469 1007.6569213867
1060.3703613281 1059.0539550781 1057.7485351562 1056.4536132812 1055.1690673828 1053.896484375 1052.6350097656 1051.3826904297 1050.1394042969 1048.9050292969 1047.6812744141 1046.4664306641 1045.2592773438 1044.0595703125 1042.8669433594 1041.6833496094 1040.5061035156 1039.3347167969 1038.1693115234 1037.0092773438 1035.8562011719 1034.7080078125 1033.5639648438 1032.4235839844 1031.2872314453 1030.1555175781 1029.0266113281 1027.9006347656 1026.77734375 1025.6569824219 1024.5393066406 1023.4237060547 1022.3098754883 1021.1978149414 1020.0872802734 1018.9780273438 1017.8699951172 1016.7630615234 1015.6566772461 1014.5512084961 1013.4461669922 1012.3421630859 1011.2378540039 1010.1340332031 1009.0314941406 1007.9290161133 1006.8265380859
1059.6971435547 1058.3686523438 1057.0528564453 1055.7508544922 1054.4592285156 1053.1778564453 1051.9063720703 1050.6459960938 1049.3968505859 1048.1566162109 1046.9251708984 1045.7020263672 1044.4886474609 1043.2840576172 1042.0866699219 1040.8962402344 1039.7125244141 1038.5363769531 1037.3669433594 1036.203125 1035.0445556641 1033.8912353516 1032.7440185547 1031.6005859375 1030.4611816406 1029.3255615234 1028.1934814453 1027.0654296875 1025.9404296875 1024.8186035156 1023.6989746094 1022.5816650391 1021.466796875 1020.3538818359 1019.2426757812 1018.1328125 1017.0241088867 1015.9169921875 1014.8104248047 1013.7053222656 1012.6010742188 1011.4974975586 1010.3935546875 1009.2909545898 1008.189453125 1007.0885009766 1005.987121582
1058.9801025391 1057.6448974609 1056.3218994141 1055.0102539062 1053.7100830078 1052.4230957031 1051.1462402344 1049.8793945312 1048.6223144531 1047.3754882812 1046.1394042969 1044.9117431641 1043.6926269531 1042.4814453125 1041.2789306641 1040.0848388672 1038.8974609375 1037.7165527344 1036.5417480469 1035.3741455078 1034.2127685547 1033.0568847656 1031.9053955078 1030.7584228516 1029.6166992188 1028.4792480469 1027.3454589844 1026.2155761719 1025.0886230469 1023.9654541016 1022.8447265625 1021.7265014648 1020.6105957031 1019.4968261719 1018.3853759766 1017.2752685547 1016.1662597656 1015.0592041016 1013.9534912109 1012.8488769531 1011.7452392578 1010.6424560547 1009.5399780273 1008.4384765625 1007.3380126953 1006.2380981445 1005.1384277344
1058.2215576172 1056.8786621094 1055.5504150391 1054.2338867188 1052.9283447266 1051.6340332031 1050.3503417969 1049.0794677734 1047.818359375 1046.5666503906 1045.3244628906 1044.0915527344 1042.8688964844 1041.6544189453 1040.4475097656 1039.2484130859 1038.0571289062 1036.8736572266 1035.6962890625 1034.5250244141 1033.3602294922 1032.2016601562 1031.0483398438 1029.8997802734 1028.7557373047 1027.6163330078 1026.4813232422 1025.3503417969 1024.2222900391 1023.0975952148 1021.9759521484 1020.8573608398 1019.7411499023 1018.6270751953 1017.5151367188 1016.4053955078 1015.2970581055 1014.1904296875 1013.0852661133 1011.981628418 1010.8792114258 1009.7771606445 1008.67578125 1007.5757446289 1006.4771118164 1005.3791503906 1004.2810058594
1057.421875 1056.0748291016 1054.7398681641 1053.4172363281 1052.1081542969 1050.810546875 1049.5234375 1048.2465820312 1046.9807128906 1045.7263183594 1044.4813232422 1043.2451171875 1042.0177001953 1040.7991943359 1039.5904541016 1038.3891601562 1037.1949462891 1036.0078125 1034.8277587891 1033.6553955078 1032.4888916016 1031.328125 1030.1724853516 1029.0224609375 1027.8779296875 1026.7375488281 1025.6010742188 1024.4686279297 1023.3401489258 1022.2152709961 1021.0933837891 1019.9741821289 1018.8579101562 1017.7443237305 1016.6329345703 1015.5236206055 1014.4160766602 1013.3103027344 1012.2064208984 1011.1038208008 1010.0022583008 1008.9014892578 1007.8023071289 1006.7041015625 1005.6069335938 1004.5104980469 1003.4143066406
1056.5771484375 1055.2271728516 1053.890625 1052.5655517578 1051.2518310547 1049.9493408203 1048.6600341797 1047.3820800781 1046.1140136719 1044.85546875 1043.6065673828 1042.3690185547 1041.1405029297 1039.9201660156 1038.7078857422 1037.5036621094 1036.3087158203 1035.1208496094 1033.939453125 1032.7644042969 1031.5961914062 1030.4349365234 1029.2790527344 1028.1281738281 1026.9818115234 1025.8405761719 1024.7043457031 1023.5718994141 1022.4431152344 1021.3177490234 1020.1962280273 1019.0778808594 1017.9621582031 1016.8488769531 1015.7379760742 1014.6298828125 1013.5235595703 1012.4190673828 1011.3162231445 1010.2150268555 1009.1154785156 1008.0165405273 1006.9188232422 1005.8225097656 1004.7276000977 1003.6333007812 1002.5393066406
1055.6936035156 1054.3409423828 1053.0003662109 1051.6727294922 1050.3591308594 1049.0563964844 1047.7642822266 1046.4827880859 1045.2132568359 1043.9548339844 1042.7055664062 1041.4655761719 1040.2342529297 1039.0130615234 1037.8010253906 1036.5965576172 1035.3994140625 1034.2094726562 1033.0280761719 1031.8533935547 1030.6850585938 1029.5224609375 1028.365234375 1027.2147216797 1026.0689697266 1024.9278564453 1023.7910766602 1022.6585693359 1021.5308837891 1020.4066162109 1019.2854614258 1018.1674194336 1017.0524291992 1015.9407958984 1014.8314819336 1013.7243652344 1012.6192626953 1011.5161743164 1010.4154052734 1009.3161010742 1008.2180175781 1007.1209716797 1006.0256958008 1004.931640625 1003.8388671875 1002.7469482422 1001.6552734375
1054.7602539062 1053.4080810547 1052.0693359375 1050.7420654297 1049.4261474609 1048.1215820312 1046.8304443359 1045.5506591797 1044.2807617188 1043.0202636719 1041.7698974609 1040.5307617188 1039.3006591797 1038.0789794922 1036.8654785156 1035.6602783203 1034.4643554688 1033.2757568359 1032.0938720703 1030.9184570312 1029.75 1028.5886230469 1027.4326171875 1026.2819824219 1025.1362304688 1023.9959106445 1022.8607788086 1021.7296142578 1020.6022338867 1019.478515625 1018.3587036133 1017.2426147461 1016.1293334961 1015.0188598633 1013.9108886719 1012.8055419922 1011.7028198242 1010.6018066406 1009.5026855469 1008.4053344727 1007.3094482422 1006.2152709961 1005.1224365234 1004.0308227539 1002.9404296875 1001.8509521484 1000.7621459961
1053.7891845703 1052.4377441406 1051.0981445312 1049.771484375 1048.4577636719 1047.1558837891 1045.8649902344 1044.5845947266 1043.3150634766 1042.0568847656 1040.8084716797 1039.5689697266 1038.3386230469 1037.1175537109 1035.90625 1034.7027587891 1033.5068359375 1032.318359375 1031.1374511719 1029.9641113281 1028.796875 1027.6356201172 1026.4803466797 1025.3311767578 1024.1875 1023.0485839844 1021.9141235352 1020.783996582 1019.6583862305 1018.5370483398 1017.4190673828 1016.3043212891 1015.1926269531 1014.0842285156 1012.9788208008 1011.875793457 1010.7749633789 1009.6757202148 1008.5792236328 1007.4847412109 1006.3917236328 1005.2999267578 1004.2092285156 1003.1204833984 1002.0332641602 1000.9468994141 999.86083984375
1052.7752685547 1051.4259033203 1050.0905761719 1048.7669677734 1047.4545898438 1046.1544189453 1044.8654785156 1043.5885009766 1042.3214111328 1041.0639648438 1039.8168945312 1038.5791015625 1037.3519287109 1036.1330566406 1034.9224853516 1033.7204589844 1032.5262451172 1031.3403320312 1030.1611328125 1028.9887695312 1027.8229980469 1026.6638183594 1025.5111083984 1024.3636474609 1023.2213134766 1022.0838623047 1020.9517211914 1019.8242797852 1018.7008056641 1017.5811157227 1016.4649047852 1015.3527832031 1014.2440185547 1013.1381225586 1012.0347290039 1010.9337158203 1009.8358764648 1008.7401123047 1007.6460571289 1006.553894043 1005.4631958008 1004.3748779297 1003.287902832 1002.2020874023 1001.1174316406 1000.0336303711 998.95104980469
1051.7222900391 1050.3778076172 1049.0456542969 1047.7250976562 1046.4161376953 1045.12109375 1043.8358154297 1042.5609130859 1041.2963867188 1040.0419921875 1038.7985839844 1037.5642089844 1036.3391113281 1035.1225585938 1033.9146728516 1032.7156982422 1031.5241699219 1030.3400878906 1029.1628417969 1027.9934082031 1026.8306884766 1025.6740722656 1024.5233154297 1023.3778076172 1022.2384643555 1021.1042480469 1019.974609375 1018.8491821289 1017.7278442383 1016.611328125 1015.4985351562 1014.3890380859 1013.2824707031 1012.1788330078 1011.0790405273 1009.9816894531 1008.8864746094 1007.7932128906 1006.7017822266 1005.6134033203 1004.5267333984 1003.4411621094 1002.3567504883 1001.2738647461 1000.1934814453 999.11358642578 998.03381347656
1050.6304931641 1049.2905273438 1047.9631347656 1046.6491699219 1045.3464355469 1044.0548095703 1042.7730712891 1041.5023193359 1040.2429199219 1038.9935302734 1037.7531738281 1036.5217285156 1035.3001708984 1034.0880126953 1032.8840332031 1031.6878662109 1030.4990234375 1029.318359375 1028.1455078125 1026.9792480469 1025.8192138672 1024.6650390625 1023.5180053711 1022.3764648438 1021.2399902344 1020.1082763672 1018.9811401367 1017.8597412109 1016.7423095703 1015.6285400391 1014.5183105469 1013.4115600586 1012.3090820312 1011.2094726562 1010.1122436523 1009.017578125 1007.9255981445 1006.8366088867 1005.7490844727 1004.6634521484 1003.5795288086 1002.4976196289 1001.4177246094 1000.3386230469 999.26098632812 998.18402099609 997.10833740234
1049.4985351562 1048.1677246094 1046.8481445312 1045.5394287109 1044.2415771484 1042.9554443359 1041.6805419922 1040.4157714844 1039.1605224609 1037.9149169922 1036.6799316406 1035.4547119141 1034.2379150391 1033.0294189453 1031.8287353516 1030.6375732422 1029.4539794922 1028.27734375 1027.1076660156 1025.9444580078 1024.7893066406 1023.6400146484 1022.4962158203 1021.3576660156 1020.2244262695 1019.0974121094 1017.9747314453 1016.856262207 1015.7418212891 1014.6315307617 1013.5259399414 1012.4233398438 1011.3237915039 1010.2271728516 1009.1338500977 1008.043762207 1006.9556274414 1005.8695678711 1004.7855224609 1003.7040405273 1002.6245727539 1001.5463256836 1000.4694213867 999.39385986328 998.32086181641 997.24822998047 996.17602539062
1048.3330078125 1047.0087890625 1045.6953125 1044.3950195312 1043.1060791016 1041.8270263672 1040.5576171875 1039.2978515625 1038.0499267578 1036.8118896484 1035.5825195312 1034.3618164062 1033.1494140625 1031.9475097656 1030.7535400391 1029.5666503906 1028.3868408203 1027.2143554688 1026.0506591797 1024.8933105469 1023.7418212891 1022.5961914062 1021.4565429688 1020.323425293 1019.1951904297 1018.0715942383 1016.9524536133 1015.8382568359 1014.7288208008 1013.6229858398 1012.520690918 1011.4216918945 1010.3267211914 1009.2348022461 1008.1455078125 1007.0587768555 1005.9743652344 1004.8931274414 1003.813659668 1002.7359619141 1001.6599121094 1000.5855102539 999.51348876953 998.44244384766 997.37274169922 996.30389404297 995.23571777344
1047.1282958984 1045.8149414062 1044.5128173828 1043.220703125 1041.9384765625 1040.6657714844 1039.4057617188 1038.1552734375 1036.9138183594 1035.6812744141 1034.4575195312 1033.2449951172 1032.0405273438 1030.84375 1029.6545410156 1028.4732666016 1027.3002929688 1026.1343994141 1024.9750976562 1023.8220825195 1022.6758422852 1021.5364379883 1020.40234375 1019.2733154297 1018.149230957 1017.0307006836 1015.917175293 1014.807800293 1013.7023925781 1012.6006469727 1011.5032958984 1010.4095458984 1009.3187866211 1008.2309570312 1007.1458129883 1006.0639648438 1004.9844970703 1003.907409668 1002.8323974609 1001.7584838867 1000.6872558594 999.61755371094 998.54925537109 997.482421875 996.41741943359 995.35290527344 994.28924560547
1045.8898925781 1044.5864257812 1043.29296875 1042.0090332031 1040.7379150391 1039.4763183594 1038.2238769531 1036.98046875 1035.7463378906 1034.5235595703 1033.3090820312 1032.1026611328 1030.9041748047 1029.7142333984 1028.5333251953 1027.3591308594 1026.1918945312 1025.0316162109 1023.8785400391 1022.7327880859 1021.5927734375 1020.4584350586 1019.3291625977 1018.2060546875 1017.0884399414 1015.9753417969 1014.8665771484 1013.76171875 1012.6618652344 1011.5660400391 1010.4736328125 1009.3844604492 1008.2979736328 1007.2155761719 1006.135925293 1005.0586547852 1003.9837646484 1002.9110107422 1001.8410644531 1000.7725219727 999.70568847656 998.64050292969 997.57635498047 996.51477050781 995.45416259766 994.39428710938 993.33520507812
