models/elk/data/raw/lf_surfaces/bottom_of_aquifer.grd
DSAA
219 359
2599537.1289303 2743417.1289303
233652.36819342 469932.36819342
895.95629882812 1543.3548583984
[rows 21 to 41 of 359, columns 94 to 140 of 219]
1180.2492675781 1176.7543945312 1173.3392333984 1169.9945068359 1166.7154541016 1163.5037841797 1160.3615722656 1157.3106689453 1154.3344726562 1151.4305419922 1148.599609375 1145.8452148438 1143.1877441406 1140.6052246094 1138.0971679688 1135.6634521484 1133.3110351562 1131.0515136719 1128.8651123047 1126.7512207031 1124.7092285156 1122.7492675781 1120.8725585938 1119.0642089844 1117.3229980469 1115.6478271484 1114.0513916016 1112.5255126953 1111.0603027344 1109.6541748047 1108.3056640625 1107.0280761719 1105.806640625 1104.6357421875 1103.5133056641 1102.4376220703 1101.4208984375 1100.4445800781 1099.5061035156 1098.603515625 1097.736328125 1096.9079589844 1096.1052246094 1095.3262939453 1094.5687255859 1093.8328857422 1093.1145019531
1178.3388671875 1174.8302001953 1171.3907470703 1168.0161132812 1164.7186279297 1161.5048828125 1158.3625488281 1155.2924804688 1152.2956542969 1149.3869628906 1146.5659179688 1143.8206787109 1141.1517333984 1138.5592041016 1136.0607910156 1133.6479492188 1131.3111572266 1129.0501708984 1126.8645019531 1124.7734375 1122.7614746094 1120.8218994141 1118.9538574219 1117.1571044922 1115.4489746094 1113.8110351562 1112.2385253906 1110.7303466797 1109.2858886719 1107.9208984375 1106.6142578125 1105.3636474609 1104.1671142578 1103.0252685547 1101.9473876953 1100.9157714844 1099.9282226562 1098.9825439453 1098.0789794922 1097.220703125 1096.3946533203 1095.5983886719 1094.8292236328 1094.0860595703 1093.3685302734 1092.6677246094 1091.9810791016
1176.4133300781 1172.8807373047 1169.4261474609 1166.0446777344 1162.7331542969 1159.4930419922 1156.3319091797 1153.2590332031 1150.267578125 1147.3529052734 1144.5155029297 1141.7635498047 1139.1043701172 1136.5290527344 1134.0323486328 1131.6142578125 1129.2823486328 1127.0435791016 1124.8852539062 1122.8033447266 1120.7971191406 1118.8720703125 1117.0373535156 1115.2752685547 1113.5834960938 1111.9608154297 1110.4119873047 1108.9444580078 1107.5399169922 1106.1970214844 1104.9141845703 1103.6947021484 1102.54296875 1101.443359375 1100.3939208984 1099.3923339844 1098.4412841797 1097.5413818359 1096.6801757812 1095.8552246094 1095.0618896484 1094.3039550781 1093.578125 1092.8748779297 1092.1916503906 1091.5218505859 1090.8704833984
1174.4926757812 1170.9459228516 1167.4620361328 1164.0517578125 1160.7272949219 1157.4812011719 1154.314453125 1151.2244873047 1148.2163085938 1145.2973632812 1142.4671630859 1139.7208251953 1137.0550537109 1134.4758300781 1131.9838867188 1129.5867919922 1127.2713623047 1125.0358886719 1122.8854980469 1120.8177490234 1118.8433837891 1116.9450683594 1115.1217041016 1113.376953125 1111.7092285156 1110.1258544922 1108.6108398438 1107.1625976562 1105.7827148438 1104.4721679688 1103.2331542969 1102.0523681641 1100.9278564453 1099.8575439453 1098.8468017578 1097.8919677734 1096.9825439453 1096.1154785156 1095.2858886719 1094.5026855469 1093.7569580078 1093.0405273438 1092.3488769531 1091.6766357422 1091.0333251953 1090.4069824219 1089.7926025391
1172.5620117188 1168.9898681641 1165.4912109375 1162.0694580078 1158.7241210938 1155.4543457031 1152.2781982422 1149.1799316406 1146.171875 1143.2467041016 1140.4057617188 1137.6595458984 1134.9956054688 1132.4291992188 1129.9461669922 1127.5496826172 1125.2434082031 1123.021484375 1120.8944091797 1118.8477783203 1116.8843994141 1115.0030517578 1113.2039794922 1111.4919433594 1109.8533935547 1108.2902832031 1106.7985839844 1105.3837890625 1104.0443115234 1102.7686767578 1101.5568847656 1100.404296875 1099.3203125 1098.2967529297 1097.3250732422 1096.4017333984 1095.5239257812 1094.7023925781 1093.9234619141 1093.1809082031 1092.4677734375 1091.7838134766 1091.1389160156 1090.5159912109 1089.9099121094 1089.3132324219 1088.7290039062
1170.6348876953 1167.0367431641 1163.5111083984 1160.0720214844 1156.7133789062 1153.4313964844 1150.2396240234 1147.1293945312 1144.1157226562 1141.1866455078 1138.3432617188 1135.5968017578 1132.9362792969 1130.3746337891 1127.8972167969 1125.5095214844 1123.2181396484 1121.0129394531 1118.8994140625 1116.8669433594 1114.923828125 1113.0703125 1111.2977294922 1109.6063232422 1107.9892578125 1106.45703125 1105.0034179688 1103.6214599609 1102.3083496094 1101.0596923828 1099.8884277344 1098.7818603516 1097.7341308594 1096.7412109375 1095.8006591797 1094.9263916016 1094.0999755859 1093.3153076172 1092.5697021484 1091.8620605469 1091.2017822266 1090.5704345703 1089.9591064453 1089.3685302734 1088.7984619141 1088.2501220703 1087.7098388672
1168.6955566406 1165.080078125 1161.537109375 1158.0704345703 1154.6898193359 1151.4000244141 1148.1990966797 1145.0808105469 1142.0501708984 1139.115234375 1136.2789306641 1133.533203125 1130.8742675781 1128.3098144531 1125.8425292969 1123.4742431641 1121.1931152344 1118.9973144531 1116.8973388672 1114.8897705078 1112.9741210938 1111.1389160156 1109.3829345703 1107.7199707031 1106.1398925781 1104.6390380859 1103.2100830078 1101.8514404297 1100.5791015625 1099.3760986328 1098.23828125 1097.1613769531 1096.1442871094 1095.2014160156 1094.3117675781 1093.4716796875 1092.6784667969 1091.9331054688 1091.2419433594 1090.5849609375 1089.958984375 1089.3619384766 1088.7951660156 1088.2574462891 1087.7298583984 1087.2121582031 1086.7025146484
1166.76171875 1163.1096191406 1159.5444335938 1156.0701904297 1152.6760253906 1149.3635253906 1146.1395263672 1143.0168457031 1139.9907226562 1137.0522460938 1134.2021484375 1131.4505615234 1128.8052978516 1126.2554931641 1123.794921875 1121.4233398438 1119.1540527344 1116.9871826172 1114.9095458984 1112.9171142578 1111.0090332031 1109.2016601562 1107.4859619141 1105.8498535156 1104.2912597656 1102.8092041016 1101.4213867188 1100.1096191406 1098.8668212891 1097.6910400391 1096.5841064453 1095.5562744141 1094.5888671875 1093.6781005859 1092.8212890625 1092.0224609375 1091.2833251953 1090.5867919922 1089.9306640625 1089.3118896484 1088.7346191406 1088.1910400391 1087.66796875 1087.1641845703 1086.67578125 1086.2053222656 1085.7379150391
1164.818359375 1161.1522216797 1157.5633544922 1154.0539550781 1150.6356201172 1147.3223876953 1144.0958251953 1140.9572753906 1137.9078369141 1134.9649658203 1132.1296386719 1129.3861083984 1126.7346191406 1124.1752929688 1121.7305908203 1119.3870849609 1117.1342773438 1114.9714355469 1112.8977050781 1110.9384765625 1109.0688476562 1107.2836914062 1105.5814208984 1103.9638671875 1102.4487304688 1101.0115966797 1099.6494140625 1098.3601074219 1097.1485595703 1096.0225830078 1094.9621582031 1093.96484375 1093.0284423828 1092.1599121094 1091.3565673828 1090.6044921875 1089.9010009766 1089.2431640625 1088.6376953125 1088.0727539062 1087.5401611328 1087.0360107422 1086.5563964844 1086.1036376953 1085.6613769531 1085.2265625 1084.7951660156
1162.8721923828 1159.1657714844 1155.5617675781 1152.0455322266 1148.6145019531 1145.2702636719 1142.0157470703 1138.8804931641 1135.8400878906 1132.8929443359 1130.0400390625 1127.2849121094 1124.654296875 1122.1188964844 1119.6779785156 1117.3311767578 1115.0849609375 1112.9561767578 1110.9180908203 1108.9696044922 1107.1094970703 1105.3466796875 1103.6876220703 1102.1108398438 1100.6147460938 1099.1977539062 1097.8702392578 1096.6301269531 1095.4614257812 1094.3623046875 1093.3305664062 1092.3774414062 1091.4940185547 1090.6693115234 1089.9007568359 1089.1860351562 1088.5335693359 1087.9311523438 1087.3703613281 1086.8480224609 1086.3594970703 1085.9084472656 1085.4809570312 1085.0704345703 1084.6722412109 1084.2790527344 1083.8885498047
1160.9208984375 1157.2012939453 1153.5639648438 1150.0109863281 1146.5603027344 1143.2145996094 1139.9619140625 1136.8029785156 1133.7391357422 1130.7893066406 1127.9521484375 1125.2126464844 1122.5710449219 1120.0284423828 1117.6011962891 1115.2847900391 1113.0640869141 1110.9381103516 1108.908203125 1106.9869384766 1105.1678466797 1103.4370117188 1101.7926025391 1100.2358398438 1098.7777099609 1097.4084472656 1096.1168212891 1094.9008789062 1093.7606201172 1092.7073974609 1091.7279052734 1090.8138427734 1089.9631347656 1089.1732177734 1088.4577636719 1087.7983398438 1087.1896972656 1086.6287841797 1086.1086425781 1085.6439208984 1085.2122802734 1084.8092041016 1084.4300537109 1084.0616455078 1083.7133789062 1083.3669433594 1083.0173339844
1158.9613037109 1155.2099609375 1151.5532226562 1147.9927978516 1144.5229492188 1141.1459960938 1137.8763427734 1134.7124023438 1131.658203125 1128.7036132812 1125.8493652344 1123.1090087891 1120.4788818359 1117.9609375 1115.5432128906 1113.2249755859 1111.0174560547 1108.9182128906 1106.9241943359 1105.0240478516 1103.2175292969 1101.5091552734 1099.9035644531 1098.3905029297 1096.9611816406 1095.6151123047 1094.3520507812 1093.18359375 1092.0924072266 1091.0731201172 1090.1246337891 1089.2436523438 1088.4473876953 1087.7120361328 1087.0352783203 1086.4136962891 1085.8460693359 1085.3428955078 1084.8836669922 1084.4649658203 1084.0770263672 1083.7211914062 1083.3988037109 1083.0913085938 1082.7919921875 1082.4835205078 1082.1713867188
1157.0080566406 1153.2321777344 1149.5437011719 1145.9530029297 1142.4678955078 1139.0817871094 1135.8023681641 1132.6231689453 1129.5554199219 1126.5981445312 1123.7523193359 1121.0192871094 1118.3903808594 1115.8756103516 1113.4676513672 1111.1750488281 1108.9906005859 1106.9058837891 1104.9285888672 1103.0483398438 1101.2801513672 1099.6080322266 1098.0260009766 1096.5388183594 1095.1362304688 1093.8377685547 1092.6201171875 1091.4810791016 1090.4207763672 1089.435546875 1088.5393066406 1087.7105712891 1086.9476318359 1086.2475585938 1085.6123046875 1085.0480957031 1084.5373535156 1084.0755615234 1083.6571044922 1083.2875976562 1082.9644775391 1082.6716308594 1082.3967285156 1082.1325683594 1081.8826904297 1081.6329345703 1081.3690185547
1155.0406494141 1151.2429199219 1147.5336914062 1143.9216308594 1140.4116210938 1137.005859375 1133.7166748047 1130.5291748047 1127.4559326172 1124.4951171875 1121.6486816406 1118.9191894531 1116.2954101562 1113.7939453125 1111.4031982422 1109.1252441406 1106.9562988281 1104.8880615234 1102.94140625 1101.0943603516 1099.3504638672 1097.7022705078 1096.1472167969 1094.7016601562 1093.3426513672 1092.0727539062 1090.8843994141 1089.7800292969 1088.7685546875 1087.8306884766 1086.9670410156 1086.1713867188 1085.4501953125 1084.8048095703 1084.2204589844 1083.6934814453 1083.2204589844 1082.8098144531 1082.4553222656 1082.1427001953 1081.86328125 1081.6147460938 1081.4027099609 1081.2104492188 1081.0162353516 1080.8062744141 1080.5792236328
1153.0891113281 1149.2507324219 1145.5085449219 1141.8837890625 1138.3581542969 1134.9329833984 1131.6229248047 1128.4259033203 1125.3552246094 1122.392578125 1119.5385742188 1116.8129882812 1114.2044677734 1111.7174072266 1109.337890625 1107.0668945312 1104.9232177734 1102.8896484375 1100.96484375 1099.1392822266 1097.4165039062 1095.8076171875 1094.2963867188 1092.8781738281 1091.546875 1090.3090820312 1089.1678466797 1088.1096191406 1087.1290283203 1086.2225341797 1085.3994140625 1084.6558837891 1083.9808349609 1083.3697509766 1082.8200683594 1082.3435058594 1081.9298095703 1081.5671386719 1081.2525634766 1080.9825439453 1080.7687988281 1080.5910644531 1080.4313964844 1080.2866210938 1080.1473388672 1080.0093994141 1079.8337402344
1151.1245117188 1147.2668457031 1143.5032958984 1139.8369140625 1136.2835693359 1132.8563232422 1129.5400390625 1126.3327636719 1123.2365722656 1120.2713623047 1117.4393310547 1114.7202148438 1112.1136474609 1109.6237792969 1107.2663574219 1105.0323486328 1102.9060058594 1100.8857421875 1098.9783935547 1097.1923828125 1095.5129394531 1093.9294433594 1092.4398193359 1091.0538330078 1089.7712402344 1088.5773925781 1087.4658203125 1086.4344482422 1085.4954833984 1084.6411132812 1083.8599853516 1083.1484375 1082.5041503906 1081.9421386719 1081.4473876953 1081.0122070312 1080.6339111328 1080.3100585938 1080.056640625 1079.8479003906 1079.6796875 1079.5471191406 1079.4465332031 1079.3822021484 1079.3094482422 1079.2186279297 1079.091796875
1149.16796875 1145.2615966797 1141.4758300781 1137.802734375 1134.2348632812 1130.7744140625 1127.4271240234 1124.2235107422 1121.1413574219 1118.1750488281 1115.3250732422 1112.5989990234 1110.0208740234 1107.560546875 1105.2142333984 1102.9808349609 1100.8709716797 1098.8961181641 1097.0268554688 1095.2609863281 1093.5964355469 1092.0477294922 1090.6103515625 1089.2645263672 1088.0078125 1086.8375244141 1085.7711181641 1084.7932128906 1083.8924560547 1083.0665283203 1082.3135986328 1081.6522216797 1081.0606689453 1080.5341796875 1080.0706787109 1079.6700439453 1079.3463134766 1079.0773925781 1078.8602294922 1078.6920166016 1078.5736083984 1078.5052490234 1078.4665527344 1078.4509277344 1078.4476318359 1078.4471435547 1078.3760986328
1147.2071533203 1143.2857666016 1139.4645996094 1135.7471923828 1132.1518554688 1128.6928710938 1125.3491210938 1122.1223144531 1119.0140380859 1116.0472412109 1113.2215576172 1110.5164794922 1107.9313964844 1105.4656982422 1103.1448974609 1100.9536132812 1098.8756103516 1096.9089355469 1095.0513916016 1093.3291015625 1091.7161865234 1090.2022705078 1088.7847900391 1087.4614257812 1086.2570800781 1085.1403808594 1084.1071777344 1083.1546630859 1082.2828369141 1081.5098876953 1080.8084716797 1080.1768798828 1079.6129150391 1079.1201171875 1078.7071533203 1078.3548583984 1078.0611572266 1077.8240966797 1077.6480712891 1077.5329589844 1077.4633789062 1077.4353027344 1077.4445800781 1077.4895019531 1077.5589599609 1077.6286621094 1077.6439208984
1145.244140625 1141.2749023438 1137.4342041016 1133.7086181641 1130.095703125 1126.5983886719 1123.2266845703 1120.0029296875 1116.9107666016 1113.9431152344 1111.1004638672 1108.3914794922 1105.8341064453 1103.4058837891 1101.0988769531 1098.9112548828 1096.8489990234 1094.9285888672 1093.1214599609 1091.4217529297 1089.8267822266 1088.3408203125 1086.978515625 1085.7093505859 1084.5303955078 1083.4389648438 1082.4410400391 1081.5423583984 1080.7203369141 1079.9727783203 1079.2976074219 1078.7026367188 1078.1873779297 1077.7364501953 1077.3483886719 1077.0222167969 1076.7658691406 1076.5743408203 1076.4362792969 1076.3494873047 1076.3109130859 1076.3249511719 1076.3804931641 1076.4674072266 1076.5802001953 1076.7132568359 1076.8529052734
1143.2900390625 1139.2998046875 1135.4162597656 1131.6442871094 1128.0128173828 1124.5115966797 1121.1391601562 1117.8930664062 1114.7789306641 1111.8114013672 1108.9923095703 1106.3059082031 1103.748046875 1101.3229980469 1099.0334472656 1096.8919677734 1094.8697509766 1092.9641113281 1091.1774902344 1089.5098876953 1087.9699707031 1086.5316162109 1085.1917724609 1083.951171875 1082.8116455078 1081.7752685547 1080.8217773438 1079.9486083984 1079.1560058594 1078.4483642578 1077.8221435547 1077.2637939453 1076.7712402344 1076.3466796875 1075.9952392578 1075.7097167969 1075.4819335938 1075.3106689453 1075.1967773438 1075.1444091797 1075.1414794922 1075.1804199219 1075.2567138672 1075.365234375 1075.4996337891 1075.630859375 1075.7100830078
1141.330078125 1137.3051757812 1133.3955078125 1129.6109619141 1125.9498291016 1122.4133300781 1119.0277099609 1115.7733154297 1112.6723632812 1109.7064208984 1106.8763427734 1104.1993408203 1101.6566162109 1099.267578125 1097.0072021484 1094.8758544922 1092.8776855469 1091.0056152344 1089.2680664062 1087.6416015625 1086.1258544922 1084.7186279297 1083.4217529297 1082.2337646484 1081.1363525391 1080.1286621094 1079.2067871094 1078.3778076172 1077.6330566406 1076.9605712891 1076.3602294922 1075.8284912109 1075.3751220703 1074.9877929688 1074.6600341797 1074.3944091797 1074.1867675781 1074.0466308594 1073.9593505859 1073.9212646484 1073.93359375 1073.9880371094 1074.083984375 1074.2028808594 1074.3333740234 1074.4554443359 1074.5249023438
