models/elk/data/raw/lf_surfaces/bottom_of_aquifer.grd
DSAA
219 359
2599537.1289303 2743417.1289303
233652.36819342 469932.36819342
895.95629882812 1543.3548583984
[rows 273 to 293 of 359, columns 47 to 93 of 219]
1142.8924560547 1139.6671142578 1136.3936767578 1133.0594482422 1129.6187744141 1126.0415039062 1122.2996826172 1118.318359375 1114.1501464844 1110.0689697266 1106.173828125 1102.5850830078 1099.4442138672 1097.1575927734 1095.5653076172 1094.3111572266 1093.1594238281 1091.9307861328 1090.4515380859 1089.1676025391 1088.3796386719 1088.4365234375 1090.0249023438 1094.4924316406 1101.2329101562 1109.4254150391 1118.0681152344 1125.6350097656 1126.8420410156 1123.5531005859 1118.8863525391 1117.1363525391 1117.5899658203 1117.4876708984 1116.8511962891 1115.658203125 1113.8841552734 1111.5288085938 1108.6899414062 1105.5018310547 1102.0755615234 1098.5819091797 1095.1947021484 1092.0153808594 1089.0050048828 1086.1171875 1083.3090820312
1142.7852783203 1139.5762939453 1136.3326416016 1133.0452880859 1129.6909179688 1126.1883544922 1122.310546875 1118.0665283203 1113.5635986328 1108.9559326172 1104.474609375 1100.4271240234 1096.9727783203 1094.4127197266 1093.0231933594 1092.8873291016 1092.5524902344 1091.8045654297 1090.6806640625 1089.4002685547 1088.373046875 1087.8359375 1088.681640625 1091.8065185547 1098.3420410156 1107.71875 1116.9216308594 1124.2250976562 1127.4996337891 1124.2325439453 1120.2995605469 1118.4222412109 1117.6949462891 1117.1328125 1116.1596679688 1114.6832275391 1112.7678222656 1110.4285888672 1107.6906738281 1104.5563964844 1101.1728515625 1097.7359619141 1094.3420410156 1091.0610351562 1087.9392089844 1084.9571533203 1082.0676269531
1142.6512451172 1139.4448242188 1136.2125244141 1132.9711914062 1129.7036132812 1126.2982177734 1122.5432128906 1118.1079101562 1113.0035400391 1107.9224853516 1103.0572509766 1098.5043945312 1094.3599853516 1091.5299072266 1091.1458740234 1092.0548095703 1092.9420166016 1092.7083740234 1091.3529052734 1089.8587646484 1088.4346923828 1087.1877441406 1086.4422607422 1088.5446777344 1095.7330322266 1105.6383056641 1115.2241210938 1122.2454833984 1124.5325927734 1123.8681640625 1121.7032470703 1119.5778808594 1118.2381591797 1116.9464111328 1115.5025634766 1113.8023681641 1111.7956542969 1109.3583984375 1106.5576171875 1103.4346923828 1100.0687255859 1096.58984375 1093.1662597656 1089.8565673828 1086.6650390625 1083.5877685547 1080.6204833984
1142.4945068359 1139.2277832031 1135.9384765625 1132.6661376953 1129.4467773438 1126.2913818359 1122.7794189453 1117.9455566406 1112.3306884766 1106.8303222656 1101.7847900391 1097.21875 1093.0178222656 1090.1062011719 1089.9835205078 1092.7012939453 1094.5115966797 1094.3422851562 1092.4028320312 1090.1553955078 1088.5222167969 1087.6907958984 1087.34375 1088.4974365234 1095.5914306641 1105.5447998047 1114.1284179688 1120.2687988281 1123.3685302734 1123.431640625 1121.9381103516 1120.1809082031 1118.3801269531 1116.6218261719 1114.8485107422 1112.8078613281 1110.5567626953 1108.0931396484 1105.3658447266 1102.1690673828 1098.6252441406 1095.0899658203 1091.6285400391 1088.2774658203 1085.0671386719 1081.978515625 1078.9769287109
1142.2722167969 1138.8854980469 1135.4638671875 1132.0744628906 1128.708984375 1125.4366455078 1121.9075927734 1116.9901123047 1110.9986572266 1105.6219482422 1100.8768310547 1096.7203369141 1093.1339111328 1090.9836425781 1091.7897949219 1094.2825927734 1097.6677246094 1097.0538330078 1093.2691650391 1090.1898193359 1088.8776855469 1089.3170166016 1090.7951660156 1093.7830810547 1099.4007568359 1106.7934570312 1114.41015625 1120.0341796875 1122.3345947266 1122.7072753906 1121.7415771484 1119.9973144531 1118.0534667969 1115.97265625 1113.7890625 1111.4838867188 1109.0646972656 1106.5095214844 1103.6882324219 1100.3676757812 1096.7135009766 1093.1236572266 1089.6683349609 1086.3717041016 1083.1864013672 1080.0921630859 1077.0833740234
1142.0546875 1138.5303955078 1134.8510742188 1131.1042480469 1127.3653564453 1123.6727294922 1119.5645751953 1114.5174560547 1109.0904541016 1104.1818847656 1099.9251708984 1096.4322509766 1093.8714599609 1092.4420166016 1092.7969970703 1095.0041503906 1097.8979492188 1096.7697753906 1092.5540771484 1089.1419677734 1088.1727294922 1090.4038085938 1093.646484375 1097.6373291016 1102.6696777344 1109.2005615234 1115.1798095703 1119.65234375 1122.0290527344 1122.2770996094 1121.1638183594 1119.2481689453 1117.0861816406 1114.7944335938 1112.4040527344 1109.8572998047 1107.0999755859 1104.2132568359 1101.2237548828 1097.7963867188 1094.1563720703 1090.6461181641 1087.2984619141 1084.0815429688 1080.9627685547 1077.9385986328 1074.9677734375
1141.8591308594 1138.0688476562 1134.1354980469 1130.1025390625 1125.9293212891 1121.5831298828 1117.0903320312 1112.2052001953 1107.0795898438 1102.8074951172 1099.3752441406 1096.4548339844 1094.2357177734 1093.0310058594 1093.001953125 1093.5537109375 1094.2829589844 1093.2703857422 1090.3011474609 1088.1884765625 1088.3958740234 1091.3293457031 1095.2041015625 1099.8344726562 1105.3620605469 1111.1324462891 1116.5302734375 1120.4869384766 1122.3199462891 1121.7630615234 1120.0454101562 1117.9276123047 1115.6091308594 1113.1968994141 1110.5843505859 1107.7183837891 1104.6796875 1101.4935302734 1098.0748291016 1094.5321044922 1091.0135498047 1087.6246337891 1084.4119873047 1081.4107666016 1078.4737548828 1075.5308837891 1072.6048583984
1141.7697753906 1137.8184814453 1133.5242919922 1128.9709472656 1124.3898925781 1119.7552490234 1115.0336914062 1110.3386230469 1105.9650878906 1102.1188964844 1098.9792480469 1096.3685302734 1094.4268798828 1093.0124511719 1092.2819824219 1091.9462890625 1091.3973388672 1090.1190185547 1088.7331542969 1087.9212646484 1089.029296875 1092.0946044922 1096.5355224609 1101.720703125 1107.3415527344 1113.0895996094 1118.3145751953 1121.9963378906 1122.6525878906 1121.1901855469 1118.5631103516 1115.8610839844 1113.5526123047 1111.1450195312 1108.4506835938 1105.423828125 1101.9445800781 1098.2135009766 1094.5103759766 1090.8337402344 1087.2788085938 1084.0703125 1081.2049560547 1078.4324951172 1075.6651611328 1072.853515625 1070.0262451172
1141.9172363281 1137.6431884766 1133.0252685547 1128.1614990234 1123.1430664062 1118.0744628906 1113.3459472656 1108.9509277344 1104.9768066406 1101.5822753906 1098.8647460938 1096.5552978516 1094.6082763672 1092.9971923828 1091.6146240234 1090.1691894531 1088.8515625 1087.5783691406 1086.6690673828 1087.0036621094 1089.2136230469 1092.8753662109 1097.5697021484 1102.9749755859 1108.8380126953 1114.6296386719 1119.7612304688 1123.3630371094 1124.2874755859 1119.5870361328 1115.6772460938 1112.9956054688 1110.8957519531 1108.8909912109 1106.271484375 1102.8009033203 1098.9035644531 1094.7774658203 1090.6015625 1086.5897216797 1083.0886230469 1080.0480957031 1077.4311523438 1075.1550292969 1072.6779785156 1069.9761962891 1067.2233886719
1142.2348632812 1137.8450927734 1132.9332275391 1127.5345458984 1122.0687255859 1116.7673339844 1111.8560791016 1107.6235351562 1104.2788085938 1101.4354248047 1099.0009765625 1096.8781738281 1094.9696044922 1093.0988769531 1091.1458740234 1089.091796875 1086.9929199219 1085.1176757812 1084.7163085938 1086.0059814453 1088.8742675781 1093.0505371094 1098.1892089844 1103.8610839844 1109.7377929688 1115.4349365234 1120.5002441406 1123.6489257812 1121.4263916016 1116.1513671875 1111.0368652344 1108.8259277344 1108.1516113281 1106.6423339844 1104.0430908203 1100.3421630859 1095.7618408203 1090.8942871094 1086.2752685547 1082.0225830078 1078.2857666016 1075.2593994141 1073.2053222656 1071.3817138672 1069.3133544922 1066.86328125 1064.2445068359
1143.0848388672 1138.3872070312 1133.0844726562 1127.3555908203 1121.3958740234 1115.5344238281 1110.5737304688 1106.7486572266 1103.8211669922 1101.4639892578 1099.4477539062 1097.6002197266 1095.7447509766 1093.736328125 1091.4215087891 1088.6297607422 1085.7041015625 1083.3107910156 1082.3997802734 1084.1225585938 1088.3291015625 1093.283203125 1098.5838623047 1104.1546630859 1110.0897216797 1115.7781982422 1119.8908691406 1120.8793945312 1117.6372070312 1109.5981445312 1105.2736816406 1104.7745361328 1105.4866943359 1105.2825927734 1102.7670898438 1097.8579101562 1092.3386230469 1086.7709960938 1081.5012207031 1076.8165283203 1072.9586181641 1070.0681152344 1068.1832275391 1067.1098632812 1065.7606201172 1063.5914306641 1061.1080322266
1144.134765625 1139.4227294922 1133.8626708984 1127.7353515625 1121.3253173828 1114.9705810547 1109.3983154297 1105.9880371094 1103.9122314453 1102.0899658203 1100.3920898438 1098.7608642578 1097.0826416016 1095.0988769531 1092.4663085938 1089.0991210938 1085.4555664062 1081.9747314453 1080.6053466797 1083.3395996094 1088.1955566406 1093.6062011719 1098.7574462891 1103.7706298828 1109.7947998047 1115.7786865234 1120.7354736328 1121.6170654297 1115.6337890625 1106.5423583984 1101.0920410156 1101.9001464844 1104.2424316406 1104.9219970703 1101.7880859375 1095.2763671875 1088.3786621094 1082.1419677734 1076.4731445312 1071.4210205078 1067.0650634766 1063.7785644531 1062.5032958984 1062.7927246094 1062.6098632812 1060.830078125 1058.1330566406
1145.6472167969 1140.6672363281 1134.8425292969 1128.6499023438 1122.2150878906 1115.5469970703 1109.9401855469 1106.8317871094 1104.9898681641 1103.3264160156 1101.7680664062 1100.263671875 1098.7191162109 1096.9230957031 1094.2648925781 1090.2955322266 1086.3483886719 1083.2844238281 1082.0646972656 1084.3269042969 1088.8244628906 1093.8145751953 1097.7907714844 1102.3580322266 1109.0405273438 1115.8266601562 1121.0213623047 1122.5145263672 1117.1915283203 1104.1003417969 1099.4614257812 1100.7952880859 1103.3062744141 1105.0054931641 1101.0219726562 1091.2692871094 1083.6711425781 1077.1267089844 1071.1530761719 1065.8995361328 1061.3807373047 1057.8446044922 1056.7655029297 1059.0184326172 1060.3774414062 1058.2209472656 1055.2307128906
1146.1571044922 1141.6867675781 1135.9996337891 1129.9809570312 1123.8587646484 1117.9879150391 1112.8041992188 1109.3901367188 1107.1005859375 1105.1805419922 1103.4873046875 1101.9107666016 1100.4069824219 1098.6721191406 1095.4788818359 1091.4815673828 1087.7180175781 1085.0642089844 1084.5074462891 1086.4278564453 1089.4924316406 1093.1027832031 1096.2004394531 1101.3983154297 1108.779296875 1115.8438720703 1120.9956054688 1122.947265625 1116.7143554688 1108.2073974609 1101.6643066406 1101.4896240234 1102.3757324219 1101.3814697266 1095.2899169922 1085.8127441406 1078.4338378906 1071.9476318359 1066.0334472656 1060.8820800781 1056.5738525391 1053.1403808594 1052.5100097656 1054.8316650391 1056.1052246094 1054.6468505859 1051.5987548828
1146.1131591797 1142.0114746094 1137.0980224609 1131.7136230469 1126.0902099609 1120.6656494141 1115.9854736328 1112.3763427734 1109.5129394531 1107.3237304688 1105.41015625 1103.6097412109 1101.7150878906 1099.4425048828 1096.2233886719 1092.2484130859 1088.748046875 1086.5648193359 1086.0631103516 1087.7189941406 1090.4288330078 1093.599609375 1097.6285400391 1102.7901611328 1109.8919677734 1116.5316162109 1121.1041259766 1122.314453125 1118.7351074219 1111.9161376953 1106.6098632812 1103.2807617188 1100.2709960938 1096.6278076172 1090.2462158203 1081.7785644531 1073.9868164062 1067.033203125 1061.1645507812 1056.2302246094 1052.3516845703 1050.0805664062 1049.2369384766 1050.1564941406 1050.7705078125 1049.5363769531 1047.4117431641
1146.2215576172 1142.7333984375 1138.2746582031 1133.3304443359 1128.2150878906 1123.3397216797 1118.9035644531 1115.1865234375 1112.1303710938 1109.5667724609 1107.267578125 1105.0959472656 1102.7882080078 1100.0723876953 1096.5452880859 1092.6811523438 1089.3302001953 1087.2204589844 1086.7215576172 1088.1219482422 1090.9672851562 1094.7923583984 1099.4342041016 1105.1854248047 1111.5750732422 1117.5095214844 1121.9649658203 1123.3251953125 1120.5782470703 1114.9602050781 1109.2341308594 1104.3507080078 1099.6628417969 1094.0051269531 1086.6053466797 1078.2423095703 1069.9975585938 1062.5941162109 1056.4047851562 1051.9490966797 1048.8405761719 1046.9031982422 1046.1651611328 1046.1496582031 1045.8878173828 1044.8958740234 1043.0489501953
1146.5225830078 1143.4904785156 1139.5686035156 1135.0576171875 1130.2982177734 1125.6704101562 1121.3801269531 1117.6115722656 1114.3885498047 1111.6252441406 1109.1038818359 1106.6643066406 1104.0061035156 1100.8118896484 1096.9996337891 1092.9528808594 1089.2208251953 1086.8145751953 1086.5396728516 1088.1297607422 1091.2072753906 1095.5104980469 1101.0628662109 1107.1062011719 1113.1906738281 1118.6716308594 1122.8018798828 1124.0784912109 1121.322265625 1116.4219970703 1110.8930664062 1105.1927490234 1099.0025634766 1092.11328125 1084.1490478516 1075.3522949219 1066.2375488281 1057.9865722656 1052.1440429688 1048.0131835938 1045.3203125 1043.8686523438 1043.08984375 1042.6190185547 1041.9903564453 1040.8746337891 1039.1276855469
1147.4796142578 1144.5296630859 1140.7791748047 1136.5122070312 1132.0021972656 1127.5551757812 1123.4141845703 1119.6671142578 1116.3232421875 1113.3486328125 1110.6651611328 1108.0716552734 1105.2672119141 1101.9647216797 1097.9044189453 1092.8579101562 1088.6177978516 1086.0048828125 1085.4421386719 1087.1448974609 1091.1246337891 1096.328125 1102.3135986328 1108.6907958984 1114.9287109375 1119.8406982422 1122.8120117188 1123.4168701172 1121.3742675781 1117.1110839844 1111.4985351562 1105.4201660156 1098.8194580078 1091.4901123047 1082.8607177734 1073.0493164062 1063.2071533203 1054.4340820312 1047.8128662109 1044.4150390625 1042.6021728516 1041.4504394531 1040.6567382812 1039.9578857422 1038.9624023438 1037.5354003906 1035.6617431641
1148.3312988281 1145.6945800781 1141.9736328125 1137.6838378906 1133.2907714844 1128.9700927734 1124.8482666016 1121.0283203125 1117.6856689453 1114.6610107422 1111.8786621094 1109.2448730469 1106.6309814453 1103.4957275391 1098.7241210938 1092.8795166016 1087.0834960938 1083.4713134766 1083.6285400391 1086.2189941406 1090.7053222656 1096.5693359375 1103.3544921875 1110.216796875 1116.3905029297 1121.1834716797 1123.9453125 1123.7764892578 1121.1682128906 1116.9388427734 1111.5418701172 1105.4243164062 1098.8482666016 1091.3756103516 1082.4592285156 1072.111328125 1060.767578125 1050.6461181641 1044.6875 1041.8205566406 1040.7419433594 1039.9587402344 1039.1038818359 1038.0775146484 1036.7662353516 1035.0842285156 1032.9534912109
1149.9187011719 1146.4952392578 1142.5347900391 1138.2945556641 1133.9339599609 1129.6259765625 1125.5732421875 1121.8128662109 1118.3673095703 1115.2386474609 1112.4417724609 1109.8341064453 1107.2849121094 1104.4139404297 1100.4702148438 1092.2108154297 1084.8344726562 1080.6545410156 1080.9039306641 1084.3182373047 1089.9515380859 1096.8974609375 1104.3662109375 1111.7850341797 1118.5103759766 1123.3400878906 1124.9865722656 1124.1862792969 1121.4377441406 1116.9512939453 1111.0579833984 1104.6900634766 1098.3865966797 1092.4497070312 1083.9906005859 1072.6494140625 1060.5169677734 1048.5677490234 1041.5703125 1041.7139892578 1041.0047607422 1039.8858642578 1038.6358642578 1037.2928466797 1035.6596679688 1033.4830322266 1030.8922119141
1149.3840332031 1146.3714599609 1142.4443359375 1138.2052001953 1133.8887939453 1129.6433105469 1125.5667724609 1121.7750244141 1118.3311767578 1115.2132568359 1112.3420410156 1109.6403808594 1106.994140625 1103.9217529297 1098.8645019531 1091.8016357422 1082.9757080078 1077.2351074219 1078.9165039062 1083.2631835938 1089.5911865234 1097.3519287109 1105.5599365234 1113.5137939453 1120.1627197266 1124.7104492188 1126.4273681641 1125.1756591797 1121.6038818359 1116.4801025391 1110.1484375 1103.0072021484 1096.3659667969 1091.0927734375 1084.5246582031 1074.4080810547 1064.90234375 1051.7225341797 1050.4187011719 1046.0091552734 1043.2172851562 1040.9764404297 1039.0721435547 1037.3215332031 1035.2790527344 1032.6895751953 1029.6500244141
