models/elk/data/raw/lf_surfaces/bottom_of_aquifer.grd
DSAA
219 359
2599537.1289303 2743417.1289303
233652.36819342 469932.36819342
895.95629882812 1543.3548583984
[rows 273 to 293 of 359, columns 141 to 187 of 219]
1013.1272583008 1012.2098999023 1011.2911376953 1010.3739624023 1009.4582519531 1008.5455932617 1007.6356201172 1006.7243652344 1005.8142089844 1004.9049682617 1003.9986572266 1003.0928344727 1002.1861572266 1001.280090332 1000.3746337891 999.47192382812 998.568359375 997.66424560547 996.76043701172 995.85693359375 994.95599365234 994.05310058594 993.15026855469 992.24761962891 991.34466552734 990.44415283203 989.54071044922 988.63690185547 987.73272705078 986.82849121094 985.92559814453 985.02032470703 984.11450195312 983.20819091797 982.30187988281 981.39562988281 980.48718261719 979.57800292969 978.66784667969 977.75646972656 976.84558105469 975.93286132812 975.01916503906 974.1044921875 973.18969726562 972.27319335938 971.35485839844
1011.549621582 1010.6491088867 1009.7501220703 1008.8538818359 1007.9577636719 1007.0625 1006.1681518555 1005.2747802734 1004.383605957 1003.4916381836 1002.6001586914 1001.7090454102 1000.818359375 999.92913818359 999.03894042969 998.14886474609 997.25891113281 996.36901855469 995.48016357422 994.59008789062 993.69989013672 992.8095703125 991.91931152344 991.02990722656 990.13897705078 989.24749755859 988.35546875 987.46356201172 986.57061767578 985.67663574219 984.78216552734 983.88714599609 982.99224853516 982.09558105469 981.19812011719 980.29986572266 979.40069580078 978.50128173828 977.59869384766 976.69592285156 975.79266357422 974.88842773438 973.98345947266 973.07647705078 972.16833496094 971.25897216797 970.34838867188
1009.9775390625 1009.0963134766 1008.2173461914 1007.3391113281 1006.461730957 1005.585144043 1004.7080078125 1003.8324584961 1002.9572143555 1002.0822143555 1001.2067260742 1000.3316040039 999.45678710938 998.58178710938 997.70672607422 996.83062744141 995.955078125 995.07916259766 994.20294189453 993.32635498047 992.44860839844 991.57098388672 990.693359375 989.81518554688 988.93609619141 988.05554199219 987.17474365234 986.29327392578 985.41101074219 984.52789306641 983.64318847656 982.75817871094 981.87237548828 980.98553466797 980.09777832031 979.20825195312 978.31805419922 977.42645263672 976.53332519531 975.63909912109 974.74377441406 973.84753417969 972.94995117188 972.05114746094 971.15051269531 970.24853515625 969.34521484375
1008.4136962891 1007.5534667969 1006.6938476562 1005.8314819336 1004.9727172852 1004.1146240234 1003.2565917969 1002.3983154297 1001.537109375 1000.678894043 999.82043457031 998.96160888672 998.10229492188 997.23992919922 996.37976074219 995.51904296875 994.65771484375 993.79522705078 992.9306640625 992.06726074219 991.203125 990.33831787109 989.47186279297 988.60461425781 987.73718261719 986.86877441406 985.99938964844 985.12786865234 984.25549316406 983.3828125 982.50903320312 981.63421630859 980.75689697266 979.87921142578 979.00079345703 978.12109375 977.24017333984 976.35620117188 975.47100830078 974.58557128906 973.69909667969 972.81121826172 971.92016601562 971.02899169922 970.13635253906 969.2421875 968.34625244141
1006.8615722656 1006.0168457031 1005.1766357422 1004.3363647461 1003.4964599609 1002.6539916992 1001.8104858398 1000.9696655273 1000.1284179688 999.28674316406 998.44165039062 997.59631347656 996.75250244141 995.90795898438 995.06256103516 994.21325683594 993.36444091797 992.51617431641 991.6669921875 990.81665039062 989.96246337891 989.10906982422 988.25592041016 987.40173339844 986.54547119141 985.68591308594 984.8271484375 983.96765136719 983.10693359375 982.24407958984 981.37811279297 980.51300048828 979.64685058594 978.77935791016 977.90924072266 977.03686523438 976.16479492188 975.29034423828 974.41473388672 973.53680419922 972.65716552734 971.77722167969 970.89562988281 970.01251220703 969.12609863281 968.23840332031 967.34979248047
1005.3193359375 1004.4983520508 1003.6755371094 1002.8496704102 1002.0252075195 1001.2030029297 1000.380065918 999.55438232422 998.72607421875 997.89868164062 997.07220458984 996.24475097656 995.41394042969 994.58093261719 993.74871826172 992.91656494141 992.08319091797 991.24609375 990.40716552734 989.56915283203 988.73040771484 987.89044189453 987.04675292969 986.20178222656 985.35729980469 984.51165771484 983.66430664062 982.81317138672 981.96081542969 981.10906982422 980.25573730469 979.40008544922 978.54138183594 977.68170166016 976.82189941406 975.96051025391 975.09631347656 974.22857666016 973.36077880859 972.49249267578 971.62249755859 970.74963378906 969.87420654297 968.99792480469 968.12048339844 967.24133300781 966.35900878906
1003.7932128906 1002.9869995117 1002.1818847656 1001.3782958984 1000.5736083984 999.76477050781 998.95513916016 998.14654541016 997.33819580078 996.52728271484 995.71282958984 994.89721679688 994.08258056641 993.26733398438 992.44897460938 991.62756347656 990.80480957031 989.98303222656 989.16003417969 988.33337402344 987.50421142578 986.67395019531 985.84478759766 985.01385498047 984.17883300781 983.341796875 982.50366210938 981.66564941406 980.82592773438 979.98205566406 979.13653564453 978.28991699219 977.44281005859 976.59387207031 975.74114990234 974.88671875 974.03088378906 973.17425537109 972.31561279297 971.45367431641 970.59002685547 969.72552490234 968.85968017578 967.99108886719 967.11950683594 966.24609375 965.37182617188
1002.2805175781 1001.4970092773 1000.7084350586 999.91864013672 999.12829589844 998.33935546875 997.54974365234 996.75512695312 995.95904541016 995.16162109375 994.36541748047 993.56713867188 992.76452636719 991.96032714844 991.15454101562 990.34985351562 989.54211425781 988.73065185547 987.91741943359 987.10278320312 986.28881835938 985.47143554688 984.65124511719 983.82916259766 983.00592041016 982.18225097656 981.35491943359 980.52496337891 979.69323730469 978.86065673828 978.02722167969 977.18975830078 976.34991455078 975.50836181641 974.66619873047 973.82263183594 972.97430419922 972.12432861328 971.27282714844 970.42065429688 969.56652832031 968.70855712891 967.84869384766 966.98687744141 966.12432861328 965.25927734375 964.39080810547
1000.787109375 1000.0174560547 999.24639892578 998.47747802734 997.70458984375 996.92938232422 996.15252685547 995.37408447266 994.59704589844 993.81457519531 993.03021240234 992.24395751953 991.45635986328 990.66876220703 989.87622070312 989.08172607422 988.28527832031 987.48742675781 986.68859863281 985.88562011719 985.08087158203 984.27423095703 983.46685791016 982.6572265625 981.84381103516 981.02850341797 980.21124267578 979.39312744141 978.572265625 977.74829101562 976.92230224609 976.09429931641 975.26550292969 974.43334960938 973.5986328125 972.76171875 971.92224121094 971.08282470703 970.23950195312 969.39385986328 968.54614257812 967.69641113281 966.84588623047 965.99114990234 965.13433837891 964.27545166016 963.41473388672
999.31103515625 998.56072998047 997.80645751953 997.05084228516 996.29382324219 995.53533935547 994.77514648438 994.01165771484 993.24615478516 992.47857666016 991.70971679688 990.93786621094 990.16320800781 989.38635253906 988.60736083984 987.82727050781 987.04260253906 986.25616455078 985.4677734375 984.67724609375 983.88543701172 983.08972167969 982.29205322266 981.49212646484 980.68988037109 979.88610839844 979.07873535156 978.26916503906 977.45745849609 976.64349365234 975.82788085938 975.0087890625 974.1875 973.36395263672 972.53845214844 971.71032714844 970.87945556641 970.04650878906 969.21136474609 968.37426757812 967.53454589844 966.69201660156 965.84729003906 965.00030517578 964.15155029297 963.29962158203 962.44519042969
997.85748291016 997.1220703125 996.38452148438 995.64501953125 994.9033203125 994.15948486328 993.41345214844 992.66510009766 991.91363525391 991.15985107422 990.40368652344 989.64520263672 988.88427734375 988.11999511719 987.35339355469 986.58386230469 985.81188964844 985.03814697266 984.26098632812 983.48162841797 982.69976806641 981.91564941406 981.12927246094 980.33917236328 979.54693603516 978.75238037109 977.95544433594 977.15576171875 976.35327148438 975.54840087891 974.7412109375 973.931640625 973.11926269531 972.30401611328 971.48638916016 970.66644287109 969.84423828125 969.01922607422 968.19158935547 967.36163330078 966.52935791016 965.69476318359 964.85711669922 964.01696777344 963.17456054688 962.32971191406 961.48254394531
996.42864990234 995.70709228516 994.98504638672 994.26092529297 993.53466796875 992.80499267578 992.07159423828 991.33697509766 990.59973144531 989.85986328125 989.11602783203 988.36944580078 987.62091064453 986.86956787109 986.11541748047 985.35632324219 984.59600830078 983.83343505859 983.06817626953 982.30035400391 981.52789306641 980.75402832031 979.97760009766 979.19854736328 978.41687011719 977.63061523438 976.84301757812 976.05285644531 975.26013183594 974.46484375 973.66510009766 972.86395263672 972.06030273438 971.25415039062 970.44488525391 969.63195800781 968.81744384766 968.00048828125 967.18103027344 966.3583984375 965.53265380859 964.70495605469 963.87475585938 963.04217529297 962.20611572266 961.36743164062 960.52655029297
995.02154541016 994.31732177734 993.61053466797 992.89807128906 992.18475341797 991.46954345703 990.75158691406 990.03039550781 989.30346679688 988.57562255859 987.84545898438 987.11242675781 986.37554931641 985.63311767578 984.89019775391 984.14477539062 983.39660644531 982.64434814453 981.88787841797 981.13037109375 980.37005615234 979.60693359375 978.83953857422 978.06872558594 977.29638671875 976.52136230469 975.74365234375 974.96130371094 974.17633056641 973.38958740234 972.60015869141 971.80810546875 971.01123046875 970.21234130859 969.41137695312 968.60766601562 967.80133056641 966.99029541016 966.17767333984 965.36273193359 964.54522705078 963.72467041016 962.90002441406 962.07373046875 961.24499511719 960.41369628906 959.57916259766
993.64215087891 992.94897460938 992.25549316406 991.55987548828 990.861328125 990.15698242188 989.44915771484 988.74053955078 988.02905273438 987.314453125 986.59362792969 985.87005615234 985.14440917969 984.41656494141 983.68536376953 982.94866943359 982.20947265625 981.46875 980.72497558594 979.97735595703 979.22491455078 978.47033691406 977.71374511719 976.95428466797 976.19073486328 975.42297363281 974.65313720703 973.88122558594 973.1064453125 972.32733154297 971.54449462891 970.75988769531 969.97290039062 969.18322753906 968.38891601562 967.59130859375 966.79205322266 965.99029541016 965.18572998047 964.37658691406 963.56463623047 962.75103759766 961.93481445312 961.11566162109 960.29211425781 959.46606445312 958.63818359375
992.28790283203 991.611328125 990.92999267578 990.24444580078 989.55590820312 988.86639404297 988.17364501953 987.47534179688 986.77307128906 986.06799316406 985.36090087891 984.65063476562 983.93438720703 983.21545410156 982.49383544922 981.77014160156 981.04315185547 980.31030273438 979.57440185547 978.83624267578 978.09582519531 977.35168457031 976.60241699219 975.85021972656 975.09594726562 974.33917236328 973.57855224609 972.81329345703 972.04516601562 971.27514648438 970.50244140625 969.72570800781 968.94494628906 968.16149902344 967.37603759766 966.58764648438 965.79510498047 964.99896240234 964.20013427734 963.39947509766 962.59600830078 961.7880859375 960.97698974609 960.16345214844 959.34783935547 958.52941894531 957.70648193359
990.96337890625 990.29644775391 989.62719726562 988.95635986328 988.28082275391 987.60028076172 986.91644287109 986.22991943359 985.54132080078 984.8466796875 984.14788818359 983.44610595703 982.7421875 982.03607177734 981.32421875 980.60827636719 979.88909912109 979.16766357422 978.44348144531 977.71368408203 976.98040771484 976.24389648438 975.50543212891 974.76397705078 974.01696777344 973.26684570312 972.513671875 971.75860595703 971 970.23651123047 969.46990966797 968.70050048828 967.92956542969 967.15435791016 966.37457275391 965.59191894531 964.806640625 964.01916503906 963.22766113281 962.43225097656 961.63403320312 960.83325195312 960.03015136719 959.22290039062 958.412109375 957.59851074219 956.78259277344
989.66748046875 989.01416015625 988.35522460938 987.69293212891 987.02722167969 986.35900878906 985.68731689453 985.01013183594 984.32904052734 983.64385986328 982.95745849609 982.26690673828 981.57141113281 980.87274169922 980.17065429688 979.46606445312 978.75665283203 978.04290771484 977.32586669922 976.60540771484 975.88293457031 975.15509033203 974.42358398438 973.68884277344 972.95092773438 972.2109375 971.46545410156 970.71667480469 969.96466064453 969.20977783203 968.45239257812 967.69006347656 966.92468261719 966.15594482422 965.38433837891 964.60986328125 963.83068847656 963.04852294922 962.26330566406 961.4755859375 960.68450927734 959.88928222656 959.09106445312 958.28991699219 957.486328125 956.67913818359 955.86810302734
988.40289306641 987.75805664062 987.10998535156 986.45935058594 985.80310058594 985.14337158203 984.47991943359 983.81262207031 983.14233398438 982.46710205078 981.78857421875 981.1064453125 980.4208984375 979.73211669922 979.03863525391 978.34136962891 977.64044189453 976.93615722656 976.22839355469 975.51593017578 974.79992675781 974.08044433594 973.35803222656 972.63165283203 971.90106201172 971.16711425781 970.42987060547 969.68969726562 968.94519042969 968.19689941406 967.44549560547 966.69110107422 965.93389892578 965.17156982422 964.40594482422 963.63714599609 962.86529541016 962.09069824219 961.31140136719 960.52905273438 959.74365234375 958.95513916016 958.16369628906 957.36804199219 956.5693359375 955.767578125 954.962890625
987.17071533203 986.53479003906 985.89526367188 985.25231933594 984.60577392578 983.95562744141 983.29956054688 982.64086914062 981.97882080078 981.31323242188 980.64392089844 979.96984863281 979.29223632812 978.61102294922 977.92633056641 977.23803710938 976.54486083984 975.84808349609 975.14776611328 974.44390869141 973.73583984375 973.02368164062 972.30822753906 971.58923339844 970.86688232422 970.14038085938 969.40991210938 968.67608642578 967.93890380859 967.19830322266 966.45404052734 965.70593261719 964.95422363281 964.19903564453 963.44061279297 962.67797851562 961.91204833984 961.14282226562 960.37036132812 959.5947265625 958.81475830078 958.03167724609 957.24548339844 956.45611572266 955.66351318359 954.86682128906 954.06713867188
985.97326660156 985.345703125 984.71472167969 984.07885742188 983.43902587891 982.79577636719 982.14916992188 981.49932861328 980.84423828125 980.18591308594 979.52392578125 978.8583984375 978.18920898438 977.51458740234 976.83709716797 976.15600585938 975.47119140625 974.78240966797 974.08850097656 973.39141845703 972.69067382812 971.98638916016 971.27825927734 970.56555175781 969.84967041016 969.13024902344 968.40740966797 967.68023681641 966.94897460938 966.21453857422 965.47711181641 964.73638916016 963.99041748047 963.24102783203 962.48828125 961.73223876953 960.97296142578 960.20916748047 959.44213867188 958.67181396484 957.89819335938 957.12139892578 956.33996582031 955.55560302734 954.76806640625 953.97741699219 953.18353271484
984.81079101562 984.18865966797 983.56372070312 982.93493652344 982.302734375 981.66656494141 981.02606201172 980.38262939453 979.73559570312 979.08502197266 978.42944335938 977.76989746094 977.10717773438 976.44085693359 975.77093505859 975.09594726562 974.41717529297 973.73504638672 973.04919433594 972.35961914062 971.66418457031 970.96612548828 970.26470947266 969.55969238281 968.85083007812 968.13665771484 967.41961669922 966.69909667969 965.97509765625 965.24731445312 964.51525878906 963.77947998047 963.04016113281 962.29748535156 961.55053710938 960.79925537109 960.04522705078 959.28790283203 958.52716064453 957.76196289062 956.99291992188 956.22100830078 955.44580078125 954.66729736328 953.88433837891 953.09796142578 952.30865478516
