models/elk/data/raw/lf_surfaces/top_of_aquifer.grd
DSAA
219 359
2599537.1289303 2743417.1289303
233652.36819342 469932.36819342
618.44201660156 1229.2053222656
[rows 315 to 335 of 359, columns 94 to 140 of 219]
1027.1822509766 1021.7427978516 1016.2243041992 1010.6569824219 1005.0774536133 999.50732421875 993.97033691406 988.51281738281 983.13214111328 977.84478759766 972.6611328125 967.59857177734 962.68585205078 957.89825439453 953.23565673828 948.69702148438 944.29168701172 940.03253173828 935.88500976562 931.84234619141 927.90032958984 924.0791015625 920.36981201172 916.74639892578 913.20458984375 909.74053955078 906.36590576172 903.06585693359 899.82739257812 896.64831542969 893.52526855469 890.46600341797 887.46044921875 884.49914550781 881.57843017578 878.70892333984 875.87365722656 873.0732421875 870.30981445312 867.58319091797 864.88446044922 862.21215820312 859.56488037109 856.94512939453 854.35052490234 851.77618408203 849.22088623047
1024.4460449219 1019.1460571289 1013.7858276367 1008.3837890625 1002.9485473633 997.53686523438 992.15832519531 986.82788085938 981.55963134766 976.37524414062 971.31005859375 966.34533691406 961.486328125 956.73760986328 952.12786865234 947.64776611328 943.27886962891 939.01898193359 934.86505126953 930.84039306641 926.92126464844 923.09918212891 919.36871337891 915.72509765625 912.18493652344 908.72143554688 905.33068847656 902.00750732422 898.74859619141 895.56488037109 892.43591308594 889.35852050781 886.330078125 883.35296630859 880.42425537109 877.53399658203 874.69097900391 871.8837890625 869.10913085938 866.365234375 863.65191650391 860.97314453125 858.31964111328 855.68969726562 853.08203125 850.49725341797 847.93725585938
1021.5843505859 1016.428527832 1011.1909790039 1005.9400634766 1000.6768798828 995.41680908203 990.16528320312 984.96026611328 979.83471679688 974.77911376953 969.80200195312 964.90881347656 960.13562011719 955.47833251953 950.9228515625 946.46978759766 942.12634277344 937.90997314453 933.79541015625 929.77508544922 925.85021972656 922.03344726562 918.31890869141 914.68603515625 911.13024902344 907.65020751953 904.25738525391 900.93292236328 897.67004394531 894.46545410156 891.31817626953 888.23352050781 885.20166015625 882.21142578125 879.271484375 876.37365722656 873.51391601562 870.68981933594 867.90612792969 865.15698242188 862.43676757812 859.74383544922 857.07708740234 854.44049072266 851.82806396484 849.23663330078 846.66528320312
1018.5632324219 1013.5504760742 1008.4902954102 1003.391418457 998.24487304688 993.12341308594 988.037109375 982.98474121094 977.97192382812 973.00854492188 968.14709472656 963.37377929688 958.68475341797 954.08404541016 949.57855224609 945.19696044922 940.91217041016 936.71990966797 932.62268066406 928.62078857422 924.73541259766 920.9345703125 917.21472167969 913.58203125 910.03112792969 906.56622314453 903.16534423828 899.82507324219 896.55657958984 893.34979248047 890.20202636719 887.10498046875 884.05688476562 881.06182861328 878.11041259766 875.20245361328 872.33587646484 869.50830078125 866.71356201172 863.95007324219 861.22137451172 858.52239990234 855.85113525391 853.20404052734 850.57989501953 847.98236083984 845.40631103516
1015.4688110352 1010.5728759766 1005.6254882812 1000.6700439453 995.71087646484 990.75067138672 985.77520751953 980.83142089844 975.96325683594 971.15100097656 966.3955078125 961.70013427734 957.08618164062 952.58587646484 948.16662597656 943.83178710938 939.58679199219 935.435546875 931.38922119141 927.42437744141 923.55035400391 919.76385498047 916.06237792969 912.44616699219 908.90246582031 905.43414306641 902.0341796875 898.70062255859 895.43096923828 892.21655273438 889.06268310547 885.96130371094 882.91040039062 879.90808105469 876.94989013672 874.0361328125 871.15954589844 868.32196044922 865.52124023438 862.75299072266 860.01617431641 857.30700683594 854.62786865234 851.97509765625 849.34661865234 846.74084472656 844.15576171875
1012.1977539062 1007.4645996094 1002.6979980469 997.87805175781 993.03479003906 988.19012451172 983.39447021484 978.62139892578 973.86102294922 969.1455078125 964.49114990234 959.92828369141 955.42846679688 950.99151611328 946.63208007812 942.36187744141 938.18933105469 934.09484863281 930.07977294922 926.14404296875 922.30328369141 918.54779052734 914.86700439453 911.26263427734 907.72937011719 904.27252197266 900.87902832031 897.54888916016 894.28039550781 891.06640625 887.91174316406 884.80725097656 881.75189208984 878.74645996094 875.78289794922 872.86486816406 869.98376464844 867.14013671875 864.33160400391 861.55651855469 858.81463623047 856.10040283203 853.41424560547 850.75360107422 848.11877441406 845.50830078125 842.91851806641
1008.8834838867 1004.2661743164 999.61383056641 994.94024658203 990.2783203125 985.59594726562 980.91235351562 976.24932861328 971.62548828125 967.06353759766 962.53454589844 958.0546875 953.63372802734 949.29028320312 945.02978515625 940.83282470703 936.71020507812 932.66156005859 928.69305419922 924.81378173828 921.01049804688 917.27856445312 913.61651611328 910.03436279297 906.52465820312 903.08135986328 899.69592285156 896.36853027344 893.10632324219 889.89923095703 886.74768066406 883.64227294922 880.58709716797 877.58001708984 874.61322021484 871.68890380859 868.80364990234 865.95892333984 863.14660644531 860.365234375 857.61614990234 854.89666748047 852.20733642578 849.54229736328 846.90051269531 844.283203125 841.68878173828
1005.4287109375 1000.9670410156 996.48205566406 991.94976806641 987.40576171875 982.85931396484 978.33264160156 973.82635498047 969.33044433594 964.86956787109 960.44995117188 956.08868408203 951.78228759766 947.52764892578 943.33386230469 939.20306396484 935.15814208984 931.17810058594 927.26379394531 923.42114257812 919.64752197266 915.95642089844 912.33447265625 908.77728271484 905.28283691406 901.84674072266 898.47961425781 895.17272949219 891.91821289062 888.71417236328 885.56109619141 882.4609375 879.40893554688 876.40002441406 873.43804931641 870.51477050781 867.62725830078 864.77398681641 861.95739746094 859.17724609375 856.42578125 853.70159912109 851.00354003906 848.33367919922 845.69116210938 843.07043457031 840.47033691406
1001.9230957031 997.59448242188 993.23718261719 988.85717773438 984.47424316406 980.07513427734 975.68060302734 971.29699707031 966.93121337891 962.60980224609 958.31158447266 954.05200195312 949.83618164062 945.66766357422 941.57220458984 937.53228759766 933.54931640625 929.623046875 925.75476074219 921.97583007812 918.25732421875 914.59942626953 911.00170898438 907.46704101562 904.00640869141 900.59973144531 897.24621582031 893.94506835938 890.69818115234 887.51153564453 884.36999511719 881.27099609375 878.22747802734 875.22253417969 872.25653076172 869.32788085938 866.44427490234 863.59527587891 860.77770996094 857.99011230469 855.23199462891 852.50848388672 849.81109619141 847.1376953125 844.4873046875 841.85986328125 839.25939941406
998.34008789062 994.16174316406 989.94097900391 985.70855712891 981.46423339844 977.21282958984 972.95751953125 968.70904541016 964.48266601562 960.27471923828 956.08990478516 951.93084716797 947.82611083984 943.76623535156 939.75140380859 935.78338623047 931.86633300781 928.01324462891 924.22009277344 920.48443603516 916.80419921875 913.18469238281 909.63507080078 906.14099121094 902.69921875 899.30737304688 895.97509765625 892.70080566406 889.47320556641 886.29125976562 883.15399169922 880.07067871094 877.02813720703 874.025390625 871.06964111328 868.14916992188 865.26257324219 862.40850830078 859.59008789062 856.80676269531 854.05096435547 851.32159423828 848.61755371094 845.94250488281 843.29309082031 840.66522216797 838.05773925781
994.69848632812 990.66241455078 986.60223388672 982.52197265625 978.3994140625 974.29022216797 970.181640625 966.07568359375 961.97631835938 957.86743164062 953.80670166016 949.77276611328 945.76898193359 941.79754638672 937.85870361328 933.98327636719 930.14758300781 926.3583984375 922.61938476562 918.93707275391 915.31787109375 911.74841308594 908.23040771484 904.76446533203 901.35443115234 897.99951171875 894.69152832031 891.42950439453 888.21398925781 885.05194091797 881.93121337891 878.85479736328 875.8251953125 872.83264160156 869.87591552734 866.95513916016 864.07385253906 861.22747802734 858.41082763672 855.62274169922 852.86413574219 850.13684082031 847.43566894531 844.75787353516 842.10247802734 839.47106933594 836.86383056641
991.05438232422 987.1513671875 983.20825195312 979.27435302734 975.32513427734 971.36254882812 967.37237548828 963.37756347656 959.40893554688 955.44927978516 951.50305175781 947.55920410156 943.64819335938 939.78314208984 935.94964599609 932.14855957031 928.37127685547 924.65441894531 920.99182128906 917.37255859375 913.79626464844 910.26318359375 906.79364013672 903.37316894531 899.99578857422 896.66259765625 893.37512207031 890.14239501953 886.95275878906 883.80224609375 880.69732666016 877.63598632812 874.61004638672 871.62420654297 868.677734375 865.76739501953 862.88854980469 860.04077148438 857.22607421875 854.44317626953 851.68804931641 848.95812988281 846.25360107422 843.5751953125 840.92193603516 838.29010009766 835.67822265625
987.34948730469 983.61004638672 979.84753417969 976.04949951172 972.21221923828 968.36975097656 964.53723144531 960.69732666016 956.83990478516 952.97540283203 949.13604736328 945.32421875 941.529296875 937.74377441406 933.98083496094 930.26165771484 926.583984375 922.94189453125 919.33026123047 915.75811767578 912.24084472656 908.77130126953 905.34246826172 901.95190429688 898.60260009766 895.30932617188 892.05621337891 888.84283447266 885.66943359375 882.53784179688 879.45294189453 876.40112304688 873.39147949219 870.41833496094 867.47778320312 864.57220458984 861.69812011719 858.85882568359 856.04840087891 853.26483154297 850.51098632812 847.78210449219 845.0810546875 842.40234375 839.74578857422 837.11322021484 834.50109863281
983.71673583984 980.09155273438 976.44256591797 972.78399658203 969.11871337891 965.42694091797 961.69732666016 957.95843505859 954.23254394531 950.51538085938 946.79095458984 943.06225585938 939.34808349609 935.67108154297 932.01666259766 928.37658691406 924.75964355469 921.17572021484 917.64416503906 914.14373779297 910.67590332031 907.24639892578 903.85595703125 900.51531982422 897.21112060547 893.94311523438 890.71331787109 887.52471923828 884.38012695312 881.26733398438 878.19964599609 875.16705322266 872.16900634766 869.20483398438 866.2724609375 863.37774658203 860.51202392578 857.67694091797 854.87005615234 852.09014892578 849.33978271484 846.61309814453 843.91247558594 841.23431396484 838.57843017578 835.94592285156 833.33203125
980.04486083984 976.58489990234 973.10974121094 969.57452392578 966.01586914062 962.43768310547 958.86169433594 955.27349853516 951.65045166016 948.02386474609 944.39727783203 940.79669189453 937.19879150391 933.59765625 930.01214599609 926.44805908203 922.92828369141 919.42559814453 915.94409179688 912.49249267578 909.08123779297 905.71423339844 902.37414550781 899.06555175781 895.79180908203 892.55798339844 889.36633300781 886.20764160156 883.08093261719 879.99383544922 876.94342041016 873.92425537109 870.93780517578 867.98956298828 865.07171630859 862.18426513672 859.32495117188 856.49456787109 853.69458007812 850.92132568359 848.17352294922 845.44903564453 842.74877929688 840.07238769531 837.41912841797 834.78643798828 832.17205810547
976.47192382812 973.13037109375 969.76202392578 966.36700439453 962.96826171875 959.5205078125 956.04779052734 952.55847167969 949.05688476562 945.56787109375 942.04815673828 938.52874755859 935.01263427734 931.50598144531 928.02398681641 924.54376220703 921.08148193359 917.63873291016 914.22521972656 910.84936523438 907.49389648438 904.16558837891 900.86492919922 897.60186767578 894.37390136719 891.17535400391 888.00848388672 884.87280273438 881.77557373047 878.71099853516 875.67669677734 872.67974853516 869.71313476562 866.77551269531 863.86627197266 860.98736572266 858.13989257812 855.31976318359 852.52465820312 849.75384521484 847.00909423828 844.29028320312 841.59503173828 838.92028808594 836.26525878906 833.63220214844 831.01983642578
972.93212890625 969.73120117188 966.50573730469 963.23596191406 959.93841552734 956.61456298828 953.27026367188 949.90234375 946.50994873047 943.10485839844 939.69049072266 936.27703857422 932.85589599609 929.43542480469 926.02264404297 922.62036132812 919.23651123047 915.86566162109 912.51727294922 909.19134521484 905.88702392578 902.61224365234 899.36273193359 896.13983154297 892.94427490234 889.77661132812 886.64587402344 883.54095458984 880.46649169922 877.42822265625 874.41766357422 871.43524169922 868.48046875 865.55700683594 862.66522216797 859.79925537109 856.95861816406 854.14263916016 851.35485839844 848.59399414062 845.85559082031 843.13891601562 840.44329833984 837.77124023438 835.12127685547 832.48992919922 829.87634277344
969.49578857422 966.41674804688 963.30706787109 960.16619873047 956.98712158203 953.77587890625 950.53814697266 947.27648925781 943.99359130859 940.68725585938 937.36950683594 934.04223632812 930.708984375 927.37359619141 924.0400390625 920.71099853516 917.39404296875 914.09259033203 910.80700683594 907.53747558594 904.28881835938 901.06018066406 897.85290527344 894.66784667969 891.51434326172 888.38702392578 885.28466796875 882.20715332031 879.16326904297 876.14343261719 873.14984130859 870.18798828125 867.25512695312 864.34741210938 861.46459960938 858.60632324219 855.77868652344 852.97576904297 850.19543457031 847.43737792969 844.70153808594 841.99255371094 839.30303955078 836.63311767578 833.98254394531 831.35101318359 828.74133300781
966.17864990234 963.21929931641 960.21057128906 957.17907714844 954.11413574219 951.01690673828 947.88079833984 944.70953369141 941.52282714844 938.31622314453 935.09228515625 931.84436035156 928.58984375 925.33386230469 922.07702636719 918.82238769531 915.56671142578 912.33355712891 909.10797119141 905.89373779297 902.69409179688 899.50500488281 896.34649658203 893.20782470703 890.08984375 886.99340820312 883.91912841797 880.87298583984 877.85198974609 874.85870361328 871.8916015625 868.9482421875 866.02856445312 863.1328125 860.26770019531 857.42590332031 854.60650634766 851.80920410156 849.03576660156 846.28881835938 843.56176757812 840.85394287109 838.16510009766 835.49951171875 832.85461425781 830.22692871094 827.61566162109
962.970703125 960.12084960938 957.23602294922 954.31420898438 951.32958984375 948.32214355469 945.28741455078 942.22302246094 939.12738037109 935.99011230469 932.84643554688 929.68914794922 926.51824951172 923.33203125 920.13336181641 916.95129394531 913.77386474609 910.59936523438 907.42248535156 904.25268554688 901.10614013672 897.97302246094 894.85473632812 891.74920654297 888.66436767578 885.60705566406 882.56719970703 879.54681396484 876.55487060547 873.58374023438 870.63385009766 867.70623779297 864.80865478516 861.93267822266 859.07818603516 856.24560546875 853.43621826172 850.65307617188 847.88983154297 845.14617919922 842.42309570312 839.72106933594 837.04083251953 834.37841796875 831.73333740234 829.10717773438 826.49896240234
959.93841552734 957.17218017578 954.36297607422 951.52746582031 948.65673828125 945.74975585938 942.78625488281 939.78979492188 936.7783203125 933.74084472656 930.67828369141 927.57946777344 924.46765136719 921.36126708984 918.2490234375 915.12951660156 911.9990234375 908.87097167969 905.75579833984 902.64666748047 899.54241943359 896.4443359375 893.36474609375 890.30578613281 887.26196289062 884.23040771484 881.22186279297 878.23229980469 875.25952148438 872.30877685547 869.38507080078 866.48114013672 863.59704589844 860.73333740234 857.89245605469 855.07635498047 852.27966308594 849.5029296875 846.74621582031 844.01104736328 841.29632568359 838.599609375 835.92218017578 833.26312255859 830.623046875 828.00018310547 825.39263916016
