models/elk/data/raw/lf_surfaces/top_of_aquifer.grd
DSAA
219 359
2599537.1289303 2743417.1289303
233652.36819342 469932.36819342
618.44201660156 1229.2053222656
[rows 21 to 41 of 359, columns 94 to 140 of 219]
1038.7565917969 1037.4825439453 1036.2102050781 1034.9438476562 1033.6839599609 1032.4321289062 1031.1896972656 1029.9626464844 1028.7518310547 1027.5578613281 1026.3824462891 1025.2271728516 1024.1030273438 1023.0049438477 1021.9342651367 1020.8926391602 1019.8837280273 1018.9178466797 1017.9872436523 1017.0930786133 1016.2366333008 1015.4243164062 1014.6614379883 1013.9398193359 1013.2599487305 1012.6221313477 1012.03515625 1011.4967651367 1010.9997558594 1010.5435180664 1010.1270751953 1009.7595214844 1009.430480957 1009.1350708008 1008.8710327148 1008.6360473633 1008.4356689453 1008.2551879883 1008.0916748047 1007.9418334961 1007.803527832 1007.6712036133 1007.5372924805 1007.399230957 1007.2536621094 1007.0983276367 1006.9209594727
1039.4630126953 1038.1700439453 1036.87890625 1035.5910644531 1034.3107910156 1033.0385742188 1031.7766113281 1030.5267333984 1029.2908935547 1028.0760498047 1026.8820800781 1025.7097167969 1024.5609130859 1023.4376831055 1022.350402832 1021.2958984375 1020.2741088867 1019.2866821289 1018.3352661133 1017.4338378906 1016.5739135742 1015.7553100586 1014.9790039062 1014.2470703125 1013.5721435547 1012.9432373047 1012.3591918945 1011.8199462891 1011.3267822266 1010.8902587891 1010.4961547852 1010.1428222656 1009.8286743164 1009.5532836914 1009.3216552734 1009.1200561523 1008.9453735352 1008.7944946289 1008.6635131836 1008.551940918 1008.4494628906 1008.3520507812 1008.255859375 1008.1521606445 1008.0405273438 1007.9153442383 1007.7734375
1040.1827392578 1038.8704833984 1037.5615234375 1036.2526855469 1034.9489746094 1033.6524658203 1032.3677978516 1031.0980224609 1029.8410644531 1028.6011962891 1027.3801269531 1026.1854248047 1025.0184326172 1023.8780517578 1022.7668457031 1021.6867675781 1020.647277832 1019.6480712891 1018.6875610352 1017.7670288086 1016.8880004883 1016.0603027344 1015.2834472656 1014.5529174805 1013.869140625 1013.2326660156 1012.6519775391 1012.1265258789 1011.6483154297 1011.2166748047 1010.8314208984 1010.4953613281 1010.2092895508 1009.9623413086 1009.7521362305 1009.5753173828 1009.4309082031 1009.3181762695 1009.2257080078 1009.1494140625 1009.081237793 1009.0196533203 1008.9616699219 1008.8984375 1008.8259277344 1008.7330322266 1008.6212158203
1040.921875 1039.5877685547 1038.2535400391 1036.9217529297 1035.5997314453 1034.2819824219 1032.9719238281 1031.6733398438 1030.3907470703 1029.1312255859 1027.8890380859 1026.6685791016 1025.4727783203 1024.3082275391 1023.1792602539 1022.0828857422 1021.0217285156 1019.9978027344 1019.0194702148 1018.0869140625 1017.2014160156 1016.3614501953 1015.5684204102 1014.8306274414 1014.1452636719 1013.5156860352 1012.9367675781 1012.4085083008 1011.9365234375 1011.517578125 1011.1538085938 1010.837097168 1010.5659179688 1010.3387451172 1010.1563720703 1010.015625 1009.9068603516 1009.8255615234 1009.7626953125 1009.7244262695 1009.7009277344 1009.6833496094 1009.6633911133 1009.6315917969 1009.5950317383 1009.5430908203 1009.4708862305
1041.6704101562 1040.318359375 1038.9664306641 1037.6121826172 1036.2602539062 1034.9140625 1033.5836181641 1032.2646484375 1030.9562988281 1029.6641845703 1028.3927001953 1027.1518554688 1025.9356689453 1024.7462158203 1023.5876464844 1022.4655761719 1021.3873901367 1020.3474731445 1019.3503417969 1018.3967895508 1017.4938964844 1016.6440429688 1015.8442993164 1015.0993041992 1014.4064331055 1013.7722167969 1013.1939697266 1012.673034668 1012.2106323242 1011.8014526367 1011.448425293 1011.1455078125 1010.8980712891 1010.7009277344 1010.546875 1010.4313354492 1010.3489990234 1010.306640625 1010.2911987305 1010.2947998047 1010.3041381836 1010.3197021484 1010.3447265625 1010.3635864258 1010.3681640625 1010.3461303711 1010.3033447266
1042.4461669922 1041.0681152344 1039.6871337891 1038.3103027344 1036.9383544922 1035.5717773438 1034.2082519531 1032.8553466797 1031.5235595703 1030.2095947266 1028.9143066406 1027.6391601562 1026.3895263672 1025.1794433594 1024.0004882812 1022.8552246094 1021.7476196289 1020.6821289062 1019.6693115234 1018.7008666992 1017.7808837891 1016.9130859375 1016.100769043 1015.3489990234 1014.6505126953 1014.0120239258 1013.4334106445 1012.9161987305 1012.4593505859 1012.0570678711 1011.7188110352 1011.4375 1011.2108764648 1011.0332641602 1010.9002685547 1010.8221435547 1010.783203125 1010.7744140625 1010.7903442383 1010.8276367188 1010.8903198242 1010.9602050781 1011.0205078125 1011.073059082 1011.1149291992 1011.1422119141 1011.1434326172
1043.2307128906 1041.8334960938 1040.4337158203 1039.0321044922 1037.6271972656 1036.2308349609 1034.8452148438 1033.4698486328 1032.1060791016 1030.7554931641 1029.4318847656 1028.1339111328 1026.861328125 1025.6164550781 1024.4029541016 1023.2359008789 1022.1085205078 1021.0216674805 1019.9795532227 1018.9861450195 1018.0546875 1017.1743164062 1016.3465576172 1015.578918457 1014.8731079102 1014.2348022461 1013.6547851562 1013.1332397461 1012.6813964844 1012.293762207 1011.9691772461 1011.7005004883 1011.4868164062 1011.3394165039 1011.2431030273 1011.1915893555 1011.1795654297 1011.2058105469 1011.2731933594 1011.3592529297 1011.4569091797 1011.5621337891 1011.6721801758 1011.7808227539 1011.8638305664 1011.922668457 1011.9555053711
1044.0437011719 1042.6217041016 1041.1917724609 1039.7641601562 1038.3377685547 1036.9147949219 1035.4956054688 1034.0865478516 1032.6956787109 1031.3209228516 1029.9650878906 1028.6293945312 1027.3256835938 1026.0563964844 1024.8199462891 1023.6187133789 1022.4566040039 1021.3479003906 1020.2880859375 1019.2763671875 1018.3148193359 1017.4110107422 1016.5767211914 1015.8012695312 1015.0848999023 1014.4289550781 1013.8455200195 1013.3358764648 1012.8884887695 1012.5030517578 1012.1817016602 1011.9344482422 1011.7506713867 1011.6219482422 1011.5455322266 1011.5234985352 1011.5563964844 1011.6255493164 1011.725402832 1011.8500976562 1011.9995727539 1012.1591796875 1012.3125 1012.45703125 1012.5864257812 1012.6970825195 1012.7688598633
1044.8731689453 1043.4271240234 1041.9755859375 1040.5205078125 1039.0620117188 1037.609375 1036.1628417969 1034.7253417969 1033.2993164062 1031.8883056641 1030.5026855469 1029.1401367188 1027.8037109375 1026.4959716797 1025.2264404297 1024.0010986328 1022.8163452148 1021.6748657227 1020.5794677734 1019.5461425781 1018.5716552734 1017.6528930664 1016.791809082 1015.9915771484 1015.2714233398 1014.6182250977 1014.0298461914 1013.5070800781 1013.0541992188 1012.6865234375 1012.3845825195 1012.1465454102 1011.9710083008 1011.8638916016 1011.8256835938 1011.8388061523 1011.8990478516 1012.0017700195 1012.1494750977 1012.325378418 1012.5183105469 1012.7208862305 1012.9255981445 1013.1246337891 1013.2974853516 1013.4434204102 1013.5571289062
1045.7293701172 1044.2587890625 1042.7801513672 1041.2956542969 1039.8099365234 1038.3253173828 1036.8449707031 1035.3759765625 1033.9180908203 1032.4755859375 1031.0513916016 1029.6512451172 1028.2839355469 1026.9473876953 1025.6448974609 1024.3795166016 1023.1597900391 1021.995300293 1020.8798828125 1019.8162231445 1018.8068847656 1017.8641357422 1016.9935913086 1016.1864013672 1015.4442138672 1014.7686157227 1014.174621582 1013.6604614258 1013.2161254883 1012.8417358398 1012.5369873047 1012.3168334961 1012.1704711914 1012.087890625 1012.06640625 1012.1027832031 1012.2047119141 1012.3548583984 1012.5426025391 1012.7612304688 1013.0023193359 1013.2581176758 1013.5136108398 1013.758605957 1013.9848632812 1014.1799316406 1014.330078125
1046.6137695312 1045.1153564453 1043.6079101562 1042.0938720703 1040.5816650391 1039.064453125 1037.5509033203 1036.0441894531 1034.5474853516 1033.0744628906 1031.6162109375 1030.1807861328 1028.771484375 1027.3929443359 1026.0611572266 1024.7667236328 1023.5151367188 1022.3095703125 1021.157043457 1020.071105957 1019.044128418 1018.0775756836 1017.1739501953 1016.3417358398 1015.5911865234 1014.9144287109 1014.3095703125 1013.7775878906 1013.3262939453 1012.9631958008 1012.6773681641 1012.4642333984 1012.3225708008 1012.255065918 1012.2682495117 1012.3443603516 1012.4766845703 1012.6602783203 1012.8853149414 1013.1580200195 1013.453125 1013.7615966797 1014.0737304688 1014.3641357422 1014.6386108398 1014.8793945312 1015.0795898438
1047.5205078125 1045.9984130859 1044.4676513672 1042.921875 1041.3714599609 1039.8193359375 1038.2744140625 1036.7374267578 1035.205078125 1033.6866455078 1032.185546875 1030.7165527344 1029.2747802734 1027.8615722656 1026.4833984375 1025.1437988281 1023.8626708984 1022.6293334961 1021.4481201172 1020.3223876953 1019.2570800781 1018.2692260742 1017.3498535156 1016.501159668 1015.7236938477 1015.0236206055 1014.4097290039 1013.8804931641 1013.4307861328 1013.0591430664 1012.7707519531 1012.5650634766 1012.4492797852 1012.4069824219 1012.435546875 1012.5338745117 1012.6959838867 1012.9265136719 1013.2036743164 1013.5199584961 1013.8597412109 1014.216003418 1014.5832519531 1014.9392089844 1015.2725219727 1015.5552978516 1015.7927856445
1048.4644775391 1046.9107666016 1045.3438720703 1043.7689208984 1042.1920166016 1040.6096191406 1039.0228271484 1037.4403076172 1035.8717041016 1034.3217773438 1032.7858886719 1031.2689208984 1029.7779541016 1028.3275146484 1026.9173583984 1025.5450439453 1024.216796875 1022.9370727539 1021.7248535156 1020.5720214844 1019.4819946289 1018.4577636719 1017.5017089844 1016.6343994141 1015.8400268555 1015.1299438477 1014.4990844727 1013.9507446289 1013.496887207 1013.1247558594 1012.8461303711 1012.6492919922 1012.5362548828 1012.5078125 1012.5572509766 1012.6900024414 1012.8893432617 1013.1502685547 1013.461730957 1013.8216552734 1014.2220458984 1014.6420288086 1015.0607299805 1015.4628295898 1015.8454589844 1016.1904296875 1016.4835205078
1049.4271240234 1047.8505859375 1046.2601318359 1044.6536865234 1043.0340576172 1041.4110107422 1039.7939453125 1038.1806640625 1036.5698242188 1034.9678955078 1033.3873291016 1031.8365478516 1030.3116455078 1028.8134765625 1027.3502197266 1025.9365234375 1024.5760498047 1023.2646484375 1022.0075683594 1020.809753418 1019.6883544922 1018.6392211914 1017.6598510742 1016.7598266602 1015.9372558594 1015.2102661133 1014.5665893555 1014.0078735352 1013.54296875 1013.1644287109 1012.8870239258 1012.6932983398 1012.589050293 1012.577331543 1012.6478881836 1012.8009033203 1013.0227661133 1013.3186035156 1013.6798706055 1014.0892333984 1014.5303344727 1014.9928588867 1015.473815918 1015.9503173828 1016.3927001953 1016.7805175781 1017.1138916016
1050.4340820312 1048.826171875 1047.1966552734 1045.5582275391 1043.9106445312 1042.2567138672 1040.5928955078 1038.9294433594 1037.2818603516 1035.6459960938 1034.0255126953 1032.4189453125 1030.8415527344 1029.3068847656 1027.8083496094 1026.349609375 1024.9345703125 1023.5787963867 1022.2902832031 1021.0618286133 1019.8977050781 1018.8055419922 1017.7985229492 1016.8765869141 1016.0333862305 1015.2750854492 1014.6081542969 1014.0423583984 1013.5692138672 1013.1840209961 1012.8952636719 1012.7036132812 1012.6135253906 1012.6103515625 1012.6899414062 1012.8620605469 1013.1171875 1013.4475097656 1013.8373413086 1014.2789916992 1014.7769775391 1015.305847168 1015.8372802734 1016.3612060547 1016.8626708984 1017.3275146484 1017.7166748047
1051.4645996094 1049.8297119141 1048.1759033203 1046.505859375 1044.8134765625 1043.1174316406 1041.4193115234 1039.7216796875 1038.0279541016 1036.3349609375 1034.6700439453 1033.0261230469 1031.4075927734 1029.8175048828 1028.26171875 1026.763671875 1025.3128662109 1023.9136352539 1022.5704956055 1021.2962646484 1020.104309082 1018.9835205078 1017.9372558594 1016.9725341797 1016.1040039062 1015.3329467773 1014.6493530273 1014.0548706055 1013.5598754883 1013.1740112305 1012.8883056641 1012.6947021484 1012.592590332 1012.594909668 1012.6994018555 1012.8905029297 1013.1607055664 1013.5052490234 1013.9356689453 1014.4266967773 1014.9614868164 1015.5285644531 1016.1173706055 1016.7211303711 1017.2861328125 1017.8015136719 1018.2473754883
1052.5382080078 1050.8771972656 1049.1846923828 1047.4763183594 1045.7536621094 1044.0202636719 1042.2779541016 1040.5319824219 1038.7934570312 1037.0639648438 1035.3477783203 1033.6468505859 1031.9796142578 1030.3463134766 1028.7493896484 1027.1936035156 1025.6831054688 1024.2452392578 1022.8668212891 1021.5521850586 1020.3052368164 1019.1370239258 1018.0676879883 1017.0805053711 1016.1783447266 1015.3637695312 1014.6550292969 1014.0570678711 1013.5538330078 1013.1461181641 1012.8344726562 1012.6425170898 1012.5565185547 1012.5640258789 1012.6631469727 1012.8530273438 1013.1513671875 1013.5308837891 1013.9806518555 1014.4932861328 1015.0643310547 1015.6859741211 1016.3281860352 1016.9772338867 1017.6170043945 1018.2319946289 1018.7386474609
1053.6477050781 1051.9526367188 1050.2327880859 1048.4912109375 1046.7305908203 1044.9532470703 1043.1683349609 1041.3798828125 1039.5920410156 1037.8131103516 1036.0480957031 1034.3023681641 1032.5805664062 1030.8875732422 1029.2403564453 1027.6396484375 1026.0880126953 1024.5902099609 1023.1510620117 1021.7972412109 1020.5182495117 1019.3154296875 1018.1925048828 1017.1539916992 1016.2329711914 1015.4048461914 1014.671081543 1014.0335083008 1013.4986572266 1013.0928344727 1012.7867431641 1012.5801391602 1012.4725341797 1012.4724121094 1012.5912475586 1012.8014526367 1013.0992431641 1013.4804077148 1013.9497070312 1014.4987792969 1015.1027832031 1015.7518920898 1016.4356689453 1017.1421508789 1017.8520507812 1018.5407714844 1019.1512451172
1054.8013916016 1053.0803222656 1051.3284912109 1049.5462646484 1047.744140625 1045.9259033203 1044.0985107422 1042.2655029297 1040.4283447266 1038.5966796875 1036.7755126953 1034.9775390625 1033.2061767578 1031.4633789062 1029.7572021484 1028.0927734375 1026.4891357422 1024.9471435547 1023.4672851562 1022.0549926758 1020.7149047852 1019.4705810547 1018.3193359375 1017.2564086914 1016.2849121094 1015.4077758789 1014.6514282227 1014.0056152344 1013.4616088867 1013.0202026367 1012.6831054688 1012.4733276367 1012.3749389648 1012.3767700195 1012.4768676758 1012.6763916016 1012.987121582 1013.3900756836 1013.8712768555 1014.4242553711 1015.0432128906 1015.7227172852 1016.4412231445 1017.184387207 1017.9428710938 1018.7046508789 1019.4448852539
1056.0023193359 1054.2454833984 1052.4571533203 1050.640625 1048.8059082031 1046.9447021484 1045.0666503906 1043.1801757812 1041.2919921875 1039.41796875 1037.5446777344 1035.6866455078 1033.8509521484 1032.0495605469 1030.2971191406 1028.5819091797 1026.9172363281 1025.3087158203 1023.7736816406 1022.3198242188 1020.9421386719 1019.6459350586 1018.435546875 1017.331237793 1016.3322143555 1015.4373168945 1014.6437988281 1013.9536132812 1013.3865356445 1012.9356079102 1012.5979003906 1012.3659667969 1012.2388305664 1012.2337036133 1012.3391113281 1012.5470581055 1012.8480224609 1013.2392578125 1013.7255859375 1014.2944335938 1014.9287719727 1015.6165161133 1016.3483276367 1017.110534668 1017.8906860352 1018.6605834961 1019.3712158203
1057.2395019531 1055.4575195312 1053.6424560547 1051.7858886719 1049.9005126953 1047.9925537109 1046.0753173828 1044.1492919922 1042.2061767578 1040.2642822266 1038.3299560547 1036.4254150391 1034.5413818359 1032.6785888672 1030.8518066406 1029.0717773438 1027.3601074219 1025.7043457031 1024.1115722656 1022.5903320312 1021.155456543 1019.8202514648 1018.5748901367 1017.4267578125 1016.3771362305 1015.4422607422 1014.6235961914 1013.9174194336 1013.3247070312 1012.8411865234 1012.4819335938 1012.2377319336 1012.1112060547 1012.0933227539 1012.1777954102 1012.3768920898 1012.6736450195 1013.0716552734 1013.5534057617 1014.1112670898 1014.7478027344 1015.4399414062 1016.1817626953 1016.9521484375 1017.7370605469 1018.5098266602 1019.2280273438
