models/elk/data/raw/lf_surfaces/top_of_aquifer.grd
DSAA
219 359
2599537.1289303 2743417.1289303
233652.36819342 469932.36819342
618.44201660156 1229.2053222656
[rows 105 to 125 of 359, columns 47 to 93 of 219]
1115.4382324219 1114.6577148438 1113.8815917969 1113.1094970703 1112.3416748047 1111.5776367188 1110.8216552734 1110.0731201172 1109.3314208984 1108.5969238281 1107.8704833984 1107.158203125 1106.4572753906 1105.7691650391 1105.0946044922 1104.4365234375 1103.8006591797 1103.1843261719 1102.5891113281 1102.0177001953 1101.4755859375 1100.9663085938 1100.4871826172 1100.0399169922 1099.6298828125 1099.2622070312 1098.9357910156 1098.6477050781 1098.3983154297 1098.1953125 1098.0360107422 1097.9135742188 1097.8249511719 1097.7672119141 1097.7468261719 1097.7470703125 1097.7620849609 1097.7890625 1097.8221435547 1097.8656005859 1097.892578125 1097.9093017578 1097.9133300781 1097.90234375 1097.8724365234 1097.8211669922 1097.7572021484
1115.9395751953 1115.1671142578 1114.3974609375 1113.6315917969 1112.873046875 1112.1199951172 1111.3731689453 1110.6322021484 1109.8979492188 1109.1752929688 1108.4617919922 1107.7583007812 1107.0657958984 1106.3875732422 1105.7269287109 1105.0817871094 1104.4539794922 1103.8458251953 1103.2613525391 1102.7033691406 1102.1701660156 1101.6643066406 1101.1898193359 1100.7503662109 1100.3459472656 1099.9748535156 1099.6414794922 1099.3485107422 1099.095703125 1098.8790283203 1098.6965332031 1098.5534667969 1098.4467773438 1098.3671875 1098.3107910156 1098.2760009766 1098.2631835938 1098.2657470703 1098.2666015625 1098.2685546875 1098.2687988281 1098.2668457031 1098.2529296875 1098.2236328125 1098.1843261719 1098.1356201172 1098.076171875
1116.4556884766 1115.6896972656 1114.9301757812 1114.1752929688 1113.4245605469 1112.6788330078 1111.9406738281 1111.2115478516 1110.4896240234 1109.775390625 1109.0701904297 1108.3770751953 1107.6987304688 1107.0328369141 1106.3807373047 1105.7443847656 1105.1281738281 1104.5333251953 1103.9587402344 1103.4079589844 1102.8814697266 1102.3853759766 1101.9184570312 1101.4807128906 1101.0775146484 1100.7066650391 1100.3732910156 1100.0731201172 1099.8081054688 1099.5816650391 1099.3881835938 1099.2272949219 1099.0935058594 1098.9901123047 1098.9141845703 1098.8588867188 1098.8138427734 1098.7797851562 1098.7572021484 1098.7393798828 1098.7196044922 1098.693359375 1098.6630859375 1098.6276855469 1098.5849609375 1098.5358886719 1098.4864501953
1116.9875488281 1116.2319335938 1115.4796142578 1114.7319335938 1113.9904785156 1113.2573242188 1112.5301513672 1111.8092041016 1111.0954589844 1110.3924560547 1109.7009277344 1109.0197753906 1108.3500976562 1107.6928710938 1107.0532226562 1106.4305419922 1105.8251953125 1105.2385253906 1104.671875 1104.1319580078 1103.6156005859 1103.1260986328 1102.6635742188 1102.2287597656 1101.8282470703 1101.45703125 1101.1215820312 1100.8175048828 1100.5452880859 1100.3060302734 1100.0971679688 1099.9227294922 1099.7750244141 1099.6531982422 1099.5498046875 1099.4671630859 1099.4035644531 1099.3510742188 1099.3046875 1099.26171875 1099.2237548828 1099.1867675781 1099.1473388672 1099.1046142578 1099.0610351562 1099.017578125 1098.9763183594
1117.5328369141 1116.7847900391 1116.0426025391 1115.3067626953 1114.5750732422 1113.8500976562 1113.1318359375 1112.4224853516 1111.7219238281 1111.0296630859 1110.3471679688 1109.6755371094 1109.0187988281 1108.3756103516 1107.7464599609 1107.1325683594 1106.5352783203 1105.9616699219 1105.4077148438 1104.8754882812 1104.3656005859 1103.8800048828 1103.4240722656 1102.9965820312 1102.5974121094 1102.2265625 1101.8854980469 1101.5758056641 1101.3000488281 1101.0532226562 1100.8344726562 1100.6439208984 1100.4768066406 1100.3393554688 1100.2208251953 1100.1197509766 1100.0324707031 1099.9575195312 1099.8955078125 1099.8397216797 1099.7880859375 1099.7374267578 1099.6905517578 1099.6462402344 1099.6036376953 1099.5639648438 1099.5339355469
1118.0906982422 1117.3533935547 1116.6206054688 1115.8929443359 1115.1707763672 1114.458984375 1113.7523193359 1113.0529785156 1112.3615722656 1111.6790771484 1111.0106201172 1110.3522949219 1109.7055664062 1109.0716552734 1108.4517822266 1107.8520507812 1107.2685546875 1106.7027587891 1106.1557617188 1105.6300048828 1105.1304931641 1104.6549072266 1104.2032470703 1103.7762451172 1103.3768310547 1103.0090332031 1102.6695556641 1102.3569335938 1102.0712890625 1101.8134765625 1101.5887451172 1101.388671875 1101.2103271484 1101.0533447266 1100.9154052734 1100.7999267578 1100.6988525391 1100.6097412109 1100.5306396484 1100.4594726562 1100.3977050781 1100.3411865234 1100.2896728516 1100.2426757812 1100.203125 1100.1717529297 1100.1502685547
1118.6610107422 1117.9327392578 1117.2093505859 1116.4932861328 1115.7841796875 1115.0811767578 1114.3842773438 1113.6950683594 1113.0167236328 1112.3479003906 1111.6889648438 1111.0401611328 1110.4039306641 1109.7841796875 1109.1778564453 1108.5864257812 1108.0106201172 1107.4537353516 1106.9193115234 1106.4045410156 1105.9102783203 1105.4373779297 1104.9906005859 1104.5716552734 1104.1770019531 1103.8068847656 1103.4617919922 1103.1469726562 1102.8616943359 1102.6005859375 1102.3630371094 1102.1479492188 1101.9595947266 1101.7928466797 1101.6441650391 1101.5120849609 1101.3947753906 1101.2934570312 1101.2039794922 1101.1237792969 1101.0517578125 1100.98828125 1100.9349365234 1100.8894042969 1100.8525390625 1100.8254394531 1100.8110351562
1119.2410888672 1118.5241699219 1117.8125 1117.1070556641 1116.4079589844 1115.7141113281 1115.0299072266 1114.3533935547 1113.6854248047 1113.0266113281 1112.3781738281 1111.7436523438 1111.1203613281 1110.5093994141 1109.9116210938 1109.3309326172 1108.7684326172 1108.2225341797 1107.6942138672 1107.1843261719 1106.69921875 1106.2365722656 1105.7955322266 1105.3764648438 1104.9808349609 1104.6151123047 1104.2736816406 1103.9565429688 1103.6632080078 1103.3939208984 1103.1528320312 1102.9329833984 1102.7333984375 1102.5528564453 1102.3931884766 1102.2524414062 1102.1257324219 1102.0123291016 1101.9112548828 1101.8231201172 1101.7465820312 1101.6799316406 1101.6231689453 1101.5765380859 1101.5428466797 1101.5231933594 1101.5177001953
1119.8336181641 1119.1265869141 1118.4245605469 1117.7296142578 1117.0421142578 1116.3610839844 1115.6871337891 1115.0202636719 1114.3631591797 1113.7183837891 1113.0830078125 1112.4577636719 1111.8432617188 1111.2440185547 1110.6599121094 1110.0899658203 1109.5347900391 1108.9962158203 1108.4788818359 1107.9807128906 1107.5013427734 1107.0413818359 1106.6041259766 1106.1927490234 1105.8032226562 1105.4357910156 1105.0905761719 1104.7729492188 1104.4798583984 1104.2081298828 1103.9575195312 1103.728515625 1103.5231933594 1103.3374023438 1103.1684570312 1103.015625 1102.8790283203 1102.7591552734 1102.6516113281 1102.5563964844 1102.4730224609 1102.4024658203 1102.3450927734 1102.30078125 1102.2696533203 1102.2524414062 1102.2512207031
1120.4322509766 1119.7352294922 1119.0469970703 1118.3638916016 1117.6862792969 1117.0141601562 1116.3516845703 1115.6988525391 1115.0548095703 1114.4195556641 1113.7927246094 1113.1799316406 1112.5794677734 1111.9910888672 1111.4154052734 1110.853515625 1110.3109130859 1109.7841796875 1109.2738037109 1108.7813720703 1108.3079833984 1107.8580322266 1107.4274902344 1107.0167236328 1106.62890625 1106.2642822266 1105.9233398438 1105.6032714844 1105.3039550781 1105.0295410156 1104.7764892578 1104.5443115234 1104.3305664062 1104.1352539062 1103.9605712891 1103.8023681641 1103.6589355469 1103.5296630859 1103.4149169922 1103.3154296875 1103.2290039062 1103.1558837891 1103.0958251953 1103.0505371094 1103.0208740234 1103.0095214844 1103.0157470703
1121.0402832031 1120.3563232422 1119.6766357422 1119.001953125 1118.3363037109 1117.6788330078 1117.0283203125 1116.3848876953 1115.7501220703 1115.1275634766 1114.5151367188 1113.9128417969 1113.3211669922 1112.7416992188 1112.1791992188 1111.6301269531 1111.0953369141 1110.5759277344 1110.0733642578 1109.5913085938 1109.1263427734 1108.6802978516 1108.2537841797 1107.8481445312 1107.4652099609 1107.1015625 1106.7600097656 1106.4398193359 1106.1414794922 1105.8641357422 1105.6057128906 1105.3695068359 1105.1519775391 1104.9530029297 1104.7709960938 1104.6043701172 1104.4564208984 1104.3227539062 1104.2038574219 1104.0986328125 1104.0074462891 1103.9321289062 1103.8706054688 1103.8266601562 1103.7985839844 1103.7888183594 1103.7976074219
1121.6531982422 1120.9780273438 1120.3118896484 1119.6513671875 1118.9963378906 1118.3480224609 1117.7067871094 1117.078125 1116.4573974609 1115.8444824219 1115.2410888672 1114.6486816406 1114.0709228516 1113.5045166016 1112.9505615234 1112.4096679688 1111.8840332031 1111.3758544922 1110.8830566406 1110.4069824219 1109.9477539062 1109.5078125 1109.0880126953 1108.6870117188 1108.3062744141 1107.9445800781 1107.6044921875 1107.2846679688 1106.9857177734 1106.70703125 1106.4470214844 1106.2069091797 1105.9846191406 1105.7818603516 1105.5961914062 1105.42578125 1105.2722167969 1105.1330566406 1105.0108642578 1104.9027099609 1104.8084716797 1104.73046875 1104.6671142578 1104.6228027344 1104.5946044922 1104.5844726562 1104.5959472656
1122.2724609375 1121.6107177734 1120.9539794922 1120.302734375 1119.6584472656 1119.0244140625 1118.3967285156 1117.7772216797 1117.166015625 1116.5649414062 1115.9757080078 1115.3958740234 1114.8266601562 1114.2689208984 1113.7252197266 1113.1964111328 1112.6811523438 1112.1801757812 1111.6938476562 1111.2254638672 1110.7749023438 1110.3419189453 1109.9261474609 1109.5280761719 1109.1510009766 1108.79296875 1108.4554443359 1108.1364746094 1107.8358154297 1107.5559082031 1107.2954101562 1107.0541992188 1106.8299560547 1106.6223144531 1106.4324951172 1106.2598876953 1106.1037597656 1105.9621582031 1105.8349609375 1105.7232666016 1105.6282958984 1105.5487060547 1105.4840087891 1105.4357910156 1105.4061279297 1105.3978271484 1105.4093017578
1122.8963623047 1122.2445068359 1121.5986328125 1120.9617919922 1120.3302001953 1119.7054443359 1119.0880126953 1118.4807128906 1117.8826904297 1117.2932128906 1116.7130126953 1116.142578125 1115.5849609375 1115.0399169922 1114.5065917969 1113.9855957031 1113.4774169922 1112.9859619141 1112.5103759766 1112.0498046875 1111.6043701172 1111.1743164062 1110.7650146484 1110.3746337891 1110.0012207031 1109.6450195312 1109.3068847656 1108.9901123047 1108.6929931641 1108.4133300781 1108.1510009766 1107.9061279297 1107.6809082031 1107.4738769531 1107.2823486328 1107.1060791016 1106.9460449219 1106.8029785156 1106.6755371094 1106.5625 1106.4639892578 1106.3812255859 1106.3165283203 1106.2690429688 1106.2384033203 1106.2254638672 1106.2331542969
1123.5244140625 1122.8843994141 1122.2503662109 1121.6226806641 1121.0015869141 1120.3890380859 1119.78515625 1119.1889648438 1118.6007080078 1118.0209960938 1117.4528808594 1116.8953857422 1116.3481445312 1115.8116455078 1115.2863769531 1114.7764892578 1114.2800292969 1113.7966308594 1113.3269042969 1112.8712158203 1112.4340820312 1112.0135498047 1111.6090087891 1111.2204589844 1110.8483886719 1110.4984130859 1110.1656494141 1109.8498535156 1109.5510253906 1109.2701416016 1109.0107421875 1108.7677001953 1108.541015625 1108.330078125 1108.1363525391 1107.9621582031 1107.8022460938 1107.6566162109 1107.5256347656 1107.4117431641 1107.3150634766 1107.2331542969 1107.1662597656 1107.1151123047 1107.083984375 1107.0727539062 1107.0795898438
1124.154296875 1123.5247802734 1122.9013671875 1122.2852783203 1121.6772460938 1121.0762939453 1120.4829101562 1119.896484375 1119.3205566406 1118.7537841797 1118.1961669922 1117.6478271484 1117.1092529297 1116.5848388672 1116.0715332031 1115.5698242188 1115.0802001953 1114.6037597656 1114.1442871094 1113.6976318359 1113.2653808594 1112.8485107422 1112.4487304688 1112.0672607422 1111.7019042969 1111.3529052734 1111.0198974609 1110.7066650391 1110.4123535156 1110.1345214844 1109.8729248047 1109.6274414062 1109.4022216797 1109.1939697266 1109.0014648438 1108.82421875 1108.6606445312 1108.5174560547 1108.3895263672 1108.2762451172 1108.1774902344 1108.0938720703 1108.0299072266 1107.9820556641 1107.9505615234 1107.9360351562 1107.9400634766
1124.7829589844 1124.1655273438 1123.5550537109 1122.9509277344 1122.3533935547 1121.76171875 1121.1810302734 1120.6079101562 1120.0427246094 1119.4857177734 1118.9368896484 1118.4011230469 1117.875 1117.3590087891 1116.8533935547 1116.3599853516 1115.8812255859 1115.4147949219 1114.9600830078 1114.5178222656 1114.0931396484 1113.6849365234 1113.291015625 1112.9116210938 1112.5487060547 1112.2043457031 1111.8773193359 1111.5661621094 1111.2709960938 1110.9934082031 1110.7349853516 1110.4934082031 1110.2677001953 1110.0570068359 1109.8641357422 1109.689453125 1109.5305175781 1109.3865966797 1109.2574462891 1109.1451416016 1109.0506591797 1108.9713134766 1108.9072265625 1108.8587646484 1108.8291015625 1108.8193359375 1108.8265380859
1125.4147949219 1124.8088378906 1124.2081298828 1123.6134033203 1123.0288085938 1122.4514160156 1121.8812255859 1121.3171386719 1120.7615966797 1120.2174072266 1119.681640625 1119.1547851562 1118.6365966797 1118.1298828125 1117.6358642578 1117.1525878906 1116.6804199219 1116.2198486328 1115.7717285156 1115.3400878906 1114.9216308594 1114.5169677734 1114.126953125 1113.7537841797 1113.3968505859 1113.0549316406 1112.7288818359 1112.4196777344 1112.1291503906 1111.8547363281 1111.5961914062 1111.3546142578 1111.1298828125 1110.9215087891 1110.7312011719 1110.5568847656 1110.3988037109 1110.2568359375 1110.1326904297 1110.0236816406 1109.9298095703 1109.8526611328 1109.7922363281 1109.7503662109 1109.724609375 1109.7155761719 1109.7250976562
1126.0437011719 1125.4476318359 1124.8605957031 1124.2800292969 1123.7054443359 1123.1370849609 1122.5770263672 1122.0266113281 1121.4840087891 1120.9484863281 1120.4210205078 1119.9044189453 1119.3986816406 1118.9022216797 1118.4154052734 1117.9390869141 1117.4760742188 1117.0234375 1116.5833740234 1116.1569824219 1115.7434082031 1115.3460693359 1114.9621582031 1114.5921630859 1114.23828125 1113.8991699219 1113.5782470703 1113.2724609375 1112.982421875 1112.7097167969 1112.4530029297 1112.2149658203 1111.9907226562 1111.7840576172 1111.5958251953 1111.4235839844 1111.2694091797 1111.130859375 1111.0086669922 1110.9027099609 1110.8137207031 1110.7425537109 1110.6871337891 1110.6486816406 1110.6265869141 1110.6242675781 1110.6419677734
1126.6728515625 1126.0899658203 1125.5119628906 1124.9404296875 1124.3775634766 1123.8232421875 1123.2752685547 1122.7336425781 1122.1995849609 1121.67578125 1121.1612548828 1120.6546630859 1120.1566162109 1119.6676025391 1119.1912841797 1118.7253417969 1118.2683105469 1117.8216552734 1117.3881835938 1116.9697265625 1116.5634765625 1116.1701660156 1115.7901611328 1115.4241943359 1115.0751953125 1114.7401123047 1114.4213867188 1114.1176757812 1113.8299560547 1113.5600585938 1113.3059082031 1113.0682373047 1112.8450927734 1112.6419677734 1112.4575195312 1112.2885742188 1112.1370849609 1112.0013427734 1111.8834228516 1111.7833251953 1111.6998291016 1111.6329345703 1111.5821533203 1111.5506591797 1111.5373535156 1111.5423583984 1111.5654296875
1127.2983398438 1126.7247314453 1126.1596679688 1125.6022949219 1125.0502929688 1124.5048828125 1123.9660644531 1123.4373779297 1122.9163818359 1122.4020996094 1121.8956298828 1121.3974609375 1120.9108886719 1120.4331054688 1119.9642333984 1119.5041503906 1119.0521240234 1118.6162109375 1118.1911621094 1117.7777099609 1117.3757324219 1116.986328125 1116.6121826172 1116.2518310547 1115.9055175781 1115.5731201172 1115.2561035156 1114.9555664062 1114.6716308594 1114.40234375 1114.1480712891 1113.9117431641 1113.6932373047 1113.4945068359 1113.3121337891 1113.1450195312 1112.9968261719 1112.8665771484 1112.7543945312 1112.6584472656 1112.5789794922 1112.5194091797 1112.4777832031 1112.4538574219 1112.4468994141 1112.4575195312 1112.4907226562
