models/elk/data/raw/lf_surfaces/top_of_aquifer.grd
DSAA
219 359
2599537.1289303 2743417.1289303
233652.36819342 469932.36819342
618.44201660156 1229.2053222656
[rows 126 to 146 of 359, columns 47 to 93 of 219]
1127.9208984375 1127.3603515625 1126.8057861328 1126.2575683594 1125.7158203125 1125.1838378906 1124.6575927734 1124.1381835938 1123.6258544922 1123.12109375 1122.6270751953 1122.1400146484 1121.6611328125 1121.1905517578 1120.7294921875 1120.2769775391 1119.8356933594 1119.4052734375 1118.9851074219 1118.5767822266 1118.1817626953 1117.7983398438 1117.4274902344 1117.0692138672 1116.7255859375 1116.3975830078 1116.0844726562 1115.7855224609 1115.5009765625 1115.2314453125 1114.9820556641 1114.7493896484 1114.5334472656 1114.3352050781 1114.1547851562 1113.9938964844 1113.8499755859 1113.7230224609 1113.6130371094 1113.5245361328 1113.4545898438 1113.4016113281 1113.3658447266 1113.3479003906 1113.3519287109 1113.3748779297 1113.4150390625
1128.5394287109 1127.9891357422 1127.4450683594 1126.9100341797 1126.3807373047 1125.8577880859 1125.3414306641 1124.8323974609 1124.3321533203 1123.8387451172 1123.3526611328 1122.8740234375 1122.4040527344 1121.9437255859 1121.4896240234 1121.0441894531 1120.6094970703 1120.185546875 1119.7731933594 1119.37109375 1118.9794921875 1118.5986328125 1118.2319335938 1117.8791503906 1117.5390625 1117.2119140625 1116.8979492188 1116.6018066406 1116.3200683594 1116.0541992188 1115.8049316406 1115.5715332031 1115.3588867188 1115.1657714844 1114.9888916016 1114.8286132812 1114.6860351562 1114.56640625 1114.4653320312 1114.3817138672 1114.3155517578 1114.2684326172 1114.2440185547 1114.2375488281 1114.2491455078 1114.2786865234 1114.3271484375
1129.1511230469 1128.6134033203 1128.0819091797 1127.5565185547 1127.0374755859 1126.5249023438 1126.0207519531 1125.5229492188 1125.0318603516 1124.5474853516 1124.0708007812 1123.6027832031 1123.1422119141 1122.6878662109 1122.2393798828 1121.8034667969 1121.3771972656 1120.9597167969 1120.5513916016 1120.1524658203 1119.7664794922 1119.3917236328 1119.0281982422 1118.6761474609 1118.3364257812 1118.0126953125 1117.7032470703 1117.4066162109 1117.1236572266 1116.8582763672 1116.6129150391 1116.3837890625 1116.1719970703 1115.9777832031 1115.8017578125 1115.6477050781 1115.5118408203 1115.39453125 1115.2958984375 1115.2178955078 1115.162109375 1115.1247558594 1115.1058349609 1115.10546875 1115.126953125 1115.1694335938 1115.2291259766
1129.7589111328 1129.2315673828 1128.7099609375 1128.1949462891 1127.6881103516 1127.1875 1126.6929931641 1126.2042236328 1125.7231445312 1125.25 1124.7833251953 1124.3232421875 1123.8695068359 1123.4216308594 1122.9844970703 1122.5554199219 1122.1341552734 1121.7210693359 1121.3194580078 1120.9268798828 1120.5435791016 1120.1701660156 1119.80859375 1119.4600830078 1119.1239013672 1118.8001708984 1118.4890136719 1118.1922607422 1117.9139404297 1117.6507568359 1117.4031982422 1117.1722412109 1116.9631347656 1116.7727050781 1116.5998535156 1116.4456787109 1116.3114013672 1116.1993408203 1116.1085205078 1116.0369873047 1115.9847412109 1115.9527587891 1115.9437255859 1115.9555664062 1115.9865722656 1116.0358886719 1116.1027832031
1130.357421875 1129.8408203125 1129.33203125 1128.8292236328 1128.3321533203 1127.8399658203 1127.3563232422 1126.8797607422 1126.4091796875 1125.9443359375 1125.4849853516 1125.0347900391 1124.5888671875 1124.1501464844 1123.7193603516 1123.2955322266 1122.8820800781 1122.4759521484 1122.0776367188 1121.6877441406 1121.3074951172 1120.9382324219 1120.5791015625 1120.2305908203 1119.8947753906 1119.572265625 1119.2620849609 1118.9661865234 1118.6850585938 1118.4212646484 1118.1746826172 1117.9461669922 1117.7358398438 1117.5434570312 1117.3718261719 1117.2221679688 1117.0926513672 1116.9829101562 1116.8936767578 1116.8265380859 1116.7830810547 1116.7608642578 1116.7585449219 1116.7767333984 1116.8153076172 1116.8764648438 1116.9554443359
1130.9505615234 1130.4458007812 1129.9459228516 1129.4516601562 1128.9664306641 1128.4875488281 1128.0145263672 1127.5458984375 1127.0832519531 1126.6295166016 1126.1815185547 1125.7392578125 1125.2989501953 1124.8671875 1124.4451904297 1124.029296875 1123.6199951172 1123.2176513672 1122.8233642578 1122.4382324219 1122.060546875 1121.6920166016 1121.3343505859 1120.9876708984 1120.6527099609 1120.328125 1120.0167236328 1119.720703125 1119.4399414062 1119.1748046875 1118.9255371094 1118.6956787109 1118.4852294922 1118.2938232422 1118.1235351562 1117.9725341797 1117.8442382812 1117.7364501953 1117.6534423828 1117.5921630859 1117.5523681641 1117.5356445312 1117.5394287109 1117.5687255859 1117.6182861328 1117.6860351562 1117.7711181641
1131.5334472656 1131.0374755859 1130.5506591797 1130.0701904297 1129.5943603516 1129.1239013672 1128.6594238281 1128.2034912109 1127.7529296875 1127.306640625 1126.8658447266 1126.4312744141 1126.0009765625 1125.5780029297 1125.1611328125 1124.7498779297 1124.3458251953 1123.9490966797 1123.5581054688 1123.1750488281 1122.7993164062 1122.4331054688 1122.0762939453 1121.7291259766 1121.3930664062 1121.0671386719 1120.7553710938 1120.4566650391 1120.1730957031 1119.9061279297 1119.6547851562 1119.4228515625 1119.2095947266 1119.0174560547 1118.8464355469 1118.6947021484 1118.5675048828 1118.4620361328 1118.3813476562 1118.3229980469 1118.2872314453 1118.2777099609 1118.2899169922 1118.3255615234 1118.3819580078 1118.4577636719 1118.5496826172
1132.1081542969 1131.6252441406 1131.1472167969 1130.6751708984 1130.2097167969 1129.7523193359 1129.2994384766 1128.8513183594 1128.4084472656 1127.9719238281 1127.5419921875 1127.1143798828 1126.6911621094 1126.2749023438 1125.8648681641 1125.4606933594 1125.0614013672 1124.6674804688 1124.2789306641 1123.8985595703 1123.5251464844 1123.1600341797 1122.8029785156 1122.4547119141 1122.1158447266 1121.7883300781 1121.4744873047 1121.1732177734 1120.8853759766 1120.6136474609 1120.3590087891 1120.1245117188 1119.9088134766 1119.7127685547 1119.5379638672 1119.3865966797 1119.2591552734 1119.1538085938 1119.072265625 1119.0172119141 1118.9877929688 1118.9822998047 1118.9990234375 1119.0404052734 1119.1070556641 1119.1889648438 1119.2879638672
1132.6723632812 1132.1986083984 1131.7318115234 1131.2727050781 1130.8182373047 1130.369140625 1129.9251708984 1129.4880371094 1129.0563964844 1128.62890625 1128.2049560547 1127.7839355469 1127.37109375 1126.9627685547 1126.5583496094 1126.1583251953 1125.7626953125 1125.3726806641 1124.9884033203 1124.6097412109 1124.2370605469 1123.8708496094 1123.5124511719 1123.1629638672 1122.8225097656 1122.4921875 1122.1724853516 1121.8656005859 1121.5750732422 1121.2991943359 1121.0389404297 1120.7963867188 1120.5764160156 1120.3782958984 1120.2004394531 1120.0440673828 1119.9114990234 1119.806640625 1119.7283935547 1119.6744384766 1119.6446533203 1119.6418457031 1119.6665039062 1119.7166748047 1119.7880859375 1119.8757324219 1119.9807128906
1133.2254638672 1132.7634277344 1132.3074951172 1131.857421875 1131.4127197266 1130.9750976562 1130.5423583984 1130.1143798828 1129.6911621094 1129.2723388672 1128.8562011719 1128.4456787109 1128.0394287109 1127.6368408203 1127.2379150391 1126.8431396484 1126.4523925781 1126.0657958984 1125.6833496094 1125.3051757812 1124.9332275391 1124.5670166016 1124.20703125 1123.8537597656 1123.5083007812 1123.1740722656 1122.8508300781 1122.5389404297 1122.2395019531 1121.9542236328 1121.6896972656 1121.4439697266 1121.2166748047 1121.0081787109 1120.8221435547 1120.6649169922 1120.5313720703 1120.4222412109 1120.3380126953 1120.2835693359 1120.2595214844 1120.2607421875 1120.2874755859 1120.3404541016 1120.41796875 1120.5129394531 1120.6263427734
1133.7674560547 1133.3155517578 1132.8693847656 1132.4304199219 1131.9973144531 1131.5692138672 1131.1459960938 1130.7271728516 1130.314453125 1129.9044189453 1129.4973144531 1129.09375 1128.6943359375 1128.2989501953 1127.9057617188 1127.5153808594 1127.1281738281 1126.744140625 1126.3640136719 1125.9873046875 1125.6142578125 1125.2454833984 1124.8826904297 1124.5266113281 1124.1774902344 1123.8363037109 1123.5040283203 1123.1848144531 1122.8792724609 1122.5875244141 1122.3118896484 1122.0539550781 1121.8186035156 1121.6049804688 1121.4132080078 1121.2447509766 1121.1004638672 1120.9901123047 1120.9069824219 1120.8507080078 1120.8214111328 1120.8198242188 1120.8527832031 1120.9135742188 1120.9937744141 1121.0913085938 1121.2124023438
1134.2939453125 1133.8532714844 1133.4190673828 1132.9906005859 1132.5672607422 1132.1479492188 1131.7362060547 1131.3283691406 1130.9241943359 1130.5230712891 1130.1220703125 1129.7280273438 1129.3364257812 1128.9467773438 1128.55859375 1128.1728515625 1127.7897949219 1127.4085693359 1127.029296875 1126.6518554688 1126.2779541016 1125.9072265625 1125.5406494141 1125.1784667969 1124.8225097656 1124.4749755859 1124.1357421875 1123.8062744141 1123.4879150391 1123.1853027344 1122.9019775391 1122.6343994141 1122.3853759766 1122.1566162109 1121.9545898438 1121.7801513672 1121.6314697266 1121.5096435547 1121.4155273438 1121.35546875 1121.3282470703 1121.3294677734 1121.3598632812 1121.4211425781 1121.5014648438 1121.6108398438 1121.7398681641
1134.8099365234 1134.3793945312 1133.9543457031 1133.5347900391 1133.123046875 1132.7163085938 1132.3139648438 1131.9143066406 1131.5185546875 1131.1256103516 1130.7362060547 1130.3494873047 1129.9633789062 1129.5798339844 1129.1983642578 1128.8177490234 1128.4376220703 1128.0583496094 1127.6800537109 1127.3026123047 1126.9261474609 1126.5516357422 1126.181640625 1125.8137207031 1125.4500732422 1125.091796875 1124.7413330078 1124.4028320312 1124.0740966797 1123.7589111328 1123.4581298828 1123.1755371094 1122.9152832031 1122.6761474609 1122.4600830078 1122.2686767578 1122.1080322266 1121.9787597656 1121.8803710938 1121.8123779297 1121.7750244141 1121.7727050781 1121.8029785156 1121.8698730469 1121.9562988281 1122.0649414062 1122.1994628906
1135.3095703125 1134.8883056641 1134.4757080078 1134.0687255859 1133.6662597656 1133.2677001953 1132.8743896484 1132.4864501953 1132.1004638672 1131.7159423828 1131.333984375 1130.9548339844 1130.5778808594 1130.2015380859 1129.8244628906 1129.4473876953 1129.0706787109 1128.6936035156 1128.3155517578 1127.9368896484 1127.5587158203 1127.1812744141 1126.8035888672 1126.4268798828 1126.0556640625 1125.6892089844 1125.3269042969 1124.9721679688 1124.6274414062 1124.3000488281 1123.9860839844 1123.6865234375 1123.4057617188 1123.1480712891 1122.9194335938 1122.7160644531 1122.5407714844 1122.3950195312 1122.2835693359 1122.2081298828 1122.1661376953 1122.1585693359 1122.1842041016 1122.2482910156 1122.3338623047 1122.4523925781 1122.5942382812
1135.7957763672 1135.3864746094 1134.9821777344 1134.5833740234 1134.1917724609 1133.8057861328 1133.4233398438 1133.0432128906 1132.6647949219 1132.2906494141 1131.9194335938 1131.5485839844 1131.1772460938 1130.8062744141 1130.4357910156 1130.0638427734 1129.6899414062 1129.3140869141 1128.9364013672 1128.5562744141 1128.1750488281 1127.7923583984 1127.4089355469 1127.0257568359 1126.6418457031 1126.2600097656 1125.8858642578 1125.5192871094 1125.1607666016 1124.8104248047 1124.4733886719 1124.1584472656 1123.8621826172 1123.5863037109 1123.3336181641 1123.1086425781 1122.9197998047 1122.7609863281 1122.6350097656 1122.5435791016 1122.4897460938 1122.4761962891 1122.4965820312 1122.5577392578 1122.6452636719 1122.7666015625 1122.9134521484
1136.2650146484 1135.8640136719 1135.4719238281 1135.0861816406 1134.7039794922 1134.3262939453 1133.9525146484 1133.5844726562 1133.2180175781 1132.8518066406 1132.4875488281 1132.1241455078 1131.7623291016 1131.3989257812 1131.0325927734 1130.6643066406 1130.2938232422 1129.9201660156 1129.5418701172 1129.1599121094 1128.7758789062 1128.3885498047 1127.9956054688 1127.6014404297 1127.2081298828 1126.8160400391 1126.4249267578 1126.0360107422 1125.6585693359 1125.2922363281 1124.9382324219 1124.5964355469 1124.2717285156 1123.9763183594 1123.7059326172 1123.4617919922 1123.2463378906 1123.0632324219 1122.9240722656 1122.8198242188 1122.7513427734 1122.7229003906 1122.734375 1122.7927246094 1122.8796386719 1122.9995117188 1123.1527099609
1136.7181396484 1136.3294677734 1135.9465332031 1135.5689697266 1135.1965332031 1134.8317871094 1134.4692382812 1134.1088867188 1133.7503662109 1133.3947753906 1133.0419921875 1132.6871337891 1132.3311767578 1131.9737548828 1131.6142578125 1131.2513427734 1130.8831787109 1130.5104980469 1130.1328125 1129.7493896484 1129.3608398438 1128.9663085938 1128.5666503906 1128.1634521484 1127.7556152344 1127.3453369141 1126.9379882812 1126.5339355469 1126.1353759766 1125.7408447266 1125.3614501953 1124.9982910156 1124.6528320312 1124.328125 1124.0250244141 1123.7572021484 1123.5223388672 1123.3200683594 1123.1520996094 1123.0224609375 1122.9421386719 1122.9022216797 1122.9019775391 1122.9439697266 1123.0269775391 1123.1522216797 1123.3077392578
1137.1550292969 1136.7747802734 1136.4016113281 1136.0362548828 1135.6751708984 1135.3184814453 1134.9656982422 1134.6166992188 1134.2691650391 1133.9230957031 1133.5775146484 1133.2315673828 1132.8848876953 1132.5345458984 1132.1801757812 1131.8212890625 1131.4575195312 1131.0876464844 1130.7084960938 1130.3234863281 1129.9315185547 1129.5308837891 1129.1207275391 1128.7045898438 1128.2835693359 1127.8586425781 1127.431640625 1127.0024414062 1126.5799560547 1126.1641845703 1125.7579345703 1125.3634033203 1124.9853515625 1124.6342773438 1124.3074951172 1124.0076904297 1123.7375488281 1123.5081787109 1123.3205566406 1123.1715087891 1123.0626220703 1122.99609375 1122.9838867188 1123.0191650391 1123.0949707031 1123.2087402344 1123.3625488281
1137.5715332031 1137.2030029297 1136.8408203125 1136.4842529297 1136.1329345703 1135.7868652344 1135.4454345703 1135.1059570312 1134.7683105469 1134.4324951172 1134.0968017578 1133.759765625 1133.4204101562 1133.0777587891 1132.7309570312 1132.3771972656 1132.0162353516 1131.6473388672 1131.2703857422 1130.8858642578 1130.4868164062 1130.0777587891 1129.6591796875 1129.2312011719 1128.7950439453 1128.3499755859 1127.9012451172 1127.4506835938 1127.0007324219 1126.5545654297 1126.1193847656 1125.6947021484 1125.2857666016 1124.8968505859 1124.5336914062 1124.2045898438 1123.9073486328 1123.64453125 1123.4188232422 1123.2398681641 1123.1112060547 1123.0267333984 1122.9886474609 1122.998046875 1123.0609130859 1123.1729736328 1123.3255615234
1137.9697265625 1137.6099853516 1137.2567138672 1136.9100341797 1136.5701904297 1136.2349853516 1135.9035644531 1135.5737304688 1135.2468261719 1134.9215087891 1134.595703125 1134.2686767578 1133.9379882812 1133.6029052734 1133.2623291016 1132.9149169922 1132.5598144531 1132.1937255859 1131.8151855469 1131.4268798828 1131.0260009766 1130.6114501953 1130.1837158203 1129.740234375 1129.2857666016 1128.8214111328 1128.3488769531 1127.8745117188 1127.3946533203 1126.9168701172 1126.4450683594 1125.9831542969 1125.5408935547 1125.1166992188 1124.7164306641 1124.3433837891 1124.0045166016 1123.7110595703 1123.4556884766 1123.2421875 1123.0725097656 1122.9547119141 1122.8947753906 1122.8869628906 1122.9271240234 1123.0145263672 1123.1552734375
1138.3452148438 1137.9953613281 1137.6534423828 1137.3175048828 1136.9874267578 1136.6608886719 1136.3400878906 1136.0224609375 1135.7067871094 1135.3917236328 1135.0743408203 1134.7570800781 1134.4365234375 1134.1110839844 1133.7786865234 1133.4365234375 1133.0853271484 1132.7224121094 1132.3479003906 1131.9595947266 1131.5539550781 1131.1298828125 1130.6896972656 1130.2336425781 1129.7637939453 1129.2797851562 1128.7806396484 1128.2730712891 1127.7600097656 1127.2523193359 1126.7468261719 1126.2452392578 1125.7557373047 1125.2847900391 1124.8499755859 1124.4398193359 1124.0607910156 1123.7177734375 1123.4155273438 1123.1711425781 1122.970703125 1122.8181152344 1122.7156982422 1122.6712646484 1122.6884765625 1122.7581787109 1122.8792724609
