models/elk/data/raw/lf_surfaces/Topography.grd
DSAA
223 356
2598094.4102888 2744614.4102888
234954.12730517 469254.12730517
801.44354248047 1549.4270019531
[rows 210 to 230 of 356, columns 0 to 46 of 223]
1.70141E+38 1512.2263183594 1511.4826660156 1492.943359375 1493.7501220703 1496.6258544922 1488.7291259766 1494.0024414062 1488.3002929688 1484.8391113281 1484.7879638672 1483.5653076172 1475.9940185547 1484.1236572266 1468.3353271484 1468.9193115234 1467.8842773438 1452.7724609375 1448.5755615234 1438.9219970703 1448.947265625 1457.087890625 1445.4536132812 1438.9383544922 1429.8341064453 1424.6938476562 1419.3933105469 1413.9045410156 1403.5318603516 1398.3959960938 1397.8381347656 1392.4182128906 1395.5458984375 1395.8618164062 1383.6726074219 1376.9868164062 1372.9873046875 1377.1058349609 1374.6635742188 1367.0063476562 1361.9010009766 1355.2203369141 1349.4271240234 1335.4936523438 1302.0552978516 1310.0360107422 1307.5478515625
1.70141E+38 1528.7036132812 1507.619140625 1497.7071533203 1491.9468994141 1490.0046386719 1488.6854248047 1492.0375976562 1482.8245849609 1484.3189697266 1482.1719970703 1479.0793457031 1478.576171875 1474.0294189453 1463.6038818359 1464.2340087891 1455.2446289062 1455.3179931641 1450.73046875 1443.7125244141 1454.3377685547 1445.3293457031 1443.8156738281 1440.9952392578 1428.5483398438 1425.5089111328 1412.1599121094 1403.1519775391 1379.2525634766 1392.9200439453 1373.443359375 1392.6712646484 1390.7236328125 1382.9459228516 1369.3083496094 1369.177734375 1343.3751220703 1376.0924072266 1378.6391601562 1363.6545410156 1357.3709716797 1353.7666015625 1310.3276367188 1347.5029296875 1337.4008789062 1317.8883056641 1334.5697021484
1.70141E+38 1.70141E+38 1525.1240234375 1504.2469482422 1496.8380126953 1495.9372558594 1497.16015625 1493.3684082031 1486.4693603516 1480.1826171875 1476.1837158203 1472.08984375 1469.3525390625 1463.7520751953 1458.3999023438 1454.9790039062 1458.9890136719 1447.6512451172 1442.6958007812 1441.2506103516 1435.5242919922 1447.1541748047 1445.7454833984 1439.9354248047 1424.8264160156 1419.6994628906 1413.1569824219 1397.8562011719 1404.5048828125 1399.0101318359 1393.5222167969 1373.8480224609 1366.2191162109 1385.9736328125 1383.1324462891 1383.1594238281 1374.0419921875 1363.0311279297 1354.9184570312 1329.3106689453 1341.1628417969 1324.4918212891 1351.0076904297 1346.5111083984 1344.7216796875 1338.2401123047 1333.1628417969
1.70141E+38 1.70141E+38 1518.4968261719 1505.4024658203 1506.2861328125 1504.1307373047 1502.2917480469 1494.0227050781 1490.1622314453 1481.5708007812 1481.6895751953 1476.0747070312 1471.9356689453 1460.5252685547 1461.7270507812 1457.7377929688 1449.5550537109 1445.0334472656 1445.0300292969 1446.7789306641 1448.931640625 1437.763671875 1436.7236328125 1419.8859863281 1419.0432128906 1402.1458740234 1396.5261230469 1404.7421875 1397.1324462891 1396.5501708984 1391.6284179688 1389.970703125 1384.2153320312 1386.3305664062 1380.3419189453 1381.2407226562 1378.1357421875 1370.5894775391 1362.2109375 1360.2569580078 1356.2487792969 1357.0924072266 1350.3450927734 1346.9349365234 1343.2003173828 1337.4636230469 1331.8041992188
1.70141E+38 1.70141E+38 1503.6513671875 1502.0997314453 1507.9468994141 1515.2525634766 1506.1013183594 1497.8601074219 1484.8078613281 1482.5515136719 1476.1408691406 1474.9324951172 1473.2160644531 1462.8693847656 1461.8551025391 1452.4495849609 1449.412109375 1445.9476318359 1448.8862304688 1455.5932617188 1449.5144042969 1442.8166503906 1442.9249267578 1432.0498046875 1424.7723388672 1422.9645996094 1417.48828125 1408.1987304688 1395.6716308594 1395.1578369141 1389.3466796875 1385.9686279297 1388.6595458984 1387.7768554688 1390.2919921875 1381.5454101562 1368.662109375 1365.8819580078 1363.3112792969 1359.7770996094 1357.1354980469 1352.8032226562 1352.0554199219 1345.1157226562 1341.1030273438 1335.7526855469 1330.5994873047
1.70141E+38 1.70141E+38 1511.7569580078 1502.0997314453 1504.9349365234 1510.2904052734 1500.9357910156 1493.9739990234 1486.1982421875 1477.3781738281 1471.1583251953 1467.9005126953 1471.1806640625 1463.1556396484 1456.439453125 1449.8439941406 1451.4517822266 1459.1090087891 1454.890625 1450.2685546875 1446.2550048828 1443.5285644531 1446.4735107422 1433.4294433594 1431.7064208984 1426.6649169922 1413.8771972656 1408.1202392578 1401.3455810547 1391.5447998047 1389.0163574219 1386.7041015625 1390.9558105469 1378.4617919922 1367.4267578125 1367.1580810547 1363.0766601562 1363.5250244141 1360.6062011719 1357.8273925781 1355.646484375 1351.869140625 1351.8560791016 1343.8450927734 1338.7915039062 1333.4852294922 1328.7908935547
1.70141E+38 1.70141E+38 1511.1442871094 1504.6810302734 1503.3040771484 1502.8894042969 1494.5727539062 1491.7186279297 1481.2137451172 1475.8773193359 1463.7266845703 1458.8781738281 1457.5648193359 1455.0043945312 1454.9763183594 1453.1741943359 1452.4337158203 1450.8016357422 1446.8582763672 1444.009765625 1439.1749267578 1432.8676757812 1434.2236328125 1433.5256347656 1432.9456787109 1420.8397216797 1407.8310546875 1406.2901611328 1400.4774169922 1393.9377441406 1387.7233886719 1382.9641113281 1373.3331298828 1390.5289306641 1377.3638916016 1369.0324707031 1366.2991943359 1366.5378417969 1361.2998046875 1358.0999755859 1352.6828613281 1354.2291259766 1348.8786621094 1343.6437988281 1336.9797363281 1331.470703125 1325.9233398438
1.70141E+38 1.70141E+38 1506.2447509766 1509.7912597656 1504.5368652344 1502.4416503906 1494.2309570312 1484.4609375 1470.8197021484 1472.1090087891 1459.2918701172 1460.3831787109 1466.6572265625 1450.7785644531 1450.8955078125 1451.7786865234 1448.1968994141 1448.4171142578 1450.2711181641 1447.9488525391 1440.1187744141 1434.06640625 1429.2580566406 1427.4215087891 1428.2327880859 1424.3674316406 1413.9727783203 1408.3081054688 1398.2255859375 1389.2370605469 1386.6231689453 1382.0924072266 1387.0231933594 1383.9143066406 1378.8011474609 1371.2694091797 1366.9682617188 1362.2746582031 1360.7205810547 1359.5108642578 1352.9145507812 1348.4786376953 1342.818359375 1341.0961914062 1325.6954345703 1330.2524414062 1324.6888427734
1.70141E+38 1.70141E+38 1503.5114746094 1497.2944335938 1494.4615478516 1496.8028564453 1489.8717041016 1477.306640625 1472.2114257812 1464.1511230469 1462.9515380859 1465.8862304688 1476.4624023438 1454.7561035156 1456.3397216797 1450.7637939453 1452.4447021484 1446.4605712891 1457.1690673828 1452.9914550781 1443.3244628906 1430.0399169922 1433.8046875 1426.8908691406 1416.1268310547 1414.9379882812 1403.6663818359 1402.9671630859 1394.0583496094 1393.5823974609 1384.6892089844 1377.0727539062 1382.9086914062 1375.8492431641 1372.6369628906 1369.3771972656 1367.6574707031 1362.4449462891 1358.3017578125 1355.1832275391 1351.4921875 1348.0646972656 1345.2524414062 1339.3427734375 1334.0852050781 1328.9088134766 1321.2409667969
1.70141E+38 1.70141E+38 1512.5646972656 1502.7593994141 1490.41796875 1493.7006835938 1489.7927246094 1469.8947753906 1467.892578125 1469.4758300781 1459.3962402344 1458.345703125 1460.3232421875 1465.5936279297 1458.6684570312 1449.4608154297 1446.6116943359 1453.5798339844 1446.7385253906 1454.0334472656 1449.5893554688 1441.0970458984 1439.4418945312 1427.3951416016 1420.1400146484 1409.3472900391 1400.5007324219 1398.9852294922 1393.3591308594 1394.6552734375 1389.0563964844 1379.9653320312 1377.3149414062 1375.6879882812 1371.9995117188 1368.4776611328 1367.9465332031 1362.3104248047 1357.3475341797 1354.4031982422 1350.6010742188 1347.5694580078 1343.2432861328 1338.6301269531 1332.0451660156 1324.3975830078 1318.8054199219
1.70141E+38 1.70141E+38 1514.6124267578 1511.8195800781 1497.0372314453 1494.9597167969 1475.4780273438 1480.923828125 1472.1025390625 1468.2197265625 1462.0001220703 1459.9073486328 1459.5364990234 1460.5216064453 1458.9348144531 1447.1827392578 1443.8162841797 1442.4467773438 1417.2188720703 1438.9096679688 1439.3771972656 1434.1872558594 1424.7540283203 1418.0064697266 1422.2305908203 1413.1674804688 1400.3786621094 1396.2795410156 1396.9920654297 1390.9631347656 1387.7923583984 1380.8936767578 1377.86328125 1378.6800537109 1371.958984375 1367.1040039062 1365.0738525391 1360.5755615234 1360.8587646484 1359.0054931641 1350.1046142578 1346.296875 1341.9184570312 1336.9727783203 1330.0489501953 1323.8848876953 1311.2329101562
1.70141E+38 1.70141E+38 1509.4343261719 1503.5349121094 1500.4017333984 1482.7901611328 1470.1115722656 1476.1903076172 1468.4401855469 1469.2872314453 1471.63671875 1459.4150390625 1459.3933105469 1460.7415771484 1464.5899658203 1450.7182617188 1447.3162841797 1440.1088867188 1425.8177490234 1428.79296875 1419.8735351562 1386.3045654297 1416.8863525391 1409.2532958984 1409.1333007812 1400.8055419922 1396.3623046875 1394.8447265625 1388.4045410156 1385.1926269531 1383.6661376953 1380.0562744141 1378.1314697266 1379.2667236328 1370.1918945312 1366.470703125 1363.3804931641 1360.0854492188 1355.8558349609 1352.9793701172 1350.9490966797 1345.7268066406 1341.5867919922 1333.4652099609 1328.0367431641 1321.224609375 1309.8819580078
1.70141E+38 1.70141E+38 1505.9107666016 1495.0660400391 1494.7081298828 1475.5666503906 1478.0469970703 1473.423828125 1471.9077148438 1464.7854003906 1468.5922851562 1465.3747558594 1458.3662109375 1458.4423828125 1467.1531982422 1455.6422119141 1448.861328125 1401.9560546875 1373.5684814453 1369.7467041016 1368.3723144531 1383.7103271484 1358.9887695312 1352.6964111328 1394.8430175781 1403.8572998047 1395.4821777344 1393.4482421875 1388.7772216797 1384.3551025391 1383.4786376953 1380.0014648438 1379.2541503906 1373.5823974609 1372.1608886719 1365.8006591797 1361.0491943359 1358.4997558594 1354.4364013672 1350.7443847656 1347.5344238281 1343.8015136719 1339.4606933594 1331.2149658203 1324.1645507812 1317.2601318359 1302.6469726562
1.70141E+38 1.70141E+38 1498.2791748047 1497.3826904297 1485.5081787109 1475.5327148438 1475.3283691406 1471.1723632812 1473.3924560547 1463.744140625 1464.1910400391 1463.5985107422 1458.3662109375 1461.8231201172 1466.2797851562 1451.4609375 1434.5701904297 1388.7542724609 1421.5235595703 1426.2260742188 1422.9497070312 1411.2556152344 1408.3419189453 1388.2351074219 1348.4951171875 1401.9017333984 1393.4105224609 1391.21875 1388.30078125 1383.9644775391 1383.3482666016 1379.083984375 1375.73046875 1372.37890625 1369.1131591797 1365.466796875 1360.9934082031 1358.2502441406 1354.0734863281 1352.6907958984 1350.9156494141 1341.9097900391 1328.6531982422 1327.7115478516 1321.962890625 1311.9826660156 1296.470703125
1.70141E+38 1.70141E+38 1493.4064941406 1500.4532470703 1486.0648193359 1487.3564453125 1476.0555419922 1473.9344482422 1467.9630126953 1464.2681884766 1463.2268066406 1464.8153076172 1458.3662109375 1466.4539794922 1451.8393554688 1439.8081054688 1413.3560791016 1387.5865478516 1433.6782226562 1424.9993896484 1423.3442382812 1409.1193847656 1409.2047119141 1359.4248046875 1400.0682373047 1399.0373535156 1392.7276611328 1390.7576904297 1388.3796386719 1384.1036376953 1382.8891601562 1382.3123779297 1376.1107177734 1370.5395507812 1366.8671875 1363.5788574219 1359.9224853516 1356.3614501953 1356.3685302734 1354.1275634766 1345.5363769531 1339.8370361328 1333.1352539062 1326.5124511719 1306.7800292969 1286.2856445312 1295.5029296875
1.70141E+38 1.70141E+38 1492.9461669922 1491.8775634766 1494.5515136719 1483.7752685547 1477.3668212891 1478.6245117188 1472.4119873047 1472.8706054688 1461.7935791016 1473.2867431641 1469.4478759766 1452.7889404297 1417.4678955078 1391.4074707031 1416.8206787109 1424.9497070312 1425.8773193359 1420.5032958984 1416.1209716797 1408.3317871094 1411.3153076172 1375.2712402344 1394.2630615234 1395.6740722656 1392.9353027344 1391.0855712891 1390.3197021484 1385.2952880859 1387.0278320312 1381.7108154297 1374.6853027344 1370.044921875 1365.8012695312 1363.4697265625 1358.2072753906 1356.7048339844 1353.2150878906 1348.8666992188 1343.6895751953 1337.5589599609 1329.892578125 1322.2644042969 1313.7338867188 1302.2998046875 1290.5614013672
1.70141E+38 1.70141E+38 1495.443359375 1493.5860595703 1488.9713134766 1481.7698974609 1476.1970214844 1474.5084228516 1467.3292236328 1463.0054931641 1459.9716796875 1464.3856201172 1421.9710693359 1410.0490722656 1389.1754150391 1435.5649414062 1429.5201416016 1427.1893310547 1424.3822021484 1418.6605224609 1413.1551513672 1413.3518066406 1410.6701660156 1403.5939941406 1373.1812744141 1353.4327392578 1394.8677978516 1391.4263916016 1385.8680419922 1384.0432128906 1381.7426757812 1377.8208007812 1374.7359619141 1370.0915527344 1364.0733642578 1360.5122070312 1357.5618896484 1354.0842285156 1350.4736328125 1345.2689208984 1343.4559326172 1334.0832519531 1326.30859375 1319.2742919922 1308.05859375 1293.1062011719 1283.7237548828
1.70141E+38 1.70141E+38 1483.4073486328 1479.9534912109 1490.4283447266 1484.6077880859 1475.5368652344 1469.9008789062 1462.4650878906 1465.7353515625 1460.7054443359 1413.8033447266 1413.5026855469 1430.5152587891 1431.5936279297 1430.1182861328 1426.6964111328 1426.4389648438 1420.7938232422 1415.0029296875 1410.2709960938 1412.7811279297 1405.6215820312 1397.1197509766 1393.8602294922 1345.5174560547 1385.7543945312 1388.9543457031 1389.2915039062 1386.8282470703 1383.3177490234 1379.6286621094 1381.0795898438 1368.1800537109 1365.4056396484 1363.8121337891 1356.5319824219 1354.23828125 1349.5728759766 1343.9066162109 1338.0434570312 1330.2647705078 1325.1198730469 1311.75390625 1298.6330566406 1287.9255371094 1278.9807128906
1.70141E+38 1.70141E+38 1478.4138183594 1476.6319580078 1491.3585205078 1480.1628417969 1468.7277832031 1466.6971435547 1453.4777832031 1433.7049560547 1461.8835449219 1416.9808349609 1446.2662353516 1430.5157470703 1430.5623779297 1426.779296875 1430.6640625 1431.5395507812 1422.044921875 1413.9963378906 1406.9682617188 1409.7720947266 1410.3240966797 1401.3874511719 1394.7202148438 1372.4299316406 1352.1217041016 1391.0616455078 1388.2559814453 1385.0076904297 1379.7033691406 1374.6120605469 1372.4552001953 1367.0631103516 1362.6478271484 1358.8463134766 1355.0155029297 1351.0895996094 1346.6154785156 1342.2491455078 1337.6771240234 1330.1330566406 1321.3896484375 1309.6818847656 1298.2230224609 1276.9362792969 1268.1134033203
1.70141E+38 1.70141E+38 1479.54296875 1473.2514648438 1486.1599121094 1486.6328125 1482.2186279297 1465.6789550781 1460.0169677734 1462.5808105469 1421.6091308594 1446.8035888672 1439.9692382812 1430.6707763672 1427.0651855469 1434.0672607422 1435.177734375 1440.3909912109 1426.5672607422 1421.4210205078 1417.3149414062 1411.9575195312 1401.6673583984 1386.556640625 1389.2113037109 1393.1837158203 1316.3948974609 1367.9650878906 1388.9978027344 1383.8363037109 1375.9016113281 1373.4815673828 1366.1573486328 1363.6954345703 1361.8587646484 1358.0651855469 1356.4851074219 1349.3625488281 1346.0534667969 1337.9748535156 1332.1917724609 1327.30078125 1321.3045654297 1302.5778808594 1287.9879150391 1276.8811035156 1261.9052734375
1.70141E+38 1.70141E+38 1485.3826904297 1473.1459960938 1483.8957519531 1483.3223876953 1472.5765380859 1464.6510009766 1483.5706787109 1462.0288085938 1421.7576904297 1444.2052001953 1433.9715576172 1430.4908447266 1427.6890869141 1432.0428466797 1431.283203125 1420.2596435547 1414.2496337891 1414.4594726562 1415.3038330078 1410.2060546875 1404.9493408203 1402.2618408203 1394.3037109375 1337.1245117188 1321.0498046875 1329.42578125 1301.2824707031 1359.8558349609 1336.7716064453 1373.7048339844 1370.6376953125 1362.3120117188 1358.6649169922 1360.515625 1356.2424316406 1347.8117675781 1341.6265869141 1335.3773193359 1330.7149658203 1325.5791015625 1305.5974121094 1299.9135742188 1284.7197265625 1269.3819580078 1260.3846435547
