models/elk/data/raw/lf_surfaces/Topography.grd
DSAA
223 356
2598094.4102888 2744614.4102888
234954.12730517 469254.12730517
801.44354248047 1549.4270019531
[rows 231 to 251 of 356, columns 47 to 93 of 223]
1247.5552978516 1244.5552978516 1234.8062744141 1235.828125 1225.4749755859 1218.1077880859 1214.3226318359 1209.1979980469 1202.3001708984 1180.3920898438 1175.3018798828 1172.8999023438 1162.1080322266 1157.451171875 1153.5380859375 1150.1647949219 1147.6112060547 1146.9444580078 1147.7567138672 1149.8565673828 1149.8708496094 1144.6361083984 1139.6237792969 1137.1579589844 1139.9932861328 1140.2171630859 1139.0581054688 1138.3226318359 1138.5491943359 1140.1253662109 1143.2016601562 1138.1376953125 1137.5844726562 1135.1090087891 1134.1264648438 1133.7813720703 1135.6387939453 1133.8035888672 1130.8919677734 1129.3176269531 1115.4619140625 1116.1666259766 1115.2022705078 1132.2189941406 1131.6951904297 1132.205078125 1145.9976806641
1248.0549316406 1242.5379638672 1236.7355957031 1222.8020019531 1226.8820800781 1220.1254882812 1210.8162841797 1202.3315429688 1192.5537109375 1186.4855957031 1175.4102783203 1167.8724365234 1163.5825195312 1157.3720703125 1152.8266601562 1150.8000488281 1148.7951660156 1147.8579101562 1148.5024414062 1148.4113769531 1144.7967529297 1142.0333251953 1140.3115234375 1135.1877441406 1139.9388427734 1139.001953125 1138.8089599609 1137.8408203125 1137.4339599609 1140.7135009766 1140.8155517578 1137.0540771484 1132.7559814453 1125.1614990234 1135.6705322266 1122.1281738281 1121.2059326172 1119.6108398438 1118.2935791016 1119.6131591797 1116.9428710938 1117.4212646484 1116.7235107422 1133.5296630859 1114.7822265625 1119.1810302734 1150.0257568359
1246.6120605469 1238.2928466797 1232.7517089844 1229.3259277344 1216.7043457031 1213.703125 1208.1467285156 1196.8168945312 1194.3321533203 1189.8430175781 1170.6452636719 1162.5828857422 1159.3579101562 1156.2797851562 1153.4451904297 1151.3187255859 1149.5793457031 1149.0166015625 1148.669921875 1146.9696044922 1144.3143310547 1142.9575195312 1141.1614990234 1138.9378662109 1138.8444824219 1133.6070556641 1138.1138916016 1137.0798339844 1139.9168701172 1140.5311279297 1128.4727783203 1133.1055908203 1127.2434082031 1126.8648681641 1123.1447753906 1132.8570556641 1131.9050292969 1139.1984863281 1131.1646728516 1117.1745605469 1116.8900146484 1119.5328369141 1131.4771728516 1117.4869384766 1115.8481445312 1119.869140625 1139.3757324219
1241.1652832031 1233.8387451172 1229.4486083984 1222.1265869141 1214.9230957031 1213.8537597656 1200.2043457031 1195.5225830078 1192.8328857422 1180.1866455078 1167.8974609375 1161.1927490234 1158.8337402344 1155.5150146484 1153.8247070312 1152.6473388672 1150.8057861328 1151.9501953125 1149.7791748047 1147.4947509766 1145.6304931641 1142.5771484375 1139.7672119141 1139.8377685547 1140.2501220703 1140.4090576172 1136.9819335938 1132.7310791016 1131.8564453125 1131.0537109375 1136.1342773438 1135.6743164062 1135.6516113281 1138.3499755859 1134.9606933594 1133.9317626953 1138.5272216797 1138.8283691406 1118.9685058594 1118.2469482422 1133.2152099609 1132.4632568359 1128.205078125 1119.2618408203 1118.611328125 1141.4680175781 1146.6091308594
1239.0240478516 1232.7038574219 1224.8713378906 1218.7846679688 1217.638671875 1206.6306152344 1203.6232910156 1198.8623046875 1187.9912109375 1173.8714599609 1165.2742919922 1162.2567138672 1159.498046875 1157.6456298828 1155.8111572266 1154.4230957031 1152.9914550781 1154.029296875 1151.6706542969 1149.2044677734 1147.0634765625 1143.8739013672 1141.5512695312 1140.5358886719 1139.8468017578 1139.3900146484 1139.5551757812 1137.9992675781 1137.2370605469 1136.7976074219 1137.8350830078 1136.7056884766 1138.2648925781 1137.3759765625 1140.4865722656 1135.1326904297 1137.4221191406 1129.4501953125 1119.6915283203 1120.1800537109 1134.638671875 1133.8192138672 1123.2384033203 1124.7647705078 1132.3103027344 1141.4379882812 1151.2872314453
1208.2647705078 1229.4620361328 1223.9129638672 1222.9558105469 1215.3153076172 1203.6968994141 1196.7032470703 1187.6768798828 1182.9868164062 1172.7673339844 1166.865234375 1163.6944580078 1161.5565185547 1159.4865722656 1158.8876953125 1159.9055175781 1158.1783447266 1154.2553710938 1153.5949707031 1150.6662597656 1148.1770019531 1143.6574707031 1141.6372070312 1140.2456054688 1139.3067626953 1138.8459472656 1137.8023681641 1135.7884521484 1135.0415039062 1134.4914550781 1137.1163330078 1140.1228027344 1137.6102294922 1135.6097412109 1123.1058349609 1125.9935302734 1135.2197265625 1119.9822998047 1118.4982910156 1135.2313232422 1137.8533935547 1139.0958251953 1139.9365234375 1140.9173583984 1140.8669433594 1142.3801269531 1160.3245849609
1226.3743896484 1214.8463134766 1211.4595947266 1219.3114013672 1207.7811279297 1201.8967285156 1206.7062988281 1191.9768066406 1177.8525390625 1172.4777832031 1168.1916503906 1165.6218261719 1162.9375 1163.4874267578 1159.4757080078 1160.4639892578 1156.9897460938 1154.6253662109 1151.3846435547 1149.3765869141 1147.3186035156 1143.4516601562 1141.3767089844 1140.1254882812 1139.1669921875 1138.2272949219 1136.1075439453 1136.8330078125 1135.9431152344 1135.5812988281 1138.0876464844 1135.0048828125 1128.8172607422 1122.3778076172 1122.3854980469 1120.7136230469 1120.7836914062 1119.8347167969 1125.6253662109 1139.2010498047 1143.7158203125 1143.9665527344 1147.5657958984 1148.1182861328 1149.9965820312 1162.9383544922 1158.4647216797
1232.5705566406 1221.5067138672 1219.9770507812 1208.8637695312 1198.6370849609 1204.5832519531 1206.6422119141 1188.4581298828 1179.4505615234 1174.0166015625 1170.1186523438 1166.4436035156 1165.5770263672 1166.6427001953 1162.4978027344 1159.2862548828 1155.6374511719 1151.6357421875 1148.4853515625 1147.3117675781 1146.9622802734 1144.8986816406 1141.3187255859 1139.7253417969 1138.1911621094 1137.5084228516 1138.2891845703 1137.0364990234 1136.3294677734 1134.5625 1130.5988769531 1128.4656982422 1123.2375488281 1125.9307861328 1123.4190673828 1120.5177001953 1122.1354980469 1132.4289550781 1135.6578369141 1142.33203125 1149.9635009766 1164.2220458984 1167.5534667969 1172.8095703125 1174.6110839844 1173.9279785156 1157.0340576172
1228.3334960938 1217.8708496094 1217.5216064453 1211.4212646484 1189.2260742188 1185.4898681641 1192.4553222656 1184.7705078125 1183.083984375 1178.2716064453 1174.6437988281 1171.8558349609 1170.5828857422 1167.2659912109 1162.8741455078 1159.2762451172 1155.0509033203 1150.7503662109 1147.3833007812 1145.1613769531 1143.3502197266 1142.4282226562 1141.1833496094 1138.5443115234 1138.9260253906 1137.8958740234 1137.0642089844 1136.5668945312 1136.087890625 1136.3743896484 1132.3492431641 1126.2590332031 1127.0395507812 1142.9304199219 1123.3901367188 1124.0119628906 1121.6099853516 1134.8442382812 1138.1779785156 1147.5322265625 1161.3240966797 1172.6323242188 1189.1154785156 1188.2213134766 1178.2449951172 1165.4932861328 1151.77734375
1222.9251708984 1225.4326171875 1210.9833984375 1215.4819335938 1204.0744628906 1194.4226074219 1191.7193603516 1187.8216552734 1184.2905273438 1178.8686523438 1175.4575195312 1172.7485351562 1169.6396484375 1165.7741699219 1162.330078125 1158.3784179688 1154.1690673828 1150.3757324219 1147.0952148438 1144.0305175781 1142.5974121094 1140.9506835938 1139.7906494141 1139.1390380859 1138.0200195312 1137.7250976562 1137.2347412109 1135.3240966797 1135.0305175781 1135.7036132812 1137.2429199219 1137.3081054688 1125.6451416016 1125.0393066406 1124.5858154297 1123.9549560547 1132.7674560547 1136.8518066406 1140.6583251953 1147.8439941406 1164.5726318359 1183.9809570312 1183.3424072266 1181.3576660156 1175.9643554688 1164.8031005859 1144.685546875
1223.0015869141 1219.4178466797 1214.5422363281 1209.779296875 1209.3172607422 1197.2043457031 1186.5008544922 1182.7668457031 1179.5554199219 1175.3818359375 1175.7902832031 1170.1564941406 1167.0892333984 1164.2369384766 1161.0915527344 1158.0854492188 1153.6785888672 1149.7973632812 1147.9481201172 1144.4243164062 1141.8651123047 1139.5427246094 1137.9310302734 1138.2156982422 1137.5943603516 1137.4237060547 1136.7022705078 1136.5662841797 1135.9888916016 1134.5356445312 1127.2498779297 1130.7430419922 1127.5910644531 1124.9432373047 1124.7105712891 1122.5390625 1129.4968261719 1138.3129882812 1143.9826660156 1151.8177490234 1169.1038818359 1175.2279052734 1175.4603271484 1179.9539794922 1173.3986816406 1156.2132568359 1142.2331542969
1219.8836669922 1216.5305175781 1213.3232421875 1202.0939941406 1195.6091308594 1194.6927490234 1192.7641601562 1184.7413330078 1177.2707519531 1178.0225830078 1172.1019287109 1165.7066650391 1161.9497070312 1161.2666015625 1158.6528320312 1155.765625 1151.5989990234 1149.4202880859 1146.5043945312 1143.7159423828 1141.75 1140.4737548828 1137.0024414062 1136.7319335938 1134.9001464844 1130.619140625 1133.0267333984 1130.4189453125 1127.9381103516 1128.8901367188 1128.3234863281 1127.6705322266 1126.4466552734 1134.4468994141 1137.2152099609 1135.9711914062 1125.1512451172 1138.6156005859 1146.3850097656 1155.6674804688 1157.5540771484 1168.0128173828 1181.1489257812 1177.6666259766 1164.8126220703 1147.0386962891 1141.5288085938
1217.98828125 1211.9078369141 1212.0615234375 1203.3786621094 1192.8067626953 1184.9876708984 1182.4090576172 1189.0965576172 1179.8470458984 1179.8640136719 1179.4031982422 1163.8028564453 1161.5395507812 1158.2652587891 1155.5334472656 1154.0030517578 1151.0571289062 1148.7257080078 1145.1840820312 1142.3438720703 1141.0999755859 1139.3330078125 1138.6936035156 1134.5546875 1132.3050537109 1130.9776611328 1129.9051513672 1130.2954101562 1129.9283447266 1133.9859619141 1128.1536865234 1127.7305908203 1128.5554199219 1136.7655029297 1137.0015869141 1138.4683837891 1134.87890625 1134.3282470703 1142.4754638672 1159.1236572266 1164.3471679688 1174.1352539062 1175.8590087891 1164.8787841797 1156.6245117188 1141.2150878906 1137.2990722656
1206.7073974609 1213.3731689453 1201.70703125 1198.5161132812 1191.2236328125 1185.1163330078 1181.1544189453 1174.5196533203 1184.2961425781 1183.8151855469 1176.1613769531 1163.3212890625 1159.8464355469 1156.6922607422 1154.1541748047 1152.4114990234 1149.8587646484 1147.4055175781 1145.0223388672 1142.7092285156 1140.1384277344 1137.693359375 1135.7686767578 1132.5 1131.7116699219 1131.9206542969 1133.0325927734 1137.8581542969 1138.9172363281 1140.4926757812 1137.4742431641 1137.9849853516 1138.3193359375 1136.3298339844 1137.0310058594 1138.1218261719 1135.7410888672 1133.3537597656 1142.9847412109 1157.9809570312 1167.0660400391 1172.4173583984 1163.2132568359 1162.1096191406 1145.0384521484 1141.0734863281 1135.7049560547
1211.8836669922 1211.8845214844 1191.8394775391 1195.6156005859 1191.2563476562 1183.2463378906 1176.9541015625 1172.5778808594 1178.6651611328 1188.3503417969 1172.2884521484 1163.8394775391 1158.2446289062 1157.8255615234 1152.4683837891 1149.9411621094 1146.8140869141 1144.88671875 1143.0910644531 1141.6958007812 1139.3869628906 1134.6444091797 1135.0943603516 1131.7791748047 1136.4216308594 1136.1090087891 1137.7182617188 1138.8726806641 1139.0469970703 1140.1180419922 1140.9576416016 1141.6146240234 1142.3890380859 1141.6087646484 1137.5551757812 1141.8725585938 1137.8046875 1128.0141601562 1143.2891845703 1155.732421875 1169.5772705078 1167.8621826172 1162.2408447266 1152.0412597656 1141.0018310547 1142.6887207031 1130.2681884766
1209.0198974609 1204.1290283203 1202.3559570312 1196.19921875 1193.2015380859 1179.7398681641 1176.7587890625 1174.0540771484 1167.8729248047 1167.2200927734 1170.1481933594 1166.5975341797 1160.6772460938 1158.5881347656 1149.7711181641 1148.4259033203 1144.8406982422 1145.1142578125 1142.6033935547 1140.5476074219 1137.3912353516 1138.0844726562 1134.1862792969 1130.9532470703 1136.4691162109 1137.2502441406 1138.1124267578 1138.7611083984 1140.1528320312 1141.66796875 1140.8602294922 1140.9288330078 1141.4782714844 1142.216796875 1139.3120117188 1141.8575439453 1141.8150634766 1132.3879394531 1140.9244384766 1154.2758789062 1168.5583496094 1164.5048828125 1159.2468261719 1147.3734130859 1141.5260009766 1141.0169677734 1127.9432373047
1207.3673095703 1204.9313964844 1199.1790771484 1193.0637207031 1193.2258300781 1187.3436279297 1175.5355224609 1169.8676757812 1167.3840332031 1165.6284179688 1161.6181640625 1169.6522216797 1159.1694335938 1156.0433349609 1146.2423095703 1144.8840332031 1142.9803466797 1144.7825927734 1140.4163818359 1139.1638183594 1138.5573730469 1132.8643798828 1133.2937011719 1138.5328369141 1138.7644042969 1139.0828857422 1136.6873779297 1138.2010498047 1139.2419433594 1143.2069091797 1144.1064453125 1141.8382568359 1140.3211669922 1136.2255859375 1141.4647216797 1142.2633056641 1139.3742675781 1129.7690429688 1136.4669189453 1149.9615478516 1160.9620361328 1161.9898681641 1156.9401855469 1143.5826416016 1141.2515869141 1138.8322753906 1124.6932373047
1195.7856445312 1201.8328857422 1189.66015625 1185.9466552734 1191.6796875 1182.4936523438 1172.26953125 1165.0906982422 1163.1716308594 1162.3109130859 1167.2873535156 1168.5482177734 1157.6605224609 1149.1251220703 1144.7431640625 1143.2707519531 1141.4536132812 1140.1478271484 1138.8685302734 1138.8803710938 1134.4639892578 1133.98046875 1136.4569091797 1139.0096435547 1137.3309326172 1136.2303466797 1136.3322753906 1139.3979492188 1141.53125 1146.0064697266 1145.6181640625 1141.5739746094 1139.9937744141 1141.8615722656 1143.9815673828 1141.3319091797 1136.2612304688 1132.109375 1133.8625488281 1146.3083496094 1158.4637451172 1163.2130126953 1150.748046875 1142.7319335938 1142.6004638672 1131.9724121094 1120.3604736328
1211.7309570312 1204.1942138672 1183.5727539062 1186.6512451172 1174.359375 1172.7126464844 1166.6009521484 1165.2496337891 1160.4227294922 1158.8060302734 1165.5916748047 1164.0345458984 1150.5582275391 1145.0010986328 1143.2862548828 1141.6558837891 1140.6298828125 1138.8590087891 1138.3697509766 1138.5020751953 1134.1630859375 1135.3336181641 1138.5744628906 1138.8234863281 1136.7730712891 1135.6983642578 1139.4350585938 1139.2944335938 1142.0571289062 1145.0119628906 1145.0460205078 1141.7700195312 1140.7467041016 1142.2331542969 1142.6116943359 1142.0943603516 1138.2947998047 1129.8273925781 1134.3016357422 1146.9036865234 1158.9573974609 1160.7276611328 1148.1357421875 1143.2989501953 1139.3134765625 1129.6911621094 1118.6585693359
1213.1824951172 1199.2110595703 1189.0893554688 1181.8708496094 1175.6882324219 1171.9766845703 1169.2615966797 1161.1468505859 1157.8054199219 1157.2434082031 1161.9754638672 1152.6339111328 1146.8321533203 1145.6207275391 1143.37890625 1142.1704101562 1139.7252197266 1138.4387207031 1137.6164550781 1136.7338867188 1138.0916748047 1138.7369384766 1138.8950195312 1138.3607177734 1138.3430175781 1136.8037109375 1138.2135009766 1140.3211669922 1142.0228271484 1143.6860351562 1144.7944335938 1141.6566162109 1140.9010009766 1144.7077636719 1132.5870361328 1132.3592529297 1132.4256591797 1131.9345703125 1134.1544189453 1146.7752685547 1155.6179199219 1159.2052001953 1145.5888671875 1144.7921142578 1140.7678222656 1126.5406494141 1118.1923828125
1217.6669921875 1202.6120605469 1190.0043945312 1184.2889404297 1176.2198486328 1170.8743896484 1172.6591796875 1164.9827880859 1163.9840087891 1156.0080566406 1154.5302734375 1150.9880371094 1147.8962402344 1145.5656738281 1143.2977294922 1141.3305664062 1139.4984130859 1138.6763916016 1136.0716552734 1136.2106933594 1137.9995117188 1140.8386230469 1140.181640625 1138.2230224609 1138.2683105469 1138.3266601562 1138.6022949219 1140.4919433594 1141.9349365234 1143.2625732422 1145.0876464844 1141.9344482422 1138.8295898438 1134.7189941406 1135.7204589844 1135.1158447266 1133.890625 1131.8826904297 1134.5872802734 1143.9869384766 1160.6461181641 1155.7962646484 1142.9815673828 1146.4420166016 1138.1853027344 1123.8884277344 1115.6126708984
