models/elk/data/raw/lf_surfaces/Topography.grd
DSAA
223 356
2598094.4102888 2744614.4102888
234954.12730517 469254.12730517
801.44354248047 1549.4270019531
[rows 273 to 293 of 356, columns 47 to 93 of 223]
1165.4129638672 1163.9743652344 1162.1961669922 1160.2136230469 1157.9490966797 1155.8095703125 1154.4675292969 1153.3245849609 1150.96875 1148.2491455078 1147.4631347656 1147.0109863281 1148.6282958984 1148.7034912109 1147.4105224609 1143.5981445312 1142.958984375 1142.0954589844 1144.1235351562 1141.9815673828 1143.0368652344 1142.724609375 1143.7691650391 1144.2364501953 1144.0861816406 1142.8912353516 1149.2940673828 1160.2747802734 1158.9686279297 1159.8470458984 1158.5677490234 1147.0218505859 1145.2044677734 1146.6706542969 1144.4207763672 1143.6062011719 1138.9510498047 1134.0015869141 1126.8173828125 1120.8079833984 1116.4849853516 1113.6184082031 1112.2684326172 1105.998046875 1096.1782226562 1088.7583007812 1083.35546875
1168.6622314453 1165.0634765625 1163.4268798828 1162.2436523438 1160.3962402344 1159.5296630859 1154.3787841797 1151.9226074219 1150.8371582031 1150.3360595703 1148.5854492188 1147.6978759766 1147.3895263672 1146.4538574219 1145.0048828125 1144.1207275391 1142.5819091797 1142.2489013672 1145.6065673828 1143.7785644531 1143.0151367188 1142.4276123047 1142.0554199219 1144.1795654297 1144.1831054688 1143.8784179688 1150.6896972656 1152.1624755859 1156.8813476562 1160.1207275391 1153.1026611328 1142.5626220703 1142.0747070312 1140.6975097656 1140.2276611328 1139.3331298828 1136.6630859375 1129.8123779297 1126.962890625 1122.7066650391 1116.79296875 1114.0137939453 1112.3395996094 1102.7495117188 1097.6618652344 1090.8901367188 1083.3815917969
1168.9530029297 1165.9586181641 1164.3364257812 1161.0137939453 1159.2701416016 1157.3084716797 1154.7281494141 1153.5174560547 1152.5971679688 1151.5451660156 1149.9604492188 1148.4431152344 1147.9066162109 1147.185546875 1145.5349121094 1144.6145019531 1143.4467773438 1144.8161621094 1149.0424804688 1147.7905273438 1145.2570800781 1142.4606933594 1143.3569335938 1143.5960693359 1142.5489501953 1143.2386474609 1144.9049072266 1147.6496582031 1158.5443115234 1155.2224121094 1145.8017578125 1141.9184570312 1140.2052001953 1139.955078125 1140.4412841797 1140.8774414062 1136.1378173828 1128.4908447266 1124.2755126953 1121.8908691406 1114.4174804688 1111.5676269531 1112.7419433594 1103.0975341797 1094.9095458984 1090.1850585938 1082.9556884766
1168.4689941406 1165.4357910156 1163.0986328125 1161.1828613281 1159.5346679688 1157.3148193359 1155.2565917969 1154.7983398438 1153.2006835938 1150.9168701172 1148.9202880859 1148.2550048828 1149.1198730469 1148.0111083984 1146.0408935547 1143.6831054688 1146.3736572266 1145.9666748047 1149.1599121094 1151.0360107422 1146.5341796875 1143.5546875 1144.2102050781 1143.3857421875 1145.8321533203 1145.5454101562 1144.3776855469 1150.3101806641 1157.5219726562 1158.0675048828 1147.9577636719 1145.8564453125 1144.439453125 1140.7647705078 1139.0428466797 1137.7651367188 1133.7911376953 1127.5842285156 1121.2447509766 1115.2377929688 1115.2918701172 1112.5922851562 1110.4276123047 1099.923828125 1095.4018554688 1087.3979492188 1081.3074951172
1172.4494628906 1163.2342529297 1162.884765625 1160.5534667969 1157.3424072266 1156.2728271484 1155.8055419922 1154.2308349609 1153.5012207031 1151.6157226562 1150.1168212891 1148.7535400391 1150.1977539062 1146.5758056641 1145.9332275391 1143.7368164062 1146.2302246094 1147.2818603516 1150.8590087891 1150.4095458984 1150.5592041016 1145.7344970703 1141.7119140625 1143.6462402344 1146.0753173828 1142.8662109375 1143.8514404297 1148.0678710938 1160.0107421875 1155.9293212891 1148.3248291016 1145.7026367188 1146.3745117188 1140.2155761719 1137.9844970703 1136.5330810547 1131.7449951172 1125.3173828125 1119.9288330078 1116.4744873047 1117.6702880859 1109.5853271484 1109.982421875 1097.6893310547 1095.2254638672 1087.0024414062 1079.6557617188
1169.1763916016 1165.9050292969 1161.9732666016 1160.2490234375 1158.3081054688 1156.4332275391 1155.8197021484 1155.9851074219 1155.5932617188 1150.0068359375 1148.8208007812 1148.0621337891 1150.2839355469 1148.8033447266 1146.2893066406 1143.775390625 1145.0687255859 1146.1759033203 1148.7919921875 1149.4364013672 1148.8984375 1143.1546630859 1144.2453613281 1148.2067871094 1146.4281005859 1144.2231445312 1143.5649414062 1146.0916748047 1151.8485107422 1158.5773925781 1151.751953125 1147.443359375 1147.0025634766 1140.2619628906 1137.5827636719 1134.9349365234 1128.1586914062 1120.9272460938 1117.6452636719 1115.1535644531 1116.30859375 1111.9763183594 1107.2094726562 1098.3695068359 1094.2009277344 1083.1245117188 1079.0189208984
1169.3411865234 1164.4012451172 1159.4530029297 1157.6954345703 1155.9014892578 1153.6510009766 1154.0877685547 1153.6345214844 1153.9603271484 1151.779296875 1150.7508544922 1149.5280761719 1149.4956054688 1147.1782226562 1144.9049072266 1145.2634277344 1145.2935791016 1145.7629394531 1147.6906738281 1149.6217041016 1148.6381835938 1143.5981445312 1149.0296630859 1149.0205078125 1146.4046630859 1145.0046386719 1145.0437011719 1145.8812255859 1147.5617675781 1159.3942871094 1159.9755859375 1150.2615966797 1150.1199951172 1143.8316650391 1137.0185546875 1135.0843505859 1127.7702636719 1120.2584228516 1116.505859375 1116.0043945312 1114.7376708984 1109.8897705078 1108.4240722656 1099.0971679688 1092.2081298828 1083.2283935547 1078.1866455078
1159.3619384766 1159.1333007812 1159.8673095703 1156.2464599609 1155.5827636719 1154.3498535156 1152.4212646484 1152.5324707031 1151.6580810547 1150.9772949219 1148.6047363281 1148.3448486328 1147.5289306641 1146.3889160156 1144.63671875 1145.5989990234 1144.9665527344 1145.6368408203 1147.7109375 1149.1909179688 1148.6649169922 1145.1513671875 1149.8273925781 1148.6948242188 1146.9862060547 1146.2613525391 1146.8978271484 1145.8782958984 1147.1525878906 1147.8403320312 1162.6604003906 1150.5552978516 1148.0024414062 1143.5385742188 1135.7171630859 1132.0063476562 1130.4501953125 1122.4826660156 1117.2803955078 1114.427734375 1112.7719726562 1114.1235351562 1106.8116455078 1099.046875 1089.7713623047 1085.2705078125 1079.4637451172
1160.2227783203 1160.3194580078 1157.9351806641 1154.7232666016 1154.0867919922 1153.80859375 1151.6671142578 1151.0482177734 1150.7567138672 1150.3084716797 1147.6533203125 1146.6953125 1146.5955810547 1148.3133544922 1146.1533203125 1145.8862304688 1146.3741455078 1145.5283203125 1146.4931640625 1147.6110839844 1146.5758056641 1144.5766601562 1148.2008056641 1144.8272705078 1147.3106689453 1144.4460449219 1147.7214355469 1146.0357666016 1146.5560302734 1146.0703125 1162.958984375 1154.9786376953 1148.2504882812 1142.1389160156 1135.6387939453 1132.0299072266 1127.9263916016 1120.8541259766 1117.2125244141 1114.3488769531 1114.7847900391 1114.5588378906 1106.8647460938 1097.4244384766 1089.3956298828 1086.2768554688 1077.9569091797
1159.3011474609 1158.6492919922 1156.8206787109 1154.4970703125 1154.0909423828 1155.0930175781 1153.5729980469 1150.9697265625 1149.1783447266 1149.3834228516 1148.55078125 1147.1491699219 1146.4617919922 1147.8547363281 1152.3460693359 1149.5329589844 1146.3394775391 1146.6140136719 1145.0037841797 1144.7904052734 1143.3950195312 1146.9025878906 1146.7667236328 1145.1967773438 1147.1331787109 1147.1214599609 1145.8585205078 1146.7103271484 1146.4156494141 1146.7606201172 1162.7153320312 1157.4215087891 1147.7270507812 1140.8793945312 1133.1788330078 1128.2388916016 1124.7550048828 1119.4428710938 1115.5810546875 1115.4798583984 1113.9185791016 1116.03515625 1108.1164550781 1097.1003417969 1090.9404296875 1085.7296142578 1079.5334472656
1160.1673583984 1157.6297607422 1154.4929199219 1155.0979003906 1152.3452148438 1151.4877929688 1150.3314208984 1149.7490234375 1149.3245849609 1148.3094482422 1149.0939941406 1149.9798583984 1148.6669921875 1146.9431152344 1150.6032714844 1150.4661865234 1145.8455810547 1146.6813964844 1145.1131591797 1144.1384277344 1146.4997558594 1146.3538818359 1146.5218505859 1145.5361328125 1144.7764892578 1146.8511962891 1145.0817871094 1145.0030517578 1145.5867919922 1147.6998291016 1163.4614257812 1156.1898193359 1145.3029785156 1139.5330810547 1133.5231933594 1131.9809570312 1127.7150878906 1123.4110107422 1115.3247070312 1114.2980957031 1111.9865722656 1106.8591308594 1106.3897705078 1099.9389648438 1090.5288085938 1086.6123046875 1079.8408203125
1159.1220703125 1154.6257324219 1152.1322021484 1152.408203125 1154.3264160156 1153.5889892578 1152.1843261719 1150.6188964844 1148.9561767578 1148.8970947266 1147.8393554688 1147.3961181641 1147.4281005859 1147.6417236328 1147.2312011719 1150.1014404297 1146.9771728516 1146.4685058594 1144.8698730469 1148.1303710938 1147.6993408203 1145.2160644531 1145.6632080078 1145.9891357422 1147.0561523438 1146.0736083984 1147.6961669922 1147.0637207031 1146.6049804688 1147.9943847656 1165.6016845703 1156.724609375 1146.2883300781 1135.2839355469 1135.8177490234 1133.3944091797 1127.5454101562 1121.4201660156 1117.8583984375 1113.7635498047 1106.2233886719 1094.4396972656 1109.8203125 1099.5744628906 1090.4713134766 1087.74609375 1069.5732421875
1155.6282958984 1154.1619873047 1155.9178466797 1151.1585693359 1150.7370605469 1151.1928710938 1151.8216552734 1151.3447265625 1149.1070556641 1148.2626953125 1146.1771240234 1147.7689208984 1148.2633056641 1147.0345458984 1146.2280273438 1147.1120605469 1146.8612060547 1145.2193603516 1147.0841064453 1148.4774169922 1150.0982666016 1146.83203125 1146.5367431641 1147.0379638672 1145.7230224609 1146.3779296875 1147.0949707031 1147.6545410156 1145.5222167969 1149.2192382812 1169.7646484375 1152.6243896484 1144.4969482422 1134.3175048828 1136.4992675781 1134.3317871094 1130.1676025391 1122.5164794922 1117.5379638672 1114.9141845703 1113.3289794922 1087.8312988281 1112.5891113281 1098.2081298828 1068.8781738281 1072.5100097656 1079.0303955078
1154.1643066406 1156.3377685547 1155.5697021484 1149.9289550781 1150.1796875 1151.7103271484 1153.0356445312 1151.6687011719 1149.6671142578 1147.1489257812 1148.0355224609 1147.2203369141 1147.5020751953 1146.6248779297 1147.0383300781 1147.4952392578 1145.0991210938 1145.2163085938 1147.291015625 1146.4963378906 1147.4788818359 1146.1362304688 1146.2878417969 1144.9610595703 1145.8558349609 1148.3947753906 1147.2104492188 1147.6752929688 1145.9340820312 1153.0504150391 1167.6546630859 1148.8620605469 1141.5252685547 1136.0795898438 1134.8731689453 1132.1939697266 1128.4033203125 1119.8985595703 1118.4848632812 1113.8254394531 1112.55078125 1085.6618652344 1079.1402587891 1082.5427246094 1085.1912841797 1080.8106689453 1080.0668945312
1156.6926269531 1159.4700927734 1155.765625 1148.7850341797 1149.0662841797 1149.2684326172 1151.6799316406 1149.0850830078 1147.1867675781 1143.7587890625 1147.3513183594 1152.0706787109 1149.5913085938 1146.7137451172 1145.9390869141 1145.7282714844 1145.5886230469 1144.9692382812 1147.6936035156 1146.0888671875 1146.6585693359 1145.4140625 1146.6185302734 1147.6960449219 1149.6608886719 1148.6069335938 1149.5614013672 1148.9000244141 1149.2259521484 1156.9880371094 1165.2392578125 1148.8752441406 1139.0328369141 1137.6647949219 1134.8776855469 1130.0004882812 1125.3580322266 1118.4279785156 1115.3741455078 1113.3305664062 1112.3695068359 1093.0338134766 1115.5299072266 1101.8598632812 1084.2268066406 1082.486328125 1079.0462646484
1158.8857421875 1160.9083251953 1154.1750488281 1148.1383056641 1148.6251220703 1148.0994873047 1149.2906494141 1149.2515869141 1147.2800292969 1144.1090087891 1142.4714355469 1142.3486328125 1147.2177734375 1147.9031982422 1146.4465332031 1145.044921875 1145.6071777344 1146.2965087891 1147.2270507812 1148.5560302734 1148.330078125 1147.2456054688 1146.6639404297 1146.5740966797 1148.916015625 1149.6589355469 1148.8182373047 1149.7401123047 1152.8657226562 1159.9030761719 1163.5391845703 1142.3715820312 1138.0050048828 1137.6181640625 1134.8221435547 1131.0454101562 1121.8548583984 1116.7446289062 1113.1201171875 1112.0104980469 1104.3610839844 1101.8220214844 1114.5631103516 1103.1071777344 1086.2569580078 1083.4577636719 1080.0693359375
1160.6248779297 1160.7971191406 1150.7996826172 1148.0949707031 1148.6225585938 1147.865234375 1146.9410400391 1146.4219970703 1146.7751464844 1145.0108642578 1144.0075683594 1142.2435302734 1145.4940185547 1146.1351318359 1146.3250732422 1146.0404052734 1146.4906005859 1146.6403808594 1147.0675048828 1145.9592285156 1146.5358886719 1146.3145751953 1146.75390625 1152.7075195312 1155.1477050781 1156.9857177734 1159.4434814453 1163.4360351562 1173.9279785156 1174.4010009766 1157.3369140625 1145.1129150391 1139.5290527344 1137.8649902344 1135.3049316406 1129.1293945312 1124.5018310547 1116.4261474609 1115.2291259766 1111.0139160156 1102.1979980469 1106.3050537109 1110.5625 1102.1090087891 1088.5336914062 1081.9591064453 1083.4248046875
1160.5366210938 1162.7578125 1149.0614013672 1148.0817871094 1149.22265625 1149.8427734375 1146.8374023438 1145.9228515625 1145.8575439453 1147.2767333984 1142.4400634766 1142.4052734375 1149.4384765625 1147.2315673828 1146.1583251953 1147.7091064453 1146.6437988281 1145.8602294922 1146.7059326172 1147.1834716797 1146.2438964844 1147.4420166016 1159.6220703125 1164.9982910156 1178.2330322266 1182.6606445312 1180.4188232422 1185.2862548828 1181.9602050781 1181.8937988281 1154.4403076172 1143.3586425781 1141.43359375 1138.0244140625 1134.8275146484 1123.5932617188 1120.8424072266 1117.4271240234 1114.7426757812 1113.0179443359 1110.4091796875 1114.6602783203 1112.7376708984 1106.9853515625 1088.3291015625 1084.1655273438 1082.5989990234
1160.1983642578 1161.6016845703 1148.4752197266 1148.8806152344 1149.5334472656 1149.2479248047 1147.1179199219 1146.4239501953 1147.8062744141 1144.5257568359 1142.2939453125 1145.4611816406 1148.8137207031 1146.4898681641 1146.6163330078 1147.5434570312 1144.9085693359 1144.3630371094 1148.7420654297 1148.5207519531 1145.3096923828 1155.0551757812 1172.6839599609 1180.71484375 1188.8885498047 1187.3197021484 1182.1921386719 1175.5012207031 1181.4465332031 1172.9893798828 1150.6209716797 1143.1365966797 1138.9332275391 1135.6374511719 1130.9836425781 1125.4364013672 1120.3587646484 1117.5700683594 1116.2172851562 1115.9473876953 1114.5596923828 1115.0046386719 1113.3685302734 1105.0014648438 1088.3646240234 1085.1884765625 1082.9609375
1160.3980712891 1154.2550048828 1149.3240966797 1149.3962402344 1149.3498535156 1148.9222412109 1148.0061035156 1147.1915283203 1148.4506835938 1144.1638183594 1150.6961669922 1147.0324707031 1146.9647216797 1146.8209228516 1145.6828613281 1146.4057617188 1147.1186523438 1146.287109375 1148.9206542969 1147.6602783203 1146.5363769531 1157.2078857422 1174.5571289062 1181.9395751953 1186.5875244141 1181.9089355469 1172.4420166016 1167.7713623047 1165.5506591797 1160.8316650391 1147.4978027344 1142.8045654297 1136.3638916016 1132.5512695312 1127.9260253906 1123.0905761719 1119.1005859375 1116.5438232422 1114.3742675781 1118.5496826172 1115.6614990234 1115.7866210938 1114.2131347656 1102.9436035156 1092.0842285156 1086.4713134766 1084.1337890625
1161.7728271484 1152.8454589844 1150.4311523438 1149.9401855469 1149.9832763672 1148.0745849609 1146.8511962891 1148.123046875 1148.1717529297 1148.0738525391 1146.5422363281 1147.7517089844 1147.3052978516 1145.0556640625 1146.4656982422 1145.4655761719 1144.4925537109 1145.9331054688 1147.5793457031 1148.2270507812 1146.3728027344 1155.0148925781 1167.0563964844 1178.4271240234 1182.1687011719 1177.2899169922 1179.4078369141 1166.1373291016 1166.6412353516 1156.4520263672 1146.6529541016 1141.7371826172 1136.6905517578 1132.2769775391 1126.703125 1122.6396484375 1120.3382568359 1118.0037841797 1115.7095947266 1116.9898681641 1117.9985351562 1117.4191894531 1114.6707763672 1098.2142333984 1092.7994384766 1091.7514648438 1079.7945556641
