models/elk/data/raw/lf_surfaces/Topography.grd
DSAA
223 356
2598094.4102888 2744614.4102888
234954.12730517 469254.12730517
801.44354248047 1549.4270019531
[rows 231 to 251 of 356, columns 94 to 140 of 223]
1143.6105957031 1145.3492431641 1142.0269775391 1139.2084960938 1135.6588134766 1125.1895751953 1119.0831298828 1115.5347900391 1112.0240478516 1111.0461425781 1104.6538085938 1098.3955078125 1091.9116210938 1086.8441162109 1081.6784667969 1077.271484375 1072.5125732422 1065.7253417969 1062.2041015625 1056.8055419922 1049.7575683594 1040.7951660156 1037.6538085938 1035.0991210938 1032.6940917969 1030.5333251953 1029.3779296875 1026.9820556641 1024.7109375 1022.6818847656 1021.6693725586 1021.47265625 1018.584777832 1018.4783325195 1016.2747802734 1014.6895141602 1014.1498413086 1010.4652709961 1007.729309082 1001.7850952148 995.98333740234 991.08215332031 984.06011962891 981.05908203125 972.619140625 969.15960693359 966.72552490234
1146.6538085938 1144.9973144531 1138.6981201172 1134.7834472656 1130.7470703125 1120.1295166016 1117.1528320312 1112.5487060547 1109.169921875 1108.3308105469 1102.6616210938 1098.0966796875 1089.994140625 1083.4603271484 1078.5869140625 1073.7528076172 1070.7385253906 1065.3820800781 1060.07421875 1053.7003173828 1043.9954833984 1038.3474121094 1036.2283935547 1033.8389892578 1031.5565185547 1029.6649169922 1027.9400634766 1026.0395507812 1023.2418823242 1021.7630004883 1021.6636962891 1020.4067382812 1019.3414916992 1017.6219482422 1015.7010498047 1013.9081420898 1011.7695922852 1007.8756103516 1008.1970214844 1002.3451538086 993.36871337891 987.43609619141 985.53454589844 975.00280761719 969.66247558594 967.61767578125 966.05706787109
1148.5383300781 1145.3060302734 1138.1337890625 1135.7259521484 1128.0590820312 1117.6160888672 1114.6595458984 1110.6053466797 1106.8211669922 1102.9541015625 1100.0618896484 1092.9534912109 1085.1141357422 1080.9666748047 1077.8218994141 1071.8088378906 1068.2244873047 1063.3341064453 1056.6573486328 1049.3402099609 1040.3155517578 1036.7493896484 1034.35546875 1031.7987060547 1030.4940185547 1028.912109375 1026.4761962891 1025.2139892578 1022.4951782227 1020.4965209961 1020.424987793 1020.6635131836 1018.4390258789 1016.7416381836 1014.614074707 1012.4201049805 1010.5932006836 1007.4987792969 1001.291015625 992.10089111328 981.30432128906 985.43450927734 977.05395507812 972.82965087891 969.63037109375 968.55645751953 965.05242919922
1151.1077880859 1142.2580566406 1136.1608886719 1133.8601074219 1123.3231201172 1117.5787353516 1113.4195556641 1108.6069335938 1104.2763671875 1099.2563476562 1094.6010742188 1090.2813720703 1083.5747070312 1078.9500732422 1074.3034667969 1069.2019042969 1064.7418212891 1058.9582519531 1052.1278076172 1044.08203125 1038.6638183594 1034.5601806641 1033.2276611328 1031.1672363281 1029.2445068359 1027.4510498047 1025.5570068359 1023.3216552734 1020.9820556641 1019.2529296875 1020.3089599609 1019.3941650391 1017.7220458984 1015.4407958984 1013.3729858398 1012.4837646484 1008.8569946289 1004.7680053711 995.70288085938 985.82647705078 990.68853759766 978.03930664062 974.42999267578 971.00750732422 967.71453857422 965.57067871094 963.74145507812
1149.9323730469 1139.5686035156 1133.5251464844 1127.3721923828 1119.0377197266 1116.2858886719 1110.2249755859 1105.4910888672 1100.9927978516 1097.9041748047 1093.5565185547 1086.7941894531 1080.6199951172 1075.9788818359 1071.1655273438 1069.3461914062 1061.6959228516 1054.5836181641 1049.7548828125 1040.4807128906 1036.3848876953 1033.7052001953 1031.8489990234 1029.5418701172 1029.0715332031 1025.9854736328 1023.6128540039 1022.2858886719 1019.6868896484 1018.6344604492 1018.7380981445 1018.2600708008 1015.5496826172 1013.4808349609 1011.5455932617 1011.8096313477 1003.4866333008 998.73394775391 988.01544189453 986.02239990234 985.02770996094 979.43731689453 973.15209960938 969.83843994141 966.22113037109 965.23840332031 964.00299072266
1144.0561523438 1140.6906738281 1134.8745117188 1125.7143554688 1117.916015625 1113.0278320312 1109.0871582031 1105.1041259766 1099.2908935547 1096.3885498047 1091.2570800781 1084.5213623047 1077.1014404297 1073.8516845703 1071.064453125 1066.3395996094 1060.2683105469 1054.0926513672 1046.1577148438 1037.888671875 1035.0333251953 1032.8830566406 1031.1008300781 1029.7073974609 1027.9934082031 1025.1229248047 1022.637878418 1020.8459472656 1018.2077636719 1017.9254760742 1019.0601196289 1015.9987182617 1012.2025146484 1011.5747680664 1010.1657714844 1013.0313720703 1004.9708862305 992.33996582031 985.28625488281 985.47155761719 985.43328857422 973.013671875 970.01654052734 967.94848632812 965.36822509766 963.9228515625 962.73571777344
1140.9117431641 1136.9819335938 1129.5026855469 1121.6312255859 1115.8942871094 1111.0775146484 1106.791015625 1102.4069824219 1099.1691894531 1092.6437988281 1087.6710205078 1081.0637207031 1074.9609375 1071.7542724609 1068.5416259766 1061.2175292969 1054.9134521484 1051.2174072266 1042.2268066406 1036.5668945312 1034.1513671875 1031.8806152344 1031.12890625 1029.1031494141 1027.4349365234 1024.0139160156 1022.1323242188 1019.577331543 1017.4954833984 1014.7808837891 1018.0471191406 1015.7393188477 1012.3209838867 1006.7520751953 1008.7721557617 1004.9314575195 998.94879150391 987.26483154297 987.26879882812 987.22827148438 978.04907226562 971.50598144531 967.84820556641 965.22912597656 963.86212158203 964.51049804688 961.51776123047
1139.8154296875 1135.0894775391 1126.3277587891 1117.8322753906 1114.970703125 1109.4884033203 1105.1446533203 1100.3854980469 1094.9151611328 1090.5769042969 1084.822265625 1078.2628173828 1074.0670166016 1071.3470458984 1064.2008056641 1058.5357666016 1053.2624511719 1045.4278564453 1039.8254394531 1035.0866699219 1032.86328125 1031.5113525391 1029.8201904297 1028.0452880859 1025.8394775391 1023.7941894531 1020.803527832 1019.2390136719 1018.8101806641 1017.3397827148 1015.6029663086 1012.3545532227 1007.9118652344 1008.8571777344 1009.5068359375 1003.5760498047 992.84185791016 988.10894775391 989.73553466797 981.86926269531 972.13433837891 970.56201171875 965.06671142578 964.38793945312 963.31475830078 961.79962158203 960.70574951172
1139.9865722656 1130.1964111328 1122.8665771484 1116.7315673828 1111.3588867188 1106.6721191406 1101.8050537109 1097.2940673828 1091.7780761719 1087.7973632812 1081.1381835938 1077.0701904297 1071.2769775391 1065.4468994141 1059.8343505859 1055.4019775391 1050.4761962891 1043.0887451172 1038.1796875 1034.3830566406 1031.6248779297 1029.6634521484 1028.4837646484 1026.7969970703 1025.1741943359 1022.3682250977 1019.2538452148 1018.2849121094 1017.5492553711 1017.7654418945 1016.8908081055 1013.783203125 1011.7258911133 1006.7935180664 1002.1732788086 998.06561279297 989.52764892578 989.63116455078 980.97766113281 974.64123535156 972.04437255859 967.26751708984 964.28784179688 963.31420898438 962.45062255859 961.25323486328 959.85125732422
1136.6982421875 1126.8807373047 1118.9172363281 1116.3905029297 1111.3865966797 1106.6676025391 1100.4958496094 1095.1091308594 1088.8878173828 1083.4671630859 1078.9468994141 1076.3968505859 1069.5451660156 1063.9311523438 1059.525390625 1053.9609375 1045.2265625 1039.4453125 1036.3420410156 1032.6069335938 1030.9387207031 1029.7786865234 1027.6547851562 1025.6762695312 1023.8743286133 1019.8400268555 1018.9348144531 1017.5928344727 1016.7185668945 1016.8155517578 1014.8592529297 1012.4783325195 1006.154296875 1007.5057373047 1001.9481811523 989.54351806641 990.35192871094 985.962890625 977.67803955078 972.68634033203 968.65814208984 965.71826171875 963.92541503906 961.96350097656 961.90515136719 959.21398925781 958.31488037109
1136.7005615234 1123.6459960938 1116.4031982422 1112.2862548828 1108.0483398438 1103.302734375 1099.7751464844 1091.7965087891 1086.89453125 1082.0341796875 1078.0174560547 1074.4543457031 1067.1348876953 1062.1809082031 1056.2512207031 1050.2005615234 1041.1447753906 1037.4019775391 1034.4737548828 1032.1856689453 1030.4509277344 1028.9971923828 1026.4501953125 1024.9537353516 1022.7588500977 1020.0432128906 1017.3571777344 1016.80859375 1016.6781616211 1015.5794677734 1013.3626708984 1010.6757202148 1007.1243896484 1012.1137084961 993.71624755859 987.46875 986.38757324219 981.60858154297 973.76831054688 971.22210693359 966.09783935547 964.90051269531 963.70574951172 960.68951416016 959.34185791016 959.65740966797 958.64343261719
1129.6774902344 1119.6096191406 1113.9799804688 1111.3087158203 1104.7376708984 1099.8115234375 1094.8939208984 1088.2114257812 1084.0357666016 1079.9211425781 1074.1533203125 1068.4357910156 1064.3131103516 1056.8968505859 1052.6541748047 1044.8280029297 1038.8585205078 1036.0207519531 1033.798828125 1031.6774902344 1029.6794433594 1027.8112792969 1025.5322265625 1024.7467041016 1021.2968139648 1018.8772583008 1016.7553710938 1015.052734375 1016.0656738281 1014.2664794922 1012.2880859375 1010.5153808594 1010.1486206055 999.32098388672 987.02819824219 987.10211181641 985.29632568359 975.11370849609 972.70123291016 968.84545898438 965.43200683594 963.47497558594 961.19165039062 959.19219970703 958.41333007812 959.40148925781 957.08227539062
1125.9724121094 1117.1722412109 1113.5501708984 1109.8911132812 1104.7896728516 1099.3199462891 1093.0406494141 1087.7320556641 1083.5692138672 1078.4952392578 1073.6311035156 1067.6218261719 1060.1496582031 1055.990234375 1049.4289550781 1041.3029785156 1037.4398193359 1035.4763183594 1033.8289794922 1031.0628662109 1029.3679199219 1026.9499511719 1024.8168945312 1022.9264526367 1020.7240600586 1018.2396240234 1016.1206665039 1016.9986572266 1015.3134155273 1012.2867431641 1009.2083740234 1008.1978759766 1005.3798828125 991.07385253906 986.06188964844 991.55035400391 980.53918457031 974.41693115234 969.38403320312 967.19750976562 965.04675292969 962.67492675781 961.02301025391 958.87438964844 958.80627441406 961.83276367188 953.99548339844
1123.1365966797 1117.3365478516 1111.8552246094 1106.8745117188 1104.1568603516 1098.3436279297 1092.2221679688 1086.5733642578 1081.0279541016 1076.5710449219 1072.310546875 1064.7749023438 1059.6605224609 1053.3143310547 1045.7979736328 1039.5490722656 1036.9754638672 1035.0041503906 1033.9951171875 1030.6042480469 1028.0946044922 1025.6860351562 1023.8657226562 1021.2756958008 1019.1957397461 1016.7677612305 1017.1876831055 1016.0748291016 1013.7800292969 1011.2518310547 1008.5562133789 1011.0589599609 998.40606689453 986.90405273438 991.0771484375 983.08203125 976.33697509766 971.84088134766 968.49639892578 966.29504394531 962.75482177734 961.33349609375 960.13983154297 960.39508056641 959.19830322266 956.43804931641 952.50152587891
1120.5168457031 1115.8215332031 1111.6345214844 1106.8996582031 1100.6280517578 1094.9040527344 1091.0950927734 1084.2097167969 1079.4180908203 1076.3852539062 1070.2961425781 1064.3737792969 1057.5522460938 1051.1550292969 1042.2772216797 1037.7574462891 1035.8546142578 1033.0620117188 1031.8341064453 1030.3439941406 1027.6986083984 1025.3353271484 1022.9578857422 1020.0592651367 1018.231628418 1016.0952758789 1016.7106933594 1015.1060180664 1011.9262084961 1010.7670288086 1010.600769043 1005.8250732422 993.06909179688 988.34600830078 982.40551757812 982.41076660156 973.92175292969 970.14703369141 966.79473876953 967.21020507812 964.26458740234 961.99731445312 960.85363769531 958.52117919922 961.43420410156 949.91284179688 948.271484375
1117.2196044922 1112.6782226562 1110.3256835938 1105.7941894531 1098.4249267578 1093.1700439453 1088.6545410156 1082.1033935547 1077.6602783203 1072.9412841797 1067.7862548828 1062.1522216797 1055.4222412109 1049.4420166016 1040.4528808594 1036.5695800781 1033.9588623047 1031.8804931641 1030.7818603516 1029.7365722656 1027.0872802734 1025.8098144531 1022.3131103516 1019.8208007812 1018.2933349609 1017.5218505859 1015.8790283203 1011.2145385742 1009.3104858398 1008.6548461914 1010.6177368164 1001.0647583008 990.43145751953 985.92181396484 985.04803466797 974.91815185547 970.55920410156 968.19232177734 966.12219238281 963.48077392578 962.17358398438 961.79168701172 959.66082763672 959.71447753906 957.0615234375 954.248046875 950.93603515625
1117.2486572266 1111.8842773438 1107.5914306641 1101.4150390625 1097.2390136719 1090.8708496094 1086.4138183594 1079.9353027344 1075.7456054688 1071.7468261719 1064.9688720703 1059.783203125 1052.5013427734 1045.4426269531 1039.2625732422 1035.9713134766 1032.6315917969 1030.501953125 1029.6888427734 1028.6533203125 1026.873046875 1024.4909667969 1021.8568115234 1018.3477783203 1018.0059204102 1016.4818115234 1015.3264160156 1012.4387207031 1010.6201171875 1010.596496582 1005.1584472656 995.36370849609 992.35827636719 984.83154296875 977.40991210938 972.11590576172 969.28521728516 965.88433837891 964.27917480469 962.55230712891 962.11840820312 961.17279052734 958.60803222656 962.01037597656 956.77954101562 953.39294433594 949.13214111328
1113.6685791016 1109.06640625 1105.6752929688 1099.5355224609 1094.4692382812 1089.0974121094 1085.8017578125 1078.4910888672 1074.2264404297 1069.2163085938 1061.8642578125 1055.6650390625 1049.7358398438 1043.2781982422 1038.8836669922 1035.3499755859 1032.5411376953 1031.4274902344 1028.3734130859 1028.0666503906 1025.546875 1021.6911621094 1019.4388427734 1018.188659668 1018.2547607422 1016.4749755859 1014.4306030273 1011.2172851562 1011.7913208008 1012.0586547852 1005.225402832 991.88616943359 986.73413085938 984.33526611328 973.03631591797 970.59906005859 967.55346679688 964.68298339844 963.26129150391 961.88757324219 960.61663818359 960.01635742188 959.66070556641 957.91241455078 953.40380859375 949.97387695312 950.39703369141
1112.2761230469 1107.3507080078 1104.2253417969 1098.5493164062 1091.7181396484 1085.2589111328 1081.7678222656 1075.2307128906 1070.8737792969 1065.7092285156 1060.9895019531 1053.6021728516 1046.4718017578 1040.9273681641 1038.6165771484 1034.2939453125 1032.1635742188 1030.7806396484 1028.1184082031 1027.4118652344 1025.4370117188 1020.3657836914 1019.1531982422 1018.2262573242 1017.6766967773 1014.4650878906 1014.1963500977 1010.5488891602 1011.2919921875 1008.2775268555 1002.7406005859 990.92718505859 985.62756347656 977.82281494141 971.65643310547 969.05902099609 965.86248779297 963.771484375 962.08819580078 961.39892578125 960.15551757812 959.76708984375 959.64013671875 956.24981689453 953.77355957031 949.64239501953 945.72222900391
1111.4084472656 1105.986328125 1102.3507080078 1098.5017089844 1090.8170166016 1084.6295166016 1080.5709228516 1076.4831542969 1070.6253662109 1063.8797607422 1059.5153808594 1051.2708740234 1044.1519775391 1039.3061523438 1036.4158935547 1034.2338867188 1032.4240722656 1030.6522216797 1027.6301269531 1026.0443115234 1022.6240844727 1022.2830810547 1020.4919433594 1018.9282226562 1017.3075561523 1013.7474365234 1012.7288818359 1009.4013061523 1001.3739013672 1006.7439575195 995.08074951172 992.16687011719 986.48040771484 975.17346191406 970.81396484375 967.65576171875 965.05523681641 963.09234619141 961.60986328125 959.91204833984 959.47308349609 958.89764404297 960.46472167969 952.39520263672 949.84893798828 948.04107666016 943.98999023438
1110.0179443359 1104.4910888672 1101.8225097656 1095.2318115234 1088.5048828125 1083.5854492188 1080.099609375 1075.5250244141 1067.8703613281 1061.4879150391 1055.9949951172 1049.9395751953 1041.3682861328 1038.2430419922 1036.0579833984 1034.4332275391 1031.8123779297 1029.0523681641 1025.3620605469 1022.8745117188 1022.9680786133 1020.3441162109 1018.5673217773 1017.6779785156 1014.3054199219 1011.5517578125 1011.6784057617 1011.9170532227 1008.9898071289 1008.3104858398 993.35565185547 987.67706298828 980.10424804688 975.49346923828 970.01983642578 966.17199707031 964.13464355469 962.73712158203 961.31964111328 959.35113525391 960.80114746094 961.03454589844 954.78674316406 954.52032470703 949.11029052734 946.404296875 943.83929443359
